Car -1 -1 -8.1776 763.1707 185.2520 1003.7799 331.3084 1.4428 1.5915 4.1036 3.2170 1.6417 9.5359 -7.8628 7.7977
Car -1 -1 -4.1898 185.1664 182.4622 252.2028 212.5496 1.4502 1.5669 3.4235 -20.3628 1.9739 37.6188 -4.6832 6.1854
Car -1 -1 -4.1984 129.2059 182.3615 209.9865 217.2026 1.4700 1.5630 3.6904 -20.2805 1.9335 33.3294 -4.7417 5.9057
Pedestrian -1 -1 -8.3521 795.1981 164.1976 820.0518 212.9455 1.9036 0.7357 0.6314 7.7764 1.5653 28.5692 -8.0894 0.7522
Pedestrian -1 -1 -3.3121 1143.3480 161.5439 1207.7292 259.2956 1.7194 0.4432 0.8514 10.1840 1.5202 13.0847 -2.6621 0.4628
Car -1 -1 -4.4124 1095.2395 165.3491 1159.3649 198.5747 1.6466 1.6423 3.9307 26.9448 1.2744 37.6039 -3.7947 0.4083
Pedestrian -1 -1 -4.1866 773.9463 169.0075 795.6493 211.6747 1.8396 0.6446 0.7320 7.6124 1.6735 31.5969 -3.9528 0.0027
Car -1 -1 -4.9352 1022.1216 178.3590 1063.9943 202.2581 1.4845 1.5887 3.6587 28.5490 1.8634 47.7178 -4.3991 -0.2185
Car -1 -1 -6.5535 1147.3522 180.9528 1241.0000 215.8355 1.4131 1.5544 3.6287 25.7174 1.7807 31.3358 -5.8713 -1.7659
Car -1 -1 -4.9949 710.9421 164.8290 755.0797 196.2103 2.0734 1.8229 4.4841 8.4287 1.5429 50.0059 -4.8293 -2.0485
Car -1 -1 -7.9115 756.6842 170.8173 796.2654 210.3865 1.7206 1.5599 3.4516 7.5689 1.6317 33.2043 -7.6898 -2.0595
