Car -1 -1 -8.4447 861.8397 191.6742 1241.0000 374.0000 1.4356 1.6822 4.3214 3.4320 1.6289 5.2335 -7.8908 5.9643
Car -1 -1 -4.3584 279.7458 174.2200 322.7610 198.3370 1.5907 1.5743 3.5750 -21.2102 1.6878 49.6205 -4.7607 4.7359
Car -1 -1 -4.3779 304.1544 173.6390 342.9799 196.8716 1.6748 1.5700 3.7038 -21.4252 1.7353 54.0252 -4.7541 1.3040
Pedestrian -1 -1 -5.0198 848.7728 170.7064 870.9178 218.3115 1.6832 0.5344 0.7872 8.9198 1.6070 25.9113 -4.6923 0.0587
Pedestrian -1 -1 -6.5342 895.5238 169.7098 905.1115 211.3442 1.7636 0.4421 0.2765 12.3478 1.6301 30.8001 -6.1567 -0.5525
Pedestrian -1 -1 -7.8045 951.5737 174.8196 970.6584 215.0182 1.6857 0.7014 0.7191 14.9410 1.7706 30.7886 -7.3570 -0.6204
Pedestrian -1 -1 -7.9990 1223.0654 162.6580 1241.0000 209.2235 1.8322 0.6556 0.9502 25.0818 1.4307 28.9672 -7.2907 -0.6490
Pedestrian -1 -1 -6.7549 933.8878 165.1451 964.7216 220.9457 1.8447 0.5057 0.7882 11.2907 1.5896 24.1215 -6.3223 -0.6626
Pedestrian -1 -1 -7.4914 1075.3357 163.5456 1096.2797 204.2966 1.8725 0.5684 0.8068 22.1298 1.4445 33.6217 -6.9136 -0.9924
Car -1 -1 -4.5400 662.5568 175.1416 689.4496 194.0920 1.4978 1.5731 3.8919 5.4589 1.6931 59.6165 -4.4495 -1.8245
Pedestrian -1 -1 -6.8225 915.6046 164.4821 947.4458 222.9063 1.8123 0.4710 0.7826 10.0474 1.5523 22.6649 -6.4105 -1.9176
Car -1 -1 -5.4889 934.3450 176.0121 1005.0560 202.0856 1.4819 1.5922 3.8181 21.6084 1.6813 43.5701 -5.0315 -1.9265
Pedestrian -1 -1 -7.8341 1198.2297 161.0293 1219.4641 208.3209 1.9045 0.6589 0.7882 24.4997 1.4280 29.5708 -7.1474 -1.9393
Car -1 -1 -8.2310 1058.3657 172.6440 1123.5966 201.5658 1.4965 1.6341 3.8675 26.1285 1.4853 39.3932 -7.6491 -2.0536
Car -1 -1 -4.6803 340.8970 179.0812 361.2065 197.3120 1.5134 1.5565 3.6724 -22.6915 2.0760 63.2403 -5.0237 -2.0990
Pedestrian -1 -1 -6.6629 889.9410 169.7981 918.1461 211.7473 1.7477 0.6988 0.9042 12.3426 1.6201 30.4107 -6.2812 -2.1110
