Car -1 -1 -7.8665 582.6096 177.5995 620.1567 216.2919 1.6642 1.6455 4.5377 -0.4817 1.9019 33.8869 -7.8812 6.0253
Car -1 -1 -4.0991 31.1431 181.0390 135.7269 217.0795 1.4406 1.6928 4.0418 -23.0975 1.8240 31.7929 -4.7236 4.8533
Car -1 -1 -4.0809 0.0000 182.7358 33.6233 229.0525 1.4344 1.6467 4.3302 -22.8407 1.8143 25.5303 -4.8056 1.6100
Car -1 -1 -7.9206 986.4136 176.5336 1198.9109 350.1707 1.3886 1.5044 3.4876 4.8448 1.4375 7.7455 -7.3792 -0.4444
Car -1 -1 -7.1420 860.3231 166.6380 936.9364 204.7382 1.9532 1.7215 3.8468 15.4267 1.6342 38.6440 -6.7652 -0.6548
Car -1 -1 -7.9931 641.8255 179.3803 699.5124 227.1089 1.5366 1.5442 3.4591 2.0294 1.7829 25.4882 -7.9153 -0.8773
Car -1 -1 -7.4738 0.0000 157.1091 66.0337 204.3048 2.3738 1.8208 4.3200 -31.1551 1.5816 38.6234 -8.1494 -1.4598
Cyclist -1 -1 -6.1893 862.9863 166.5319 902.9948 206.7437 1.8343 0.6177 1.6920 12.6531 1.5456 33.5599 -5.8321 -1.8373
Cyclist -1 -1 -7.8368 669.2151 175.8438 677.7615 216.2055 1.6721 0.3415 1.6127 2.6743 1.8029 30.8325 -7.7518 -1.8506
Car -1 -1 -4.4455 304.2999 179.7859 333.2166 196.6506 1.4938 1.5618 3.7921 -27.2288 2.1609 67.5043 -4.8278 -2.0393
