Car -1 -1 -1.2737 293.7787 187.9277 456.8333 290.8993 1.4561 1.5655 3.7059 -3.7587 1.5100 12.1151 -1.5746 14.3154
Car -1 -1 -1.7156 661.2368 180.2636 728.5862 228.7730 1.4643 1.6299 3.9309 2.7396 1.3159 23.6838 -1.6004 13.4321
Car -1 -1 -1.7248 713.7699 189.9855 841.6563 286.6123 1.3727 1.5499 3.3304 2.6561 1.4654 12.0874 -1.5085 12.6363
Car -1 -1 -1.4108 453.9265 175.5277 519.7796 229.0127 1.6054 1.5716 3.4693 -3.8835 1.3158 23.3122 -1.5759 11.2560
Car -1 -1 -1.1601 189.5167 180.9973 334.1682 252.1942 1.5197 1.6118 4.1724 -8.2327 1.4308 17.4499 -1.6010 10.6989
Car -1 -1 -1.5747 585.7341 176.3919 613.0019 202.1975 1.5628 1.6518 3.9299 -0.5659 1.0296 45.5093 -1.5872 7.4015
Car -1 -1 -1.3941 484.4427 178.4408 537.3763 216.8360 1.5604 1.6180 3.8836 -4.1674 1.2862 31.1859 -1.5270 6.7333
Car -1 -1 1.8400 392.4394 176.7287 451.4706 213.3847 1.5846 1.6403 3.9308 -8.4978 1.2189 33.0520 1.5884 6.4034
Car -1 -1 -1.6653 639.3585 179.1368 671.3774 204.1991 1.4996 1.6396 3.7725 2.9091 1.1370 44.9178 -1.6006 6.1909
Car -1 -1 -0.7720 0.0000 191.0916 69.9151 374.0000 1.5122 1.7166 4.6941 -7.7530 1.5892 6.8995 -1.6156 4.9208
Car -1 -1 -1.5499 624.4049 178.5108 645.8782 197.9282 1.4422 1.5757 3.6443 2.1149 0.9453 55.2527 -1.5116 4.2555
Car -1 -1 -1.3451 463.9116 168.2202 498.6501 190.5625 1.5276 1.6035 3.8976 -8.9712 0.3667 51.1349 -1.5187 2.3625
Car -1 -1 -1.4777 572.8971 178.5387 596.8890 197.6811 1.4710 1.5689 3.7245 -1.8025 0.9590 57.1438 -1.5093 0.4420
Car -1 -1 -1.4216 508.1305 180.0733 545.8348 207.6734 1.5452 1.6299 3.9850 -4.7248 1.2585 42.2642 -1.5330 -0.1716
Car -1 -1 -1.5219 529.9044 179.3961 553.9800 200.1986 1.4817 1.5887 3.8560 -4.8525 1.0683 53.1565 -1.6130 -0.7453
Car -1 -1 -1.6560 644.5200 166.5722 664.6346 182.7329 1.4791 1.5782 3.8947 4.4190 -0.2417 68.3542 -1.5914 -0.8367
Car -1 -1 -1.5165 442.4520 175.2161 473.1173 201.2444 1.4690 1.5796 3.6767 -8.8536 0.9058 42.5042 -1.7218 -1.3163
