Car -1 -1 -1.2314 239.5973 191.8756 443.7365 314.0698 1.4564 1.5915 3.9218 -3.7510 1.5753 10.7418 -1.5674 14.6430
Car -1 -1 -1.7875 698.9537 189.8656 808.7724 267.5414 1.4316 1.5466 3.3634 2.9053 1.5418 15.1510 -1.5981 14.1507
Car -1 -1 -1.3968 438.8360 181.8068 512.4704 240.6517 1.5849 1.5587 3.3594 -3.8246 1.4942 21.0415 -1.5766 13.8967
Car -1 -1 -1.6970 650.5297 182.4184 703.1436 220.0655 1.4465 1.6425 4.1081 2.7435 1.3402 29.6982 -1.6049 12.5289
Car -1 -1 -0.9572 0.0000 187.8177 195.2028 313.3943 1.5262 1.5742 3.9696 -8.1416 1.5738 10.8246 -1.6020 11.9134
Car -1 -1 -1.2910 380.1475 184.3790 443.3589 219.7771 1.4229 1.5892 3.9484 -8.3697 1.3904 30.8780 -1.5557 10.4499
Car -1 -1 -1.3911 478.3017 181.0498 536.0127 221.2174 1.5276 1.6356 4.0653 -4.0717 1.3703 29.4006 -1.5288 9.1352
Car -1 -1 -1.6356 584.4016 180.8212 609.5439 201.4921 1.4671 1.6079 3.7112 -0.8437 1.1563 52.9315 -1.6516 6.1187
Car -1 -1 1.5200 622.1363 180.6241 645.3152 199.4844 1.4850 1.6746 4.1863 2.0733 1.1246 58.7008 1.5553 5.3504
Car -1 -1 -1.4213 457.4885 171.0774 489.7051 193.3030 1.4508 1.5950 3.8813 -9.1021 0.5290 48.8877 -1.6053 4.0688
Car -1 -1 1.6019 531.1962 179.4820 554.2748 200.5991 1.4620 1.5363 3.9167 -4.6699 1.0662 51.7664 1.5120 2.2666
Car -1 -1 2.1625 55.0832 151.4362 165.3434 197.9944 1.8964 1.7943 4.4467 -21.6748 0.5216 31.5087 1.5600 2.1781
Car -1 -1 1.7145 507.4000 177.7784 544.7172 206.5631 1.5245 1.5637 3.5669 -4.5153 1.1317 39.8754 1.6017 -0.4205
Car -1 -1 1.6399 573.8900 179.1579 595.8330 197.8681 1.5478 1.6116 3.8916 -1.9394 1.0478 61.4378 1.6083 -0.5123
Car -1 -1 1.5421 656.0885 163.4384 677.2981 184.0861 1.6867 1.6702 4.2185 4.9664 -0.0983 61.1049 1.6232 -0.5163
Car -1 -1 1.6136 542.1152 176.4067 562.1254 194.7174 1.4959 1.5222 3.8644 -4.6817 0.7774 60.6787 1.5366 -0.6654
Car -1 -1 2.2116 49.6190 156.5727 115.2277 179.3621 1.4741 1.5860 3.9783 -36.1212 -0.4184 49.5186 1.5814 -2.1266
