Car -1 -1 -1.2467 256.4425 192.0864 444.1678 307.9828 1.4341 1.5595 3.6852 -3.7356 1.5576 10.9564 -1.5753 15.5679
Car -1 -1 -0.9908 0.0000 185.2028 213.5851 301.0540 1.5446 1.5706 3.7761 -8.1227 1.5456 11.4950 -1.6060 13.1036
Car -1 -1 -1.3948 438.4107 180.7903 512.7474 238.1360 1.5733 1.5963 3.4674 -3.8990 1.4530 21.4551 -1.5746 12.9132
Car -1 -1 -1.6872 651.5252 180.9951 705.0735 220.3263 1.4570 1.6496 4.0361 2.7010 1.3017 28.6612 -1.5932 12.5803
Car -1 -1 -1.7647 701.9587 190.9334 814.7736 268.6706 1.3767 1.5708 3.5629 2.9074 1.5096 14.7712 -1.5704 12.4749
Car -1 -1 -1.4146 479.5347 180.8394 533.7663 219.9534 1.4998 1.6098 3.9644 -4.1201 1.3331 29.5559 -1.5531 9.3270
Car -1 -1 -1.2801 379.7731 182.5810 442.1438 219.9833 1.5133 1.5898 3.7229 -8.4332 1.4078 30.9620 -1.5461 9.2205
Car -1 -1 -1.5953 584.8656 179.1047 608.7456 200.8483 1.5255 1.6380 4.0341 -0.8512 1.0979 52.4784 -1.6115 5.7414
Car -1 -1 -1.4123 456.9644 169.7192 489.4659 191.7570 1.4520 1.5981 3.9026 -9.2103 0.4321 49.3318 -1.5969 4.7282
Car -1 -1 -1.4686 504.8855 181.3911 539.0760 208.6357 1.4604 1.5497 3.5758 -4.7983 1.2566 40.3304 -1.5870 4.0673
Car -1 -1 -1.6547 621.8389 180.9269 646.0372 200.4393 1.4948 1.6070 3.6824 2.0285 1.1674 56.9427 -1.6191 3.5560
Car -1 -1 1.6137 529.2228 179.0540 553.6087 200.1499 1.4747 1.6000 3.9332 -4.8074 1.0451 52.2506 1.5219 2.8282
Car -1 -1 -1.5642 575.9344 180.5797 594.8818 198.4096 1.4713 1.5633 3.7884 -1.9042 1.0898 61.2263 -1.5953 1.7811
Car -1 -1 -1.1771 263.6744 183.8143 370.5722 241.9307 1.5173 1.5840 3.5561 -8.2231 1.4818 20.5521 -1.5577 1.5212
Car -1 -1 -1.3184 430.7435 179.9385 475.4479 207.1079 1.4722 1.5780 3.8419 -8.7699 1.1874 40.9013 -1.5296 0.5450
Car -1 -1 -1.6220 652.0791 166.6273 673.0354 185.8726 1.6069 1.6007 3.8569 4.6845 0.0560 61.9667 -1.5465 -0.8303
