Car -1 -1 -1.2832 312.4037 182.8207 465.6666 283.2395 1.5391 1.6074 3.7242 -3.7711 1.5035 12.8782 -1.5680 15.1819
Car -1 -1 -1.6830 706.9793 188.2726 829.9559 291.6256 1.4369 1.5507 3.4891 2.4572 1.4964 11.9053 -1.4795 13.2591
Car -1 -1 -1.7257 660.0008 177.6702 730.3950 228.8968 1.5201 1.6453 4.0338 2.7052 1.2974 23.3761 -1.6105 12.1255
Car -1 -1 -1.4301 457.6118 176.1219 520.0826 228.0532 1.5986 1.5741 3.4760 -3.9156 1.3198 23.8797 -1.5926 11.9149
Car -1 -1 -1.1701 236.7229 178.8801 357.6283 243.0522 1.5527 1.6141 3.7967 -8.2205 1.4005 19.2891 -1.5729 10.7992
Car -1 -1 -0.8661 0.0000 194.4045 123.6012 361.4940 1.4432 1.5660 3.9693 -7.7981 1.5781 8.4421 -1.6119 8.4532
Car -1 -1 -1.6049 583.3849 176.0027 613.8679 204.0674 1.6078 1.6864 4.0953 -0.6181 1.0812 43.2661 -1.6192 7.4334
Car -1 -1 -1.4111 484.3799 177.7778 535.1465 215.7294 1.5714 1.6262 3.8558 -4.2907 1.2646 31.7087 -1.5456 6.7352
Car -1 -1 -1.3160 403.1095 179.6787 457.0374 212.1465 1.4770 1.5766 3.9685 -8.5350 1.2263 34.6934 -1.5572 6.6225
Car -1 -1 -1.6462 641.3132 177.8924 673.0817 204.2377 1.4956 1.6020 3.6387 2.8658 1.0810 42.6313 -1.5791 6.4202
Car -1 -1 -1.5883 622.9435 177.6524 645.9028 198.2587 1.4459 1.5985 3.7288 1.8920 0.9164 52.3172 -1.5522 4.1783
Car -1 -1 -1.3603 462.3332 168.4507 496.2824 190.3232 1.5196 1.6172 3.9997 -9.2588 0.3560 51.9657 -1.5366 2.6369
Car -1 -1 1.6051 531.0372 176.1446 554.1989 196.6449 1.4819 1.6009 3.8826 -4.8740 0.8273 53.9429 1.5150 1.2122
Car -1 -1 -1.4419 506.6964 179.0879 541.3481 205.4513 1.5055 1.5893 3.7402 -4.9822 1.1567 42.9273 -1.5574 0.8820
Car -1 -1 -1.5090 576.5622 177.8729 600.1174 197.7139 1.4676 1.5771 3.7575 -1.4741 0.9256 55.0747 -1.5358 0.6992
Car -1 -1 -1.7435 694.3553 163.7984 731.3400 189.5497 1.4925 1.5817 3.7938 6.2975 0.2523 43.5790 -1.6000 -0.4501
