Car -1 -1 -1.2701 269.9993 187.5964 447.2372 297.3125 1.4266 1.5442 3.7958 -3.7461 1.4716 11.3380 -1.5892 14.3432
Car -1 -1 -1.0615 59.8683 180.9618 266.9432 276.5698 1.5529 1.6276 3.8814 -8.1986 1.4850 13.6380 -1.6028 14.0868
Car -1 -1 -1.7663 710.1330 188.7732 830.8861 274.3997 1.3915 1.5496 3.3464 2.8669 1.4678 13.5014 -1.5571 12.9798
Car -1 -1 -1.3984 445.1574 178.5192 515.7881 233.1074 1.5557 1.5769 3.4564 -3.8912 1.3660 22.2121 -1.5719 12.2878
Car -1 -1 -1.7075 654.9956 178.4811 716.4938 224.4576 1.5339 1.6564 4.0526 2.6996 1.3103 26.0315 -1.6042 12.1461
Car -1 -1 -1.2824 381.1742 179.9596 444.5558 215.8568 1.4661 1.5915 4.0199 -8.4575 1.2526 31.3850 -1.5457 8.7204
Car -1 -1 -1.4192 480.7678 178.0514 534.5367 218.4817 1.5801 1.6481 3.9625 -4.1526 1.3013 30.0843 -1.5564 7.1920
Car -1 -1 -1.6029 585.2566 177.2913 610.4677 200.0451 1.5218 1.6284 3.6426 -0.7393 0.9929 49.9317 -1.6177 6.8795
Car -1 -1 -1.6443 628.5003 179.8270 654.6323 200.4799 1.4348 1.6014 3.8072 2.3859 1.0615 51.8603 -1.5983 6.5801
Car -1 -1 -1.3776 459.7415 166.7988 493.1979 188.7768 1.4661 1.5718 3.8725 -9.0895 0.2387 49.8971 -1.5578 3.8750
Car -1 -1 -1.4765 507.4949 177.7096 540.3872 204.2539 1.4497 1.5460 3.4673 -4.7692 1.0409 41.0051 -1.5923 3.0466
Car -1 -1 -1.3676 432.9070 176.2250 473.8740 202.7152 1.4655 1.5857 3.8188 -8.9242 0.9693 41.6818 -1.5786 2.3870
Car -1 -1 -1.5481 529.3872 179.4134 552.0662 200.1906 1.4642 1.5692 3.7962 -4.8933 1.0564 52.6037 -1.6409 1.8266
Car -1 -1 -1.6142 306.3077 179.6303 370.6646 236.4368 1.5270 1.6110 3.8127 -8.1205 1.3780 21.3887 -1.9770 -0.3388
Car -1 -1 1.7511 434.8164 165.4087 462.8905 183.8051 1.4671 1.5953 3.9387 -13.1560 -0.1198 59.6292 1.5339 -0.5017
Car -1 -1 -1.4513 575.1069 177.2824 599.7022 195.8819 1.4966 1.5844 4.0080 -1.6763 0.8594 59.9086 -1.4793 -1.2600
