Car -1 -1 -1.3116 340.9317 184.0985 473.2097 271.9130 1.4878 1.5804 3.6393 -3.7904 1.4700 13.9991 -1.5760 14.0471
Car -1 -1 -0.9363 0.0000 191.3728 180.0222 326.3612 1.4482 1.5986 3.9003 -7.8288 1.5508 9.8666 -1.6070 12.1213
Car -1 -1 -1.2302 275.0827 178.2293 381.9686 236.8695 1.5815 1.6565 4.2155 -8.2424 1.3942 21.5120 -1.5961 11.6430
Car -1 -1 -1.4224 462.6619 175.9939 523.1157 225.7130 1.5808 1.5487 3.4381 -3.8960 1.2887 24.5778 -1.5796 11.0705
Car -1 -1 -1.6281 694.8348 187.9498 805.4986 289.7444 1.4273 1.5550 3.4333 2.1868 1.4808 11.9712 -1.4475 10.7835
Car -1 -1 -1.7192 662.4673 177.5066 730.6177 228.8795 1.5260 1.6007 4.0059 2.7523 1.2981 23.3761 -1.6020 10.6649
Car -1 -1 -1.6045 585.2007 176.3813 616.7493 205.3133 1.5748 1.6666 3.7401 -0.4550 1.0950 41.0290 -1.6156 6.5348
Car -1 -1 -1.4090 487.3628 178.0443 537.5025 214.8058 1.5729 1.6464 3.9741 -4.3111 1.2672 32.7646 -1.5398 6.1959
Car -1 -1 -1.7038 640.5737 178.1206 677.6113 206.0917 1.5181 1.6077 3.7870 2.8496 1.1342 40.9521 -1.6343 6.1388
Car -1 -1 -1.3908 466.8031 164.3445 497.7976 185.2297 1.4818 1.5627 3.9961 -9.2261 0.0021 53.0021 -1.5631 3.5418
Car -1 -1 -1.4380 511.2946 178.7353 545.5219 203.9920 1.4783 1.5893 3.8468 -4.8388 1.1002 44.0138 -1.5475 2.8747
Car -1 -1 -1.5382 625.3705 178.3459 650.0064 200.1501 1.4569 1.5905 3.8138 2.0924 0.9990 49.9879 -1.4964 2.7714
Car -1 -1 1.8096 413.6026 171.5518 464.5870 205.8834 1.6632 1.6482 3.9765 -8.6000 1.0024 36.8173 1.5801 2.4231
Car -1 -1 1.6085 535.0170 175.1132 557.8672 195.2093 1.4794 1.5936 3.9693 -4.6707 0.7368 54.9344 1.5237 1.5796
Car -1 -1 -1.5472 576.2184 177.4098 598.3556 197.8696 1.4692 1.5615 3.6861 -1.5121 0.9098 53.4629 -1.5755 0.4667
Car -1 -1 -1.7019 687.6312 165.0205 720.9079 190.0774 1.5328 1.5980 3.9385 6.0988 0.2985 45.9396 -1.5700 -0.1465
