Car -1 -1 -1.3860 428.7132 186.8248 501.4022 238.4474 1.4160 1.5245 3.4661 -4.2361 1.4693 21.5623 -1.5800 14.4065
Car -1 -1 -1.2082 201.5346 190.1358 413.8767 317.8423 1.5029 1.5829 3.7447 -4.1515 1.5888 10.4849 -1.5852 14.1495
Car -1 -1 -0.8727 0.0000 198.8894 152.2692 342.9445 1.4536 1.5828 4.0541 -8.2433 1.6773 9.6689 -1.5787 11.6720
Car -1 -1 -2.1236 862.7430 189.6727 1241.0000 374.0000 1.5609 1.5573 3.6419 3.2040 1.6054 5.1737 -1.5691 10.9040
Car -1 -1 -1.4265 479.8882 185.8387 532.1038 224.9390 1.4591 1.5538 3.6681 -4.0368 1.4867 28.7185 -1.5661 9.8353
Car -1 -1 -1.5926 593.1799 181.8544 631.1975 218.3366 1.5560 1.6227 3.3792 0.1232 1.4138 32.3600 -1.5888 9.7872
Car -1 -1 -1.1050 147.2852 171.7989 316.0621 262.6823 1.8176 1.6948 4.2087 -8.4247 1.5504 16.4831 -1.5775 9.6072
Car -1 -1 -1.6324 634.2972 183.7818 661.2791 205.3503 1.4448 1.6247 4.0957 2.7371 1.3499 50.2041 -1.5779 6.4997
Car -1 -1 -1.4048 409.2438 183.8095 459.6042 217.8722 1.4708 1.6299 3.8830 -7.9294 1.4112 33.0298 -1.6404 6.2776
Car -1 -1 -1.5348 581.0024 185.4388 610.1323 212.0824 1.4504 1.5351 3.5113 -0.6867 1.4648 40.9296 -1.5516 2.0803
Car -1 -1 1.6641 527.1377 183.3479 556.3103 206.5431 1.5199 1.6207 3.9980 -4.4914 1.3986 49.0998 1.5729 1.7506
Car -1 -1 -1.3634 435.7933 171.3217 476.0144 197.6665 1.5298 1.6171 3.9406 -9.2045 0.7241 43.7091 -1.5710 1.3180
Car -1 -1 -1.2237 299.2953 165.5215 404.4461 230.3385 1.9713 1.8230 4.7374 -8.4971 1.3735 24.2367 -1.5609 0.9226
Car -1 -1 -1.2553 428.3949 169.8449 464.5988 189.8594 1.5236 1.6255 4.0201 -12.7094 0.3546 56.7990 -1.4755 -0.2860
Car -1 -1 1.7256 486.0828 175.6377 508.3049 191.0720 1.4688 1.5861 3.7795 -10.7884 0.5585 70.2987 1.5733 -1.1087
Car -1 -1 1.7610 474.6461 180.4265 502.9526 199.0920 1.4795 1.5942 3.8353 -9.7260 1.1010 58.9126 1.5974 -1.7209
Car -1 -1 -1.6494 674.8863 181.4094 703.6496 205.0745 1.5556 1.6423 3.9993 5.5259 1.3065 49.2751 -1.5377 -1.9317
