Car -1 -1 -1.2510 271.0819 183.9624 437.3008 288.4404 1.4869 1.5419 3.5907 -4.0863 1.4702 12.0280 -1.5785 14.2574
Car -1 -1 -0.9970 0.0000 184.7790 234.2531 287.5493 1.4647 1.5723 3.9486 -8.1906 1.4596 12.2286 -1.5872 13.8011
Car -1 -1 -1.4122 454.0385 183.1587 516.5534 226.9180 1.3772 1.5510 3.5354 -4.1200 1.3136 24.3945 -1.5796 10.7949
Car -1 -1 -1.1719 238.8620 166.3331 365.3376 239.4204 1.8119 1.7006 4.2364 -8.3375 1.3449 19.9383 -1.5679 9.9117
Car -1 -1 -1.6009 596.8868 177.5824 633.1917 211.3795 1.5384 1.6266 3.5187 0.2727 1.1921 34.4949 -1.5930 9.8901
Car -1 -1 -1.6511 645.6366 178.1930 677.2168 203.4062 1.4226 1.5709 3.4935 3.0942 1.0275 42.3099 -1.5781 9.3962
Car -1 -1 -1.4593 502.2674 179.5824 544.7639 212.7032 1.4580 1.5630 3.7305 -3.9058 1.2112 33.5099 -1.5753 8.3350
Car -1 -1 -1.3958 425.8840 177.8428 474.5217 212.0511 1.5780 1.6525 4.0119 -7.6775 1.2390 35.1928 -1.6106 6.1828
Car -1 -1 -1.3637 449.3827 167.0786 487.2467 191.1137 1.4807 1.6109 3.9788 -8.9502 0.3645 46.2831 -1.5548 2.8794
Car -1 -1 -1.6064 584.4417 179.1967 614.6000 205.1345 1.4610 1.6369 3.8061 -0.5518 1.1231 42.4280 -1.6194 1.8022
Car -1 -1 -1.6709 530.4641 177.5883 556.6843 197.9220 1.4674 1.5824 3.7719 -4.8592 0.9181 53.8740 -1.7609 0.7269
Car -1 -1 1.8373 360.4810 180.9388 429.2395 221.8323 1.4781 1.6124 3.7993 -8.2089 1.3247 27.8948 1.5510 0.4959
Car -1 -1 1.6545 485.9436 175.9549 508.1168 193.3359 1.4730 1.6042 3.8361 -9.6669 0.6893 62.8840 1.5019 0.1728
Car -1 -1 2.3026 752.1033 167.2628 815.4443 192.9208 1.4510 1.5618 3.6848 10.3567 0.4369 42.3314 2.5425 -1.7718
