Car -1 -1 -1.2292 247.3112 185.5132 432.2574 297.7104 1.5074 1.5787 3.7450 -4.1122 1.5141 11.5372 -1.5716 13.7814
Car -1 -1 -0.9676 0.0000 186.9431 210.8202 296.2955 1.4536 1.5861 3.7332 -8.1964 1.4869 11.4905 -1.5872 12.8201
Car -1 -1 -1.3903 447.8168 182.9220 513.1782 228.4425 1.3848 1.5112 3.4847 -4.1432 1.3161 23.6121 -1.5640 12.7436
Car -1 -1 -1.5859 596.4897 176.3780 632.7460 211.8143 1.5819 1.6190 3.6494 0.2580 1.1885 33.9168 -1.5783 9.9013
Car -1 -1 -1.3449 420.0165 179.1143 477.1363 214.3523 1.5931 1.7217 4.5409 -7.6437 1.3184 34.7735 -1.5612 8.0456
Car -1 -1 -1.6588 641.3100 179.4681 671.9511 203.0929 1.4104 1.5869 3.5669 2.9777 1.0684 44.7132 -1.5923 7.9808
Car -1 -1 -1.1259 218.2579 169.7290 355.7222 240.4394 1.6535 1.6711 4.1241 -8.2827 1.2925 18.8931 -1.5391 7.7225
Car -1 -1 -1.4692 498.8808 181.4751 543.3995 215.6945 1.4426 1.6062 3.7725 -3.8562 1.2860 32.2008 -1.5884 6.8225
Car -1 -1 -1.3963 447.2531 165.6733 483.5626 189.6929 1.4511 1.6082 3.8294 -8.9578 0.2716 45.3562 -1.5913 4.6471
Car -1 -1 -1.2700 348.0173 178.8324 423.7799 223.9151 1.5570 1.6181 3.8676 -8.1973 1.3377 26.7602 -1.5672 2.4552
Car -1 -1 1.6142 483.6264 174.5398 505.4038 192.4866 1.4938 1.6807 4.0799 -9.7391 0.6063 61.9517 1.4583 1.3425
Car -1 -1 1.8432 436.9565 164.5265 468.6597 182.9864 1.4846 1.5927 3.9707 -12.9742 -0.1923 60.3271 1.6314 0.7019
Car -1 -1 -1.4939 534.4927 177.0025 559.7955 197.8254 1.4715 1.5647 3.7795 -4.4285 0.8922 52.6923 -1.5778 0.1536
Car -1 -1 -1.7263 693.7070 178.3063 733.5654 206.0020 1.4987 1.6332 4.0061 5.9426 1.1259 40.9071 -1.5820 -0.4586
Car -1 -1 -1.2030 318.2506 156.4516 383.3213 189.5259 1.4842 1.6046 3.9520 -12.1899 0.1946 34.2514 -1.5449 -0.6382
Car -1 -1 0.0082 581.9259 178.8047 651.8135 205.9477 1.5216 1.6283 3.9214 0.4976 1.1633 41.1480 0.0203 -1.8298
