Car -1 -1 -0.9386 0.0000 189.8590 205.6497 303.3179 1.4674 1.5692 3.6675 -8.1795 1.5533 11.2816 -1.5659 14.1676
Car -1 -1 -1.2255 238.1017 186.3630 427.8838 299.6336 1.4810 1.5855 3.6957 -4.1213 1.5031 11.2844 -1.5756 13.8510
Car -1 -1 -1.3963 445.5910 184.9755 511.6447 230.8436 1.3756 1.5318 3.4208 -4.1436 1.3696 23.2674 -1.5725 13.1143
Car -1 -1 -1.5837 594.9879 177.3580 632.0826 212.5879 1.5578 1.6407 3.6635 0.2084 1.2115 33.6193 -1.5775 9.9265
Car -1 -1 -1.1589 205.4401 167.0575 344.8370 244.5241 1.7624 1.6916 4.1971 -8.3847 1.3504 18.4612 -1.5852 8.7758
Car -1 -1 -1.6562 639.8835 180.7662 669.2377 203.8222 1.4150 1.5725 3.4609 2.9274 1.1431 45.8625 -1.5925 7.8339
Car -1 -1 -1.4669 495.8024 181.6043 540.4283 216.4237 1.4279 1.5530 3.7418 -3.8881 1.2809 31.3616 -1.5903 7.6546
Car -1 -1 -1.3922 418.0288 178.2555 469.4245 212.8030 1.5435 1.6698 4.1791 -7.7703 1.2337 34.2374 -1.6154 6.8746
Car -1 -1 -1.4372 479.9794 175.9106 505.0149 193.7261 1.4679 1.5990 3.9168 -9.7914 0.7023 61.2038 -1.5958 2.4612
Car -1 -1 -1.3039 342.3022 179.6526 417.6104 226.6721 1.5823 1.6268 3.9515 -8.2355 1.3962 26.1915 -1.6085 2.4046
Car -1 -1 1.6412 531.6498 177.6137 557.8220 199.3366 1.5093 1.6144 3.8930 -4.5339 0.9822 51.9010 1.5541 2.3651
Car -1 -1 -1.5629 585.0929 182.0319 613.3270 208.3015 1.4646 1.5742 3.8132 -0.5132 1.2882 41.9834 -1.5751 2.1433
Car -1 -1 -1.3577 444.1831 166.7528 483.9646 191.3258 1.4691 1.6270 4.0331 -8.9650 0.3664 45.0029 -1.5543 1.5208
Car -1 -1 1.8555 433.4749 163.3360 465.2367 182.0063 1.4734 1.5699 3.7539 -13.0444 -0.2723 59.3158 1.6390 -1.8342
