Car -1 -1 -1.1145 174.0091 181.5951 320.2044 252.0915 1.4723 1.5723 3.7254 -8.3246 1.3978 16.8737 -1.5728 14.0946
Car -1 -1 -1.3420 363.4586 182.0765 473.6065 255.1020 1.4655 1.5820 3.8188 -4.2040 1.4036 16.3491 -1.5937 13.5648
Car -1 -1 -1.7138 659.7132 178.9353 710.4506 217.7560 1.4471 1.5345 3.2698 2.9671 1.2141 28.4555 -1.6099 12.0728
Car -1 -1 -1.4225 475.3928 180.5161 526.1716 217.3217 1.3864 1.5253 3.4023 -4.2601 1.2105 28.7762 -1.5695 10.1536
Car -1 -1 -1.2376 320.7138 168.0559 410.4063 222.1827 1.7472 1.6945 4.2388 -8.4439 1.1944 25.3300 -1.5594 9.2324
Car -1 -1 -1.5553 592.7421 175.5582 625.1259 206.4258 1.5587 1.6361 3.5893 0.0583 1.0722 38.1050 -1.5537 8.4028
Car -1 -1 -1.4030 453.1387 174.6607 492.0200 201.3744 1.4745 1.6069 3.7503 -7.7929 0.8931 41.5644 -1.5883 5.6343
Car -1 -1 -1.4662 516.9851 178.8989 552.4784 206.3254 1.4516 1.5749 3.8068 -4.0402 1.1184 39.9485 -1.5669 5.5177
Car -1 -1 1.5500 625.1882 175.2584 646.5324 194.2211 1.5049 1.6633 3.9985 2.2655 0.7158 59.0578 1.5883 4.4658
Car -1 -1 -1.4766 583.1681 178.0998 614.1868 202.3716 1.4780 1.6153 3.9258 -0.5616 1.0458 45.7911 -1.4888 2.3322
Car -1 -1 -1.4263 462.2604 165.0438 493.3681 186.4391 1.4781 1.6232 4.1652 -9.3318 0.0856 51.7664 -1.6047 0.9082
Car -1 -1 2.5230 0.0000 204.4474 165.3282 374.0000 1.4823 1.6044 3.9140 -3.4286 1.5977 2.2879 1.5406 0.4598
Car -1 -1 1.8497 591.3991 164.6342 621.1289 182.5946 1.4702 1.5775 3.7260 -0.1067 -0.2302 61.4352 1.8480 -0.9255
Car -1 -1 -1.1958 744.7423 169.6287 791.1696 194.9182 1.5374 1.6101 3.7808 10.2004 0.5910 45.7146 -0.9763 -1.7193
