Car -1 -1 -1.0654 111.1714 183.8143 289.0911 263.0115 1.4321 1.5615 3.7498 -8.2508 1.4079 14.8708 -1.5719 13.6142
Car -1 -1 -1.2910 326.6757 179.0371 461.4002 267.7947 1.5451 1.5951 3.7197 -4.1481 1.4387 14.3713 -1.5720 13.1679
Car -1 -1 -1.4000 467.4425 179.4385 524.2237 219.9362 1.4251 1.5341 3.5337 -4.1850 1.2229 27.0717 -1.5534 12.1714
Car -1 -1 -1.6795 655.4901 177.7144 697.4913 211.0606 1.4691 1.5745 3.3631 3.1075 1.1397 33.3591 -1.5866 9.8334
Car -1 -1 -1.5757 594.6542 176.3666 628.5173 208.5935 1.5617 1.6410 3.7366 0.1515 1.1340 36.7009 -1.5716 9.1028
Car -1 -1 -1.2234 293.7439 168.4079 396.4995 228.7429 1.7704 1.7317 4.3621 -8.3897 1.2784 23.2719 -1.5694 8.9972
Car -1 -1 -1.3911 442.5784 177.4851 486.2248 207.7396 1.5445 1.6476 3.7951 -7.6710 1.1510 38.6047 -1.5872 6.3532
Car -1 -1 -1.4495 510.6270 178.9554 549.5350 207.8430 1.4436 1.5807 3.8857 -4.0709 1.1319 37.8745 -1.5566 5.5511
Car -1 -1 -1.5504 625.9157 176.9163 644.4882 193.7707 1.4596 1.5836 3.6336 2.4610 0.7420 64.1103 -1.5120 4.0889
Car -1 -1 -1.5208 583.5980 177.6934 612.9239 202.6387 1.4744 1.6249 3.8338 -0.5736 1.0309 44.4290 -1.5338 2.8595
Car -1 -1 -1.6686 696.2601 177.7252 733.7777 205.7601 1.4845 1.6552 4.2803 5.9193 1.0890 40.2372 -1.5226 0.7587
Car -1 -1 -1.3103 388.9199 173.3829 450.6139 214.0108 1.6825 1.6504 4.0524 -8.2648 1.1936 31.7978 -1.5646 -0.8391
Car -1 -1 -1.3468 436.9307 168.3560 468.7368 188.2360 1.4750 1.5884 3.7898 -11.8796 0.2252 55.2352 -1.5586 -2.1007
