Car -1 -1 -1.2335 161.3636 193.7649 335.6762 296.0418 1.4305 1.5235 3.5826 -5.9375 1.5994 12.2296 -1.6854 13.8117
Car -1 -1 -1.3434 309.1049 189.5334 406.9547 249.6893 1.3692 1.5533 3.8756 -6.3899 1.4944 18.6527 -1.6734 13.2340
Car -1 -1 -1.7332 612.5174 184.2098 712.6430 261.3373 1.5220 1.6176 3.7351 1.0583 1.5033 16.1189 -1.6676 12.7630
Car -1 -1 -1.5376 502.9275 182.3038 547.4141 224.4069 1.5124 1.5843 3.4687 -3.1553 1.4089 27.6108 -1.6514 12.6130
Car -1 -1 -1.1235 55.0628 155.2144 240.9379 260.0900 2.1532 1.8495 4.7318 -10.7375 1.5384 17.2084 -1.6814 11.3252
Car -1 -1 -1.4637 417.9113 184.2364 456.2646 212.1889 1.4377 1.6161 3.9265 -9.2390 1.3884 39.0175 -1.6962 7.6593
Car -1 -1 -1.3072 314.3707 167.9715 369.1307 200.2017 1.5300 1.6171 3.9181 -13.3312 0.7125 36.1455 -1.6606 5.8671
Car -1 -1 1.7544 364.6188 180.6333 431.2812 225.3165 1.5369 1.6329 4.3216 -7.8026 1.3804 26.9515 1.4726 4.3909
Car -1 -1 -1.5769 461.0972 179.1577 480.2769 196.0994 1.4294 1.5939 3.6208 -11.9554 0.9194 62.5794 -1.7657 4.2964
Car -1 -1 1.5727 547.0984 180.7153 568.5639 200.4450 1.5197 1.6511 4.0386 -4.0015 1.1742 57.4356 1.5031 3.4467
Car -1 -1 1.7625 395.2986 175.9047 423.9897 193.9428 1.4731 1.6278 3.8807 -16.7018 0.7138 60.6992 1.4940 3.2020
Car -1 -1 -1.2721 264.8742 178.8582 342.7657 221.0890 1.4460 1.5923 3.8370 -11.1791 1.2295 26.5988 -1.6699 3.1158
Car -1 -1 -1.5127 587.0335 187.7179 613.2817 209.4435 1.4883 1.6505 4.3220 -0.5297 1.6779 51.9454 -1.5229 2.1920
Car -1 -1 -1.5679 491.5101 186.7090 523.4098 217.0099 1.4636 1.5389 3.5830 -5.1588 1.5450 36.7829 -1.7073 0.2147
Car -1 -1 3.1528 400.3259 184.4597 463.6772 208.3394 1.5035 1.6002 3.9135 -11.3600 1.4570 46.4793 2.9131 -2.1810
