Car -1 -1 -1.4613 402.5644 178.1363 478.8495 245.5371 1.5935 1.5695 3.4593 -4.3189 1.4272 18.8001 -1.6871 12.9788
Car -1 -1 -1.1310 16.1316 190.7858 250.6232 288.1810 1.4027 1.6618 4.6692 -8.2667 1.5237 13.0460 -1.6958 12.4688
Car -1 -1 -1.6284 522.9497 177.6823 580.0955 231.3623 1.6016 1.6297 3.4926 -1.9279 1.3780 23.2873 -1.7110 11.4810
Car -1 -1 -1.3026 279.1338 186.1024 363.5004 232.6618 1.4342 1.6075 4.1512 -9.6274 1.4681 24.3717 -1.6788 11.0235
Car -1 -1 -1.3699 344.3836 182.0750 399.2906 215.3421 1.4517 1.6076 4.3182 -10.9776 1.3158 33.6033 -1.6857 10.0617
Car -1 -1 -1.0344 0.0000 185.3306 145.8408 270.7252 1.5917 1.6386 4.0969 -11.9672 1.5956 15.5325 -1.6909 8.6353
Car -1 -1 -1.1543 130.1751 164.2372 250.5921 231.4692 2.0789 1.8396 4.6256 -14.1371 1.4314 24.6208 -1.6755 8.5530
Car -1 -1 1.9340 253.9045 180.2537 320.2096 214.4293 1.6039 1.6466 4.1645 -15.9324 1.3722 35.8574 1.5159 4.1601
Car -1 -1 -1.5442 509.7428 177.9914 530.0999 196.0688 1.4395 1.5697 3.5106 -7.2047 0.8654 59.0599 -1.6656 3.4251
Car -1 -1 -1.3768 398.3074 174.1171 435.3022 198.2730 1.5418 1.6368 4.0464 -12.7076 0.8346 47.9520 -1.6358 0.7273
Car -1 -1 -1.3997 319.7975 176.4760 356.4464 200.0133 1.4630 1.6052 3.8115 -17.4901 0.9209 46.7009 -1.7581 0.2986
Car -1 -1 1.7347 366.5989 176.0920 409.0060 206.0856 1.6308 1.6765 4.1228 -12.5826 1.1359 41.2363 1.4385 -0.7827
Car -1 -1 -1.1807 554.8792 167.4964 585.3868 184.1096 1.5462 1.6124 3.7983 -3.5970 -0.1086 69.2326 -1.2327 -1.1721
Car -1 -1 -1.3971 564.4738 165.6806 595.8690 188.8036 1.6840 1.6767 4.2311 -2.0676 0.2624 54.5594 -1.4350 -1.1840
