Car -1 -1 -1.3101 345.0125 178.9409 465.6318 258.3217 1.4792 1.5635 3.6005 -4.1772 1.3634 15.1973 -1.5784 14.3562
Car -1 -1 -1.0933 141.0962 184.5806 304.0368 256.7112 1.3900 1.5699 3.7691 -8.2685 1.3788 15.7380 -1.5771 14.0320
Car -1 -1 -1.6891 658.4098 179.4189 703.5583 215.0741 1.4563 1.5467 3.3208 3.0742 1.2206 31.0317 -1.5904 11.4334
Car -1 -1 -1.5710 595.2748 175.7109 628.4347 207.6179 1.5763 1.6383 3.6298 0.1787 1.1079 37.3284 -1.5662 10.1347
Car -1 -1 -1.3997 471.6457 179.2467 527.4691 218.8402 1.4379 1.5698 3.4781 -4.1650 1.2222 27.8586 -1.5481 9.9498
Car -1 -1 -1.2329 304.7286 168.1898 402.1370 226.6310 1.7816 1.7097 4.3941 -8.4231 1.2637 24.1090 -1.5691 9.6536
Car -1 -1 -1.4710 514.8496 179.3136 550.9392 207.1454 1.4316 1.5733 3.7823 -4.0298 1.1291 38.8653 -1.5743 7.5989
Car -1 -1 -1.7595 621.9794 176.9499 648.7605 194.2879 1.4456 1.6089 3.8426 2.3354 0.7575 61.9523 -1.7218 4.4999
Car -1 -1 -1.4012 446.6649 176.7499 487.6297 205.1660 1.4994 1.6054 3.8391 -7.7718 1.0538 39.8647 -1.5937 2.9007
Car -1 -1 1.8099 387.5337 156.4169 446.6541 192.9071 1.5226 1.6310 4.0540 -8.4481 0.3221 32.0334 1.5521 2.3619
Car -1 -1 -1.4950 584.8646 178.2169 615.2951 202.9817 1.4807 1.6066 4.0534 -0.4641 1.0634 45.0522 -1.5053 2.3021
Car -1 -1 1.7772 497.4977 174.5755 522.1833 190.3449 1.4794 1.5908 3.9433 -9.4341 0.4823 69.4578 1.6422 0.8863
Car -1 -1 1.9089 458.6574 163.6294 501.3473 185.8706 1.4839 1.6689 4.0895 -8.8711 0.0448 50.1111 1.7337 0.6104
Car -1 -1 1.6253 584.0424 165.2515 605.8247 183.8076 1.5171 1.6385 3.9856 -1.0722 -0.1225 61.0961 1.6077 -0.7492
Car -1 -1 -1.7016 693.6108 180.2386 729.2339 206.7318 1.4702 1.5675 3.7226 5.9490 1.1952 41.7587 -1.5601 -1.4718
