Car -1 -1 -1.1362 38.9970 195.7748 275.5615 322.7137 1.4249 1.5111 3.3486 -6.0977 1.6001 10.1023 -1.6792 15.4516
Car -1 -1 -1.3090 257.3366 189.1692 372.7034 260.3241 1.4322 1.5500 3.6984 -6.6570 1.5353 16.6083 -1.6902 13.4459
Car -1 -1 -1.7139 584.8469 179.7448 677.6132 255.3172 1.6202 1.6723 3.9208 0.4047 1.5041 17.4545 -1.6907 12.7532
Car -1 -1 -1.5260 481.4476 180.8330 529.5804 225.5615 1.5372 1.6033 3.5075 -3.7512 1.3877 26.5241 -1.6665 11.1363
Car -1 -1 -1.3697 330.2895 183.4204 407.1674 230.0159 1.4688 1.6491 4.5823 -8.2369 1.4134 25.0282 -1.6877 10.7533
Car -1 -1 -1.0880 0.0000 159.2280 191.9694 260.4537 1.8495 1.7698 4.6442 -11.0097 1.3758 15.5499 -1.7041 7.6612
Car -1 -1 -1.3220 284.5157 167.6983 342.5467 202.0812 1.5461 1.6353 4.0017 -14.0359 0.7595 34.4150 -1.7093 6.0523
Car -1 -1 -1.4393 394.0777 184.6681 436.8842 214.4260 1.4368 1.6136 3.9315 -9.8030 1.4115 36.7589 -1.6999 5.6485
Car -1 -1 -1.2596 223.6321 178.7053 316.6644 231.4314 1.6883 1.7063 4.3359 -11.7645 1.4810 25.2715 -1.6953 5.3540
Car -1 -1 -1.5241 442.4754 179.4499 463.5237 196.9947 1.4293 1.5703 3.4924 -12.9915 0.9607 60.4099 -1.7360 3.9440
Car -1 -1 1.6929 376.0600 176.0574 402.8368 196.3900 1.6029 1.6325 3.8970 -17.8114 0.8821 58.7272 1.3984 3.7011
Car -1 -1 -1.4896 472.6291 183.6574 512.3993 216.3405 1.5246 1.6360 3.8159 -5.6685 1.4530 35.4937 -1.6480 3.2679
Car -1 -1 1.5528 531.0789 181.3829 552.1796 200.8586 1.5176 1.6207 3.9953 -5.3859 1.2201 58.0869 1.4604 3.1523
Car -1 -1 3.3211 371.1010 181.0396 445.5474 205.9601 1.5133 1.6133 4.2367 -12.3602 1.2609 44.6446 3.0510 1.1144
Car -1 -1 1.5461 632.1918 164.4576 655.7702 186.3404 1.4933 1.5696 3.8019 2.5173 0.0779 50.9711 1.5954 0.6430
Car -1 -1 -0.6764 595.0335 172.8876 644.4982 193.1670 1.5950 1.6257 3.8445 0.9792 0.6265 58.3541 -0.6596 -1.7576
