Car -1 -1 -1.5660 570.0164 174.0615 622.8199 226.3667 1.5799 1.5955 3.5555 -0.4075 1.2441 23.4971 -1.5834 12.4398
Car -1 -1 -1.2716 314.4450 180.2164 404.1015 229.6030 1.4888 1.6586 4.0887 -8.1181 1.3392 23.7354 -1.6011 10.5443
Car -1 -1 -1.0077 0.0000 172.3213 348.2447 374.0000 1.5952 1.6575 4.2429 -3.7825 1.5280 5.9312 -1.5754 8.2264
Car -1 -1 2.1059 22.4900 170.1942 267.3496 278.2208 1.5536 1.6461 4.1064 -7.6861 1.3387 12.4032 1.5512 5.1914
Car -1 -1 -1.2627 300.9198 177.6014 364.1769 213.8727 1.5427 1.6175 3.7146 -12.3833 1.2200 32.4704 -1.6271 4.6554
Car -1 -1 -1.3380 399.3609 173.3482 518.4242 248.4650 1.6235 1.7706 5.1247 -3.5909 1.3682 18.1267 -1.5336 0.4018
Car -1 -1 -1.6149 627.5711 177.1305 659.0102 203.9389 1.4831 1.6384 4.0721 1.9949 1.0369 41.8039 -1.5672 -0.1870
Car -1 -1 1.6353 552.7336 172.4596 574.1698 190.1635 1.4721 1.5938 3.8468 -3.7856 0.4125 61.6953 1.5740 -0.3167
Car -1 -1 0.1281 443.9161 179.3212 539.0095 213.6605 1.4880 1.6121 4.0088 -5.1574 1.2337 32.0159 -0.0316 -1.2775
Car -1 -1 0.0366 498.6476 168.8197 538.2593 184.2491 1.4720 1.5883 3.7545 -8.6322 -0.0938 69.6513 -0.0867 -1.8844
Car -1 -1 1.6603 518.8744 175.5073 554.7117 205.4742 1.5875 1.6387 4.0030 -3.9361 1.0744 40.0870 1.5625 -1.9694
