Car -1 -1 -1.2326 149.8018 186.0561 434.9933 371.8682 1.5837 1.6255 3.9873 -3.2358 1.5967 8.1653 -1.6099 13.7631
Car -1 -1 -1.3739 367.0579 188.2133 468.5111 260.8350 1.4252 1.5384 3.3816 -4.1489 1.5002 15.9787 -1.6279 11.3757
Car -1 -1 -1.5659 560.7330 176.7063 601.9060 216.1543 1.5791 1.6486 3.6905 -1.1563 1.2396 30.6433 -1.6036 11.3360
Car -1 -1 -0.8943 0.0000 194.6677 119.6526 374.0000 1.5287 1.6010 4.0354 -7.7149 1.6657 8.2570 -1.6458 10.5925
Car -1 -1 -1.0955 109.8979 186.0129 240.6522 238.0750 1.4318 1.6539 4.2564 -13.0877 1.4598 22.0080 -1.6320 8.3237
Car -1 -1 -1.4029 388.4270 159.5689 443.9363 203.4867 1.8405 1.7387 4.1370 -8.5505 0.7668 32.2608 -1.6620 4.8864
Car -1 -1 -1.4696 472.4861 173.7116 525.3184 215.2455 1.7255 1.8325 5.3241 -4.8665 1.2487 32.5625 -1.6180 4.6510
Car -1 -1 -1.6062 649.2922 181.3491 688.4533 216.6990 1.4636 1.5750 3.6980 2.6041 1.3046 31.6427 -1.5241 2.4233
Car -1 -1 -1.3964 446.3409 179.7710 480.3954 203.0674 1.4947 1.5968 3.8045 -9.6263 1.1465 48.0378 -1.5942 2.3771
Car -1 -1 -1.2665 376.4691 181.6527 421.7848 206.1467 1.4823 1.5958 4.1306 -13.1898 1.2678 45.5821 -1.5482 1.4727
Car -1 -1 -1.2079 214.8990 183.0843 336.0766 248.0601 1.4756 1.5818 3.6448 -8.2980 1.4283 18.1909 -1.6359 1.4470
Car -1 -1 1.8552 301.7118 176.9373 379.8541 222.3691 1.4542 1.5693 3.6564 -9.1811 1.1903 24.8832 1.5018 1.1438
Car -1 -1 1.5838 586.3870 165.5424 602.4315 180.9748 1.4789 1.5554 3.7362 -1.3156 -0.4334 71.7836 1.5655 -0.1649
Car -1 -1 -1.5076 533.2867 171.0305 554.1865 189.5603 1.6783 1.6838 4.2621 -5.9661 0.3946 67.2577 -1.5960 -0.1774
Car -1 -1 1.8243 501.4517 173.7624 538.1476 196.8649 1.4524 1.5558 3.5017 -5.7359 0.7335 47.0265 1.7030 -1.3121
