Car -1 -1 -1.0512 108.7382 184.4301 280.7165 274.6901 1.5587 1.5026 3.2042 -7.9134 1.5463 14.0165 -1.5652 12.4952
Car -1 -1 -1.5730 576.9091 178.6161 618.1068 218.4705 1.5625 1.6159 3.5393 -0.4711 1.3049 29.9632 -1.5887 12.4249
Car -1 -1 -1.3796 418.8479 186.7364 507.1663 248.3047 1.4628 1.5825 3.8909 -3.7761 1.5085 19.1202 -1.5745 4.8320
Car -1 -1 2.1383 138.1469 176.5198 266.4526 234.1224 1.5983 1.6187 3.7749 -12.2181 1.3581 21.8733 1.6289 2.4964
Car -1 -1 -0.7531 0.0000 195.2664 39.9305 374.0000 1.4944 1.6354 4.2940 -7.9581 1.6224 6.8982 -1.6097 2.0738
Car -1 -1 -1.6678 638.6817 183.8336 685.0887 220.6576 1.5048 1.6295 3.9540 2.2639 1.4495 31.3694 -1.5958 1.2917
Car -1 -1 1.8621 272.7939 117.6296 488.4803 296.4656 2.5460 2.0578 5.7872 -3.7688 1.5850 13.1359 1.5827 0.9433
Car -1 -1 1.5983 555.0640 185.2406 577.6057 205.8211 1.5068 1.6061 3.8076 -3.1310 1.5099 54.5599 1.5410 0.2172
Car -1 -1 -1.6527 646.8273 181.3807 698.1742 222.9403 1.4786 1.6200 4.0320 2.3749 1.3433 27.5908 -1.5669 -1.0514
Car -1 -1 1.6165 542.2157 176.2003 560.3640 192.3690 1.4650 1.5186 3.7799 -5.2499 0.6493 67.0444 1.5383 -1.4966
