Car -1 -1 -1.5702 571.1674 174.5937 623.4624 226.3774 1.5844 1.6008 3.5078 -0.3896 1.2605 23.7567 -1.5866 12.0240
Car -1 -1 -1.2608 320.7645 180.7624 406.0548 226.8398 1.4130 1.5986 3.8165 -8.0732 1.2776 23.9612 -1.5858 10.2180
Car -1 -1 -1.0593 0.0000 164.4976 357.9797 374.0000 1.7002 1.6396 3.9073 -3.7755 1.5713 6.4749 -1.5872 8.2349
Car -1 -1 -1.2441 306.5854 175.7485 367.9972 211.0419 1.5279 1.5859 3.5157 -12.3372 1.1192 32.8984 -1.6029 6.5901
Car -1 -1 1.6399 491.9326 175.5577 533.4665 210.6579 1.5364 1.6421 4.1366 -4.4130 1.1148 33.5769 1.5092 1.9696
Car -1 -1 -1.3648 409.2447 142.3288 531.1412 247.4067 2.3253 1.9781 5.5496 -3.3924 1.3774 18.7045 -1.5442 1.0748
Car -1 -1 1.6089 514.6246 173.5289 543.3016 198.4050 1.4745 1.6227 3.9367 -4.8764 0.7829 44.6253 1.5001 -0.4975
Car -1 -1 2.1217 46.5857 185.2300 274.4711 286.9639 1.5458 1.6245 3.9212 -7.7603 1.5472 12.8873 1.5797 -0.6360
Car -1 -1 1.6120 543.1132 173.3521 575.6483 204.0277 1.6460 1.6676 4.1915 -2.7183 1.0105 40.6842 1.5452 -1.2039
Car -1 -1 -1.6582 626.0214 179.0555 659.1771 205.2288 1.4772 1.6144 3.9378 1.9923 1.1306 42.5675 -1.6114 -1.6750
Car -1 -1 -2.2550 520.4509 182.2159 574.0936 205.8291 1.4799 1.5658 3.5915 -3.9960 1.2930 46.8829 -2.3400 -1.8573
