Car -1 -1 -1.3694 382.1076 187.6966 476.2010 254.5544 1.4076 1.5001 3.3995 -4.1549 1.4734 16.9868 -1.6093 12.9963
Car -1 -1 -0.9525 0.0000 198.9736 179.1500 334.9772 1.3967 1.5620 3.9580 -7.7773 1.6241 9.8037 -1.6232 12.9492
Car -1 -1 -1.2671 219.1357 178.9029 445.8682 337.9094 1.6175 1.6096 3.6893 -3.2749 1.5544 9.1833 -1.6096 12.6814
Car -1 -1 -1.0964 141.3154 183.7074 257.6859 233.7895 1.4828 1.5915 4.0775 -13.1361 1.4393 23.3477 -1.6089 11.6914
Car -1 -1 -1.5700 560.3819 176.8342 602.3912 216.8144 1.5606 1.6405 3.6093 -1.1344 1.2346 29.8898 -1.6079 10.9712
Car -1 -1 -1.3712 394.0395 160.5638 451.7333 203.1144 1.8732 1.7840 4.4649 -8.6655 0.7891 33.9169 -1.6214 7.1515
Car -1 -1 -1.4748 478.3707 172.4239 527.1664 214.1136 1.8009 1.7810 5.0149 -4.8545 1.2495 33.5968 -1.6183 3.8527
Car -1 -1 -1.2196 237.3375 183.1771 345.8937 245.0137 1.5008 1.5636 3.4272 -8.3580 1.4525 19.2006 -1.6302 2.7905
Car -1 -1 -1.5095 526.4244 190.9784 558.9716 219.2746 1.4769 1.5836 3.8747 -3.6292 1.8166 40.2732 -1.5994 2.0489
Car -1 -1 -0.0020 411.6713 177.9291 472.3748 200.8673 1.4889 1.6024 3.8764 -11.0451 1.0171 47.8766 -0.2287 -0.1794
Car -1 -1 0.2949 381.5959 180.2902 453.0585 204.1141 1.4886 1.6159 4.1099 -12.1199 1.1820 45.7948 0.0362 -0.7754
Car -1 -1 -1.2431 322.5897 177.9902 398.5204 220.0808 1.4599 1.5822 3.6404 -9.1434 1.2104 26.7515 -1.5725 -1.2148
Car -1 -1 -1.6289 650.8825 162.0720 681.5648 188.2572 1.5036 1.6074 3.8883 3.4489 0.1758 43.2357 -1.5493 -1.7792
