Car -1 -1 -1.2284 195.1323 184.8744 456.4091 344.1997 1.5722 1.6661 4.3363 -3.2921 1.5700 9.2586 -1.5700 12.6038
Car -1 -1 -1.5597 561.8958 178.9554 620.3801 237.4800 1.6151 1.6145 3.5245 -0.5261 1.4434 21.6070 -1.5840 10.8316
Car -1 -1 -1.1141 161.0128 185.3492 327.5222 264.5314 1.5046 1.6155 4.0030 -7.7389 1.5090 15.6657 -1.5730 10.7702
Car -1 -1 -1.4011 408.9670 175.7280 510.6571 256.8504 1.6590 1.6628 3.8725 -3.3369 1.4661 16.6557 -1.5989 10.6744
Car -1 -1 -1.5006 499.6620 179.6012 548.2753 222.2225 1.5718 1.6385 4.0338 -3.2972 1.3659 28.5575 -1.6155 8.7272
Car -1 -1 -1.2073 310.8647 182.9429 374.1218 215.5833 1.4708 1.6090 3.7236 -12.5944 1.3695 34.2581 -1.5596 6.2269
Car -1 -1 -1.3019 360.4765 176.2892 432.3624 217.3496 1.4526 1.6363 3.9492 -7.9995 1.1379 27.4134 -1.5858 6.2099
Car -1 -1 -0.6793 0.0000 200.6388 244.8824 374.0000 1.4684 1.6180 4.0556 -3.1962 1.5685 2.5840 -1.5702 4.7414
Car -1 -1 -1.5644 479.2852 177.8325 500.8957 197.5303 1.4600 1.5846 3.7518 -9.0490 0.9139 55.2529 -1.7268 2.0917
Car -1 -1 1.6975 531.7437 172.9144 559.2980 195.8927 1.6556 1.6030 3.6413 -4.6280 0.7704 53.6409 1.6115 0.0336
Car -1 -1 1.8067 341.3247 166.3841 377.2643 187.8892 1.4674 1.5774 3.7536 -17.5974 0.1836 50.9923 1.4744 -0.5941
Car -1 -1 1.9018 312.4892 165.5703 360.3412 189.6600 1.4881 1.6295 4.1727 -17.5114 0.2757 46.5124 1.5417 -1.3065
Car -1 -1 1.8502 350.3175 164.9721 386.9405 186.4834 1.5629 1.6111 3.8897 -17.9980 0.0932 54.2001 1.5296 -2.0336
