Car -1 -1 -1.2574 232.6816 186.7986 462.9599 327.4166 1.5007 1.6597 4.2018 -3.2679 1.5281 9.8226 -1.5785 13.6834
Car -1 -1 -1.5456 560.0715 176.7879 619.5311 235.8425 1.6124 1.6235 3.6488 -0.5342 1.3834 21.4486 -1.5705 11.5757
Car -1 -1 -1.3835 415.1533 175.0585 516.6944 251.2644 1.6035 1.6211 4.1542 -3.2942 1.3909 17.2012 -1.5727 10.6537
Car -1 -1 -1.1306 172.3349 183.4885 335.2869 263.5120 1.5600 1.6703 4.0575 -7.7190 1.5275 16.0457 -1.5790 9.9036
Car -1 -1 -0.7784 0.0000 208.6186 290.5650 374.0000 1.4811 1.6008 4.1577 -3.2088 1.6550 3.2170 -1.5625 8.7628
Car -1 -1 1.6448 499.5547 177.3484 548.4487 218.9173 1.5520 1.6567 4.0364 -3.3334 1.2594 28.8848 1.5299 8.0758
Car -1 -1 -1.3177 362.7986 173.2808 429.3893 212.9419 1.4238 1.5998 3.6145 -8.0910 0.9964 27.6335 -1.6025 5.8777
Car -1 -1 -1.2278 314.4861 182.5027 375.1981 215.1552 1.4890 1.5985 3.6898 -12.6209 1.3664 34.6279 -1.5773 5.8169
Car -1 -1 -1.3614 410.6274 177.7769 444.0453 198.7606 1.4724 1.5758 3.9696 -13.1365 0.9515 52.4480 -1.6069 2.0344
Car -1 -1 1.7121 480.4062 173.6122 507.8664 193.2868 1.4733 1.5775 3.8663 -8.7949 0.6055 55.7725 1.5557 0.9468
Car -1 -1 1.6452 530.9734 174.8783 556.2276 198.2838 1.7073 1.6257 3.8004 -4.8341 0.9544 54.3437 1.5565 -0.5760
Car -1 -1 1.8539 355.2440 171.4633 392.2395 191.7030 1.4810 1.6074 4.0526 -17.7554 0.4758 54.6475 1.5398 -0.8153
Car -1 -1 1.8989 352.0167 167.1345 391.6455 188.3395 1.4664 1.5712 3.7765 -16.9058 0.2172 51.6060 1.5823 -2.1252
