Car -1 -1 -1.3886 444.0792 181.5379 516.1493 234.4920 1.5377 1.5985 3.6786 -3.9845 1.4320 22.7160 -1.5622 12.8143
Car -1 -1 -1.2108 172.5607 183.9175 457.8150 356.9178 1.6089 1.7027 4.3998 -3.2382 1.5979 8.8904 -1.5601 12.4058
Car -1 -1 -1.0842 109.5496 189.7089 296.0444 274.6628 1.4761 1.6333 3.9575 -8.0667 1.5815 14.6882 -1.5864 10.3992
Car -1 -1 -0.8969 0.0000 188.6290 109.1407 274.5797 1.5432 1.6245 3.9834 -12.6623 1.6254 15.0737 -1.5956 10.2459
Car -1 -1 -1.5703 567.1814 179.3948 608.8077 219.7919 1.5623 1.6106 3.5364 -0.8524 1.3383 29.5879 -1.5991 9.8446
Car -1 -1 -1.2822 347.5623 178.1000 423.5883 224.1247 1.6006 1.6316 4.0913 -8.2912 1.3542 27.0480 -1.5797 6.3895
Car -1 -1 -1.4319 503.6478 175.0221 548.1288 213.9832 1.7812 1.6451 3.6518 -3.9301 1.3163 34.7080 -1.5447 5.1045
Car -1 -1 1.7921 407.7787 177.8131 461.9805 216.6367 1.7190 1.6339 4.0421 -8.1002 1.3924 33.8580 1.5572 3.8214
Car -1 -1 1.8991 330.7930 164.7919 373.1236 187.0559 1.5061 1.6202 3.9547 -17.9731 0.1256 50.6125 1.5579 2.8259
Car -1 -1 1.8011 388.0345 171.5036 419.1716 190.3589 1.5598 1.6605 4.1648 -17.4560 0.4266 61.5821 1.5249 -0.9354
Car -1 -1 1.9287 283.1620 166.2137 339.5432 195.4877 1.6047 1.6562 4.1620 -17.0612 0.5642 41.5081 1.5388 -0.9506
Car -1 -1 -1.0771 138.9367 180.8275 255.8364 233.3723 1.4747 1.5728 3.6212 -12.4545 1.3527 21.9985 -1.5922 -1.0304
