Car -1 -1 -1.1590 210.3704 180.1333 353.3641 253.7915 1.5947 1.6585 4.1345 -7.8350 1.4858 17.6318 -1.5771 12.8468
Car -1 -1 -1.4016 434.5999 179.0380 525.6076 246.3467 1.6306 1.7087 4.4410 -3.3909 1.4821 19.6330 -1.5727 12.5783
Car -1 -1 -1.3049 372.5440 182.8233 436.1022 221.4430 1.4979 1.5993 3.7589 -8.3773 1.4062 29.7637 -1.5793 12.4556
Car -1 -1 -1.5634 558.2902 181.2245 608.9303 228.5654 1.5345 1.6421 3.6923 -0.8747 1.4062 25.1643 -1.5981 11.6582
Car -1 -1 -0.9567 0.0000 200.0732 336.1478 374.0000 1.5107 1.6226 3.9856 -3.2026 1.6424 4.3031 -1.5965 9.4682
Car -1 -1 1.8796 335.2872 178.6142 391.2273 209.1048 1.5157 1.6478 3.9815 -12.7887 1.1887 37.7365 1.5528 5.9781
Car -1 -1 -1.4850 493.8144 182.8028 534.8474 218.2567 1.5324 1.5674 3.4875 -4.2523 1.4292 32.8420 -1.6138 5.4642
Car -1 -1 -1.0445 184.8792 184.4951 294.1816 231.9866 1.4959 1.5958 3.8752 -12.5096 1.4744 24.6187 -1.5146 3.9937
Car -1 -1 -1.4846 439.5292 177.9585 473.4108 204.4765 1.4892 1.6225 3.9797 -8.9099 1.0828 42.4382 -1.6916 1.5212
Car -1 -1 2.6610 644.7040 169.6676 685.7799 185.0362 1.4724 1.5536 3.7084 5.6205 -0.0168 70.3378 2.7408 -0.5281
Car -1 -1 -1.4606 371.9901 168.8839 398.1318 188.1343 1.4811 1.5862 3.7860 -17.7350 0.2257 57.3140 -1.7607 -1.9111
