Car -1 -1 -1.3911 404.2566 182.6275 510.4263 260.6017 1.5738 1.6653 4.1452 -3.3657 1.5227 16.5946 -1.5912 13.3716
Car -1 -1 -1.2616 232.0855 192.4087 461.8431 328.0845 1.4067 1.6387 4.2817 -3.2754 1.5277 9.8281 -1.5833 12.9785
Car -1 -1 -1.5746 557.5812 174.2400 624.3035 240.3903 1.6279 1.6439 3.7202 -0.5152 1.3590 19.5709 -1.6009 11.3169
Car -1 -1 -1.2036 264.2709 180.0864 380.4046 240.4718 1.5152 1.6271 4.1428 -7.8627 1.3877 20.1103 -1.5763 10.9194
Car -1 -1 -1.4368 465.8129 174.9068 533.9149 228.9164 1.6286 1.6744 4.2183 -3.5123 1.3189 23.7917 -1.5833 8.2964
Car -1 -1 -1.2503 341.1820 178.0177 395.1928 205.6549 1.4088 1.5983 3.9182 -12.8210 1.0430 38.5990 -1.5710 6.5170
Car -1 -1 -1.3156 392.7327 175.4110 452.9639 211.2703 1.5030 1.6430 4.0293 -8.2199 1.0932 32.1445 -1.5660 6.5043
Car -1 -1 -1.5601 518.7903 178.0806 555.3221 212.9948 1.5202 1.5867 3.7641 -3.2838 1.2107 33.2401 -1.6586 4.6982
Car -1 -1 1.7408 449.1187 169.7207 486.4899 195.1847 1.5287 1.6389 4.0983 -8.7749 0.5996 45.2180 1.5491 3.6849
Car -1 -1 3.5234 306.1969 163.5541 370.4661 185.3816 1.4657 1.5902 3.7931 -18.3942 0.0123 49.1063 3.1650 -0.2187
Car -1 -1 2.0208 384.9259 174.1139 432.7077 196.7741 1.5043 1.5884 4.0563 -13.7576 0.7684 49.8554 1.7515 -0.6846
Car -1 -1 1.8498 364.0884 172.5678 406.0758 199.8043 1.9647 1.7965 4.7155 -16.7462 1.0535 54.2255 1.5503 -1.3943
Car -1 -1 1.8801 366.8858 164.3516 402.2749 183.4663 1.4752 1.6039 3.9136 -17.9121 -0.1443 57.7990 1.5795 -1.9859
Car -1 -1 1.6522 614.6835 180.8504 648.5608 208.3902 1.4754 1.6017 3.8566 1.3601 1.2427 40.5163 1.6858 -2.0551
