Car -1 -1 -0.9838 0.0000 186.8129 225.8634 315.5185 1.5710 1.5982 3.9460 -7.6031 1.6006 10.8133 -1.5967 11.6299
Car -1 -1 -1.2456 259.7953 180.8495 473.2482 322.4201 1.6211 1.6272 3.9964 -3.1969 1.5722 10.2437 -1.5481 11.5208
Car -1 -1 -1.4392 472.7831 178.0886 542.0366 231.0812 1.6034 1.7119 4.4400 -3.2806 1.3889 23.9704 -1.5752 10.6748
Car -1 -1 -1.5490 563.1666 177.6987 616.9887 230.1196 1.5957 1.6384 3.7016 -0.5863 1.3680 23.7311 -1.5737 10.6226
Car -1 -1 -1.3589 416.9046 182.7623 463.9641 213.5688 1.4482 1.5556 3.5594 -8.2563 1.3340 35.5817 -1.5869 8.8551
Car -1 -1 -0.7255 0.0000 188.2698 219.6886 374.0000 1.4758 1.5656 3.9390 -3.1638 1.4962 2.5006 -1.6275 7.3134
Car -1 -1 -1.1963 267.0317 184.5777 340.4681 222.2577 1.4606 1.5716 3.6357 -12.5033 1.4370 29.6968 -1.5948 6.2258
Car -1 -1 2.1353 46.6087 190.0763 217.4744 254.9413 1.4723 1.6722 4.2886 -12.2263 1.6151 18.7901 1.5584 4.9774
Car -1 -1 -1.4082 461.7130 177.7262 495.2772 201.8009 1.5755 1.6305 3.9950 -8.7950 1.0865 49.0492 -1.5857 3.5112
Car -1 -1 1.8071 382.5153 176.0229 422.3998 200.8804 1.4714 1.5288 3.7910 -12.6742 0.9284 44.4743 1.5295 1.7124
Car -1 -1 1.6772 510.3396 179.9904 549.3838 211.6602 1.5385 1.5989 3.7501 -3.9674 1.2858 36.7931 1.5698 0.0895
Car -1 -1 -1.5374 528.6862 174.4453 554.5898 201.8559 1.8145 1.6550 3.6938 -4.5379 1.1027 49.4743 -1.6289 -0.1073
Car -1 -1 -1.7034 653.4641 184.5592 726.4610 240.5109 1.4929 1.6102 3.8471 2.2757 1.4765 21.1200 -1.5961 -1.6472
Car -1 -1 1.8765 405.1632 168.2435 435.5704 185.2555 1.4833 1.5579 3.8602 -16.8210 0.0046 64.6419 1.6219 -2.1164
