Car -1 -1 -1.3618 391.0899 187.7093 487.5613 250.7944 1.4427 1.6134 4.0727 -4.2778 1.5156 18.6471 -1.5873 12.3794
Car -1 -1 -1.2720 350.6019 187.7836 421.1637 226.3273 1.3777 1.5764 3.7348 -8.5307 1.4849 27.8084 -1.5696 10.1235
Car -1 -1 -1.4101 468.3028 182.3926 519.2475 221.0951 1.5106 1.5512 3.4650 -4.6993 1.4015 29.7895 -1.5666 9.2065
Car -1 -1 -1.5759 576.9816 179.6021 607.7096 207.7741 1.5067 1.6440 4.0512 -0.9099 1.2076 40.4889 -1.5984 6.2649
Car -1 -1 -1.1696 229.2222 183.5917 356.9607 248.2604 1.6042 1.6695 4.3634 -8.6125 1.5650 20.0142 -1.5760 5.8371
Car -1 -1 -1.3540 396.4706 181.1559 432.5671 203.5902 1.4380 1.5821 3.6278 -12.8591 1.1789 47.9221 -1.6162 3.7033
Car -1 -1 -1.3394 424.0790 169.0093 449.3516 184.1361 1.4704 1.5947 4.0001 -17.1380 -0.1102 72.1579 -1.5725 3.2600
Car -1 -1 1.6976 493.9470 181.1682 533.2483 210.4306 1.5403 1.6531 4.1472 -5.2000 1.3284 39.9102 1.5680 1.8825
Car -1 -1 -1.4918 494.2849 174.9481 514.1056 190.5203 1.4483 1.5886 3.7390 -9.8874 0.4945 68.7698 -1.6346 1.2994
Car -1 -1 -1.4806 515.4960 184.3968 543.6607 206.6710 1.4616 1.5803 3.7630 -5.3203 1.4090 49.0613 -1.5886 0.3703
Car -1 -1 -1.4196 446.6880 178.3515 480.2516 202.2729 1.4917 1.5903 3.7812 -9.3622 1.0648 46.7481 -1.6173 -0.6425
Car -1 -1 -1.6327 638.2072 183.3154 670.4753 210.1072 1.4894 1.6245 4.0253 2.6480 1.3849 41.9728 -1.5697 -0.9785
Car -1 -1 -1.5026 418.8990 180.6953 454.8342 211.6209 1.5738 1.6229 3.8028 -9.1534 1.3449 38.5868 -1.7355 -1.1520
Car -1 -1 -0.9312 670.2788 164.7496 713.1914 182.9447 1.4976 1.5796 4.0039 7.2195 -0.2000 61.6607 -0.8147 -1.5000
Car -1 -1 0.1583 473.3221 168.5913 530.3391 187.7628 1.4894 1.6414 4.2441 -8.3382 0.1990 56.6913 0.0123 -1.5223
Car -1 -1 3.4129 289.6899 174.3972 381.7508 206.7501 1.4889 1.6032 3.7883 -12.8566 0.9921 34.0458 3.0518 -1.7088
