Car -1 -1 -1.0650 0.0000 198.6828 332.9867 374.0000 1.3857 1.6516 4.5037 -4.8182 1.5829 8.1878 -1.5969 14.1912
Car -1 -1 -1.1912 216.2837 186.5191 343.4399 256.0002 1.5549 1.6101 3.7809 -8.1235 1.5923 18.0782 -1.6135 12.8605
Car -1 -1 -1.2622 308.8321 185.2889 401.0852 236.6997 1.5712 1.6843 4.3110 -8.3947 1.5750 24.1480 -1.5967 9.3136
Car -1 -1 -1.4480 481.5144 186.2875 525.7347 219.7886 1.4352 1.5504 3.7466 -4.7282 1.4881 32.8016 -1.5912 7.9282
Car -1 -1 -1.5885 572.0168 182.9593 602.9523 212.0166 1.5900 1.6942 4.2083 -1.2387 1.4677 41.4739 -1.6184 7.2141
Car -1 -1 -1.0525 99.7486 184.7030 250.4592 247.3630 1.5068 1.6374 4.1177 -11.4792 1.4956 19.3556 -1.5878 5.8857
Car -1 -1 -1.3551 381.4141 140.0806 502.5297 246.7071 2.6704 2.1385 6.1948 -4.6489 1.5411 21.0980 -1.5720 5.8522
Car -1 -1 -1.4570 500.3117 183.4834 533.1183 208.3599 1.4599 1.5831 3.7296 -5.5627 1.3593 44.0558 -1.5826 1.5490
Car -1 -1 -1.2165 368.5994 173.1912 405.1453 192.0924 1.4704 1.5919 3.8064 -17.7488 0.5361 57.8648 -1.5141 0.9900
Car -1 -1 1.6037 526.7125 183.0684 546.1522 200.3150 1.4682 1.5771 3.8119 -6.2497 1.2865 63.1467 1.5050 0.9142
Car -1 -1 2.2728 0.0000 165.1416 65.8694 188.1367 1.4926 1.6067 3.8694 -38.9627 0.1907 48.6106 1.5971 -0.3615
