Car -1 -1 -1.0592 0.0000 194.1312 349.1302 374.0000 1.4636 1.6154 3.9356 -4.0540 1.5759 6.9744 -1.5857 14.5203
Car -1 -1 -1.3145 378.4520 187.3292 476.3805 248.1468 1.3650 1.5295 3.5287 -4.4502 1.4243 18.0285 -1.5565 14.0708
Car -1 -1 -1.4114 451.6694 182.2334 508.1595 221.2893 1.4168 1.5710 3.8791 -4.9460 1.3098 28.0254 -1.5861 11.6661
Car -1 -1 -1.2976 333.6652 179.4705 410.6844 225.6510 1.5750 1.6680 4.0575 -8.6386 1.3802 26.5736 -1.6119 9.1511
Car -1 -1 -1.4431 495.7097 182.5994 533.3014 211.3062 1.4252 1.5086 3.5091 -4.8420 1.2964 37.4402 -1.5717 8.3675
Car -1 -1 -1.1104 148.0874 190.2901 300.5510 266.7970 1.4799 1.5564 3.5383 -8.3543 1.6061 15.9248 -1.5936 7.8588
Car -1 -1 -1.0927 159.1510 165.7381 285.2208 227.6561 1.8293 1.7539 4.4755 -12.4401 1.2550 23.4792 -1.5800 7.3582
Car -1 -1 -1.5704 576.5556 177.7903 608.4313 207.3564 1.5038 1.6217 3.5607 -0.8462 1.1273 38.3562 -1.5925 6.1281
Car -1 -1 1.7536 473.8761 171.8219 503.3133 191.0513 1.4671 1.6082 3.9397 -9.3959 0.4464 56.8269 1.5897 0.7868
Car -1 -1 -1.4694 330.8514 181.5161 373.3099 214.9140 1.5863 1.6215 4.0162 -12.8744 1.4117 36.2831 -1.8104 -1.4554
Car -1 -1 -1.6313 649.7314 182.1763 689.2127 215.3272 1.4657 1.6042 3.8258 2.8079 1.3325 33.7099 -1.5481 -1.7348
Car -1 -1 -1.3363 393.5424 178.0838 426.1766 197.5071 1.5367 1.6695 4.1240 -16.1980 0.9736 58.9576 -1.6044 -1.7648
