Car -1 -1 -1.3122 352.6492 181.3902 460.3555 249.9551 1.4677 1.5762 3.7286 -4.7383 1.3870 17.2558 -1.5802 14.5304
Car -1 -1 -1.0443 0.0000 191.1135 339.4824 374.0000 1.4576 1.5292 3.4187 -4.2634 1.5342 7.4871 -1.5619 12.8148
Car -1 -1 -1.3834 449.4662 179.2962 510.2071 220.1170 1.4014 1.5356 3.7538 -4.6876 1.1994 26.5623 -1.5581 11.5860
Car -1 -1 -1.1253 210.1821 176.4460 308.1895 225.2155 1.5981 1.6113 3.8716 -12.2696 1.3118 25.4899 -1.5740 9.2434
Car -1 -1 -1.0968 130.4264 177.5171 295.4603 256.0016 1.5044 1.5806 3.7940 -8.4463 1.3580 15.6878 -1.5907 9.0494
Car -1 -1 -1.2535 304.4579 180.9178 387.4900 227.6425 1.4588 1.6020 3.5408 -8.7636 1.3257 24.2331 -1.6005 8.8829
Car -1 -1 -1.5583 575.3223 175.4679 609.6903 207.1924 1.5267 1.6540 4.0194 -0.7847 1.0587 36.6061 -1.5798 7.4733
Car -1 -1 -1.1871 331.0124 160.4149 378.6307 184.3451 1.4747 1.5964 3.7873 -16.2773 -0.0574 46.3649 -1.5247 5.3184
Car -1 -1 -0.8434 0.0000 159.7143 67.2908 284.7659 1.8871 1.7095 4.2951 -12.2619 1.5034 13.0149 -1.5991 4.0764
Car -1 -1 2.1749 22.4031 177.8457 130.2969 216.5701 1.4797 1.5900 3.9517 -21.6696 1.1992 29.4627 1.5407 3.3414
Car -1 -1 0.1661 440.9304 172.4426 508.0919 198.0648 1.5585 1.6424 3.8781 -8.2483 0.7827 44.5759 -0.0169 2.1601
Car -1 -1 1.7784 424.8257 173.0209 456.1600 194.1394 1.6302 1.6441 4.0520 -13.3569 0.6900 57.5285 1.5502 1.4913
Car -1 -1 3.2873 469.3375 165.4180 517.4340 183.4837 1.4681 1.5738 3.7358 -9.4339 -0.1439 59.3771 3.1297 -0.0129
Car -1 -1 1.9372 363.0879 169.1320 401.3650 188.7214 1.4727 1.5339 3.9563 -17.5543 0.2647 56.0616 1.6338 -1.6784
Car -1 -1 -1.8144 627.9238 179.0586 671.7357 205.8218 1.5032 1.6445 4.0701 2.4062 1.1585 42.5243 -1.7579 -1.7604
