Car -1 -1 -1.2060 256.9425 186.9703 376.9576 247.9178 1.4202 1.6024 3.9404 -7.5036 1.4721 18.8419 -1.5850 14.2917
Car -1 -1 -0.9330 0.0000 189.1606 150.1863 267.5418 1.4809 1.5894 4.2011 -12.2734 1.5809 15.9062 -1.5902 13.5179
Car -1 -1 -0.8348 0.0000 205.3066 249.4065 374.0000 1.4521 1.5689 3.9296 -3.4742 1.6064 3.4751 -1.6200 11.4138
Car -1 -1 -1.3014 373.1180 182.5352 441.7460 224.2091 1.5206 1.6284 3.8158 -7.7882 1.4240 28.1348 -1.5715 7.9408
Car -1 -1 -1.3500 386.7238 175.0048 507.4085 261.7326 1.6327 1.6452 4.2778 -3.3735 1.4416 15.6752 -1.5620 7.8693
Car -1 -1 -1.5907 580.4771 179.5701 614.1604 211.0944 1.5081 1.6130 3.6306 -0.5982 1.2391 36.2291 -1.6072 7.0457
Car -1 -1 -1.1381 221.4524 185.3751 316.4658 227.4283 1.4431 1.6306 4.0767 -12.5004 1.4507 26.7231 -1.5757 5.0595
Car -1 -1 1.7023 468.8429 177.3812 520.7068 217.9063 1.6497 1.7001 4.1908 -4.8907 1.3319 31.3746 1.5476 4.6195
Car -1 -1 0.2553 412.2661 178.3511 481.2511 202.6605 1.4962 1.5801 3.9539 -10.0919 1.0749 45.1010 0.0352 0.1809
Car -1 -1 1.8457 409.7125 168.0747 438.6926 185.1741 1.4828 1.5464 3.7681 -16.3773 -0.0027 64.2447 1.5961 -1.0081
Car -1 -1 1.8030 445.4565 177.1306 473.1593 194.5759 1.4727 1.5005 3.9410 -12.9161 0.7913 62.6713 1.5997 -1.7961
