Car -1 -1 -1.3601 411.9796 183.0227 490.1223 236.7786 1.4582 1.5501 3.5305 -4.5831 1.3998 21.2622 -1.5724 14.3662
Car -1 -1 -1.2062 217.0657 188.3690 405.7104 290.0027 1.3881 1.5572 3.8954 -4.6985 1.4500 11.8926 -1.5825 13.8513
Car -1 -1 -1.0467 101.8415 177.9185 239.0523 238.2942 1.5335 1.5890 3.8054 -12.1342 1.3493 20.1707 -1.5883 11.4497
Car -1 -1 -0.9092 0.0000 184.7206 161.2567 325.6828 1.6061 1.6058 4.0236 -8.4111 1.6016 10.2196 -1.5979 11.1899
Car -1 -1 -1.5352 574.8318 175.6868 611.6624 209.9575 1.5984 1.6820 3.8542 -0.6990 1.1551 35.4637 -1.5549 8.9625
Car -1 -1 -1.2679 347.1315 180.6169 415.4900 220.0001 1.4947 1.5939 3.7609 -9.1346 1.3213 29.1603 -1.5715 7.7903
Car -1 -1 -1.3970 445.3414 177.2699 500.9820 217.9193 1.5400 1.5939 3.7192 -5.4136 1.2401 29.0977 -1.5809 7.1143
Car -1 -1 -1.0888 211.5933 186.7586 338.7046 247.4089 1.4295 1.5599 3.5200 -8.6075 1.4749 18.8297 -1.5176 3.1047
Car -1 -1 -1.4128 425.5150 170.9726 465.8451 198.8701 1.4753 1.6144 3.7694 -8.9812 0.7232 39.9438 -1.6340 3.0758
Car -1 -1 1.9382 335.6540 170.6594 379.4944 192.8545 1.4807 1.5566 3.9697 -17.3503 0.5107 49.9614 1.6040 2.1246
Car -1 -1 -1.4264 412.7663 178.7438 443.6383 200.1182 1.4883 1.6113 4.0244 -12.9968 1.0388 52.1326 -1.6707 1.2852
Car -1 -1 -1.3644 347.0814 176.0191 393.6457 205.4820 1.4730 1.5974 3.7452 -12.4795 1.0143 37.8854 -1.6826 1.2299
Car -1 -1 -1.6481 629.1869 168.5374 652.2017 190.8232 2.0228 1.8021 4.6428 3.0536 0.5101 67.5926 -1.6030 0.3870
