Car -1 -1 -1.3895 413.5427 186.5108 488.6709 233.3605 1.3944 1.6622 4.3070 -5.0907 1.4421 23.6896 -1.6012 12.0408
Car -1 -1 -0.9748 0.0000 198.2608 220.3565 319.1884 1.4256 1.5541 3.7254 -7.5999 1.6560 10.7533 -1.5901 11.5821
Car -1 -1 -1.2769 333.9588 187.8666 402.4494 228.6327 1.4160 1.5025 3.4340 -8.9309 1.5229 26.9281 -1.5971 10.5247
Car -1 -1 -1.5532 571.2174 182.0173 603.0303 210.4470 1.4723 1.6475 3.8739 -1.1206 1.3078 39.1688 -1.5818 8.6088
Car -1 -1 -1.0962 162.5365 184.4161 277.1121 237.0449 1.6070 1.6721 4.0969 -12.8348 1.5837 24.0080 -1.5871 7.8694
Car -1 -1 -1.2205 253.2368 185.5482 368.2239 246.2184 1.4728 1.6137 3.9328 -7.9288 1.4839 19.4633 -1.6074 5.5575
Car -1 -1 -1.4097 383.1658 182.1750 416.9196 205.3436 1.4327 1.5520 3.4724 -13.3507 1.2458 46.2662 -1.6906 4.5868
Car -1 -1 -1.1656 109.4080 186.8550 426.3023 374.0000 1.5828 1.6449 3.9947 -3.4124 1.6068 8.0294 -1.5675 4.5568
Car -1 -1 -1.5753 578.5965 173.8715 596.4990 190.2610 1.4670 1.6025 3.9593 -1.8837 0.4527 66.3438 -1.6037 2.2622
Car -1 -1 -0.9297 0.0000 183.8269 139.6274 253.6174 1.4357 1.5046 3.3931 -12.6287 1.4083 16.4901 -1.5832 1.9141
Car -1 -1 -1.6369 619.8748 182.8889 647.6351 206.0840 1.4763 1.5849 3.8051 1.6656 1.3294 47.6763 -1.6019 0.8175
Car -1 -1 0.1514 432.7145 180.8312 475.8500 197.8167 1.4929 1.5587 3.5663 -13.6607 1.1087 64.0601 -0.0587 0.2973
Car -1 -1 -1.1504 381.4163 168.9327 415.2287 185.6696 1.4607 1.5586 3.6717 -18.8081 0.0407 64.6591 -1.4334 0.0809
Car -1 -1 -1.4529 488.4890 167.4598 536.6175 211.5233 2.1509 1.9044 5.1575 -4.9339 1.2853 37.6761 -1.5831 -0.5660
