Car -1 -1 -1.2657 311.0968 189.5841 445.3732 271.7788 1.3870 1.5045 3.4945 -4.3772 1.4843 14.0626 -1.5675 13.9051
Car -1 -1 -1.3853 423.8448 181.9920 496.5673 229.6179 1.4576 1.6349 4.2092 -4.8843 1.3601 24.1137 -1.5851 12.6776
Car -1 -1 -0.9916 0.0000 196.6111 211.4829 300.4993 1.3709 1.5690 3.6779 -8.2809 1.5881 11.7565 -1.6053 12.6259
Car -1 -1 -1.2223 279.7006 180.0370 378.4463 233.8348 1.5350 1.6359 3.9042 -8.6211 1.3884 22.4734 -1.5886 10.8005
Car -1 -1 -1.5593 575.6558 176.1231 609.3789 209.2277 1.6539 1.6850 3.8782 -0.8124 1.2008 37.8582 -1.5807 8.6030
Car -1 -1 -1.0140 54.8806 158.4790 235.0637 245.0337 2.0711 1.8477 4.8038 -12.3662 1.4325 19.6044 -1.5768 8.1421
Car -1 -1 -1.4417 482.0726 180.0481 524.7729 214.0466 1.4957 1.5355 3.4040 -4.8216 1.2695 33.3346 -1.5854 7.5892
Car -1 -1 2.3919 0.0000 221.4538 162.8046 374.0000 1.4678 1.6034 4.1066 -3.9437 1.7335 3.1352 1.4928 5.4631
Car -1 -1 -1.4338 466.9921 175.3785 495.7592 195.9192 1.4498 1.5884 3.6737 -9.2297 0.7566 52.6010 -1.6075 4.1427
Car -1 -1 -1.7082 657.5341 183.5676 712.1639 222.8375 1.4664 1.6274 4.0388 2.9853 1.4060 28.8861 -1.6052 2.1437
Car -1 -1 -0.8669 705.1151 165.2527 789.0737 201.7807 1.6924 1.6944 4.2586 6.8487 0.7686 35.2938 -0.6752 1.7446
Car -1 -1 -2.9946 477.1884 166.9162 520.6079 182.9684 1.4751 1.5774 3.8170 -10.1410 -0.2111 67.0732 -3.1447 0.9885
Car -1 -1 -1.3404 420.0432 176.1120 462.0643 202.4373 1.4490 1.5780 3.5924 -9.5675 0.9490 41.3609 -1.5678 -0.1368
Car -1 -1 -1.6595 626.1457 183.0573 653.9253 205.2537 1.4849 1.5855 3.9141 2.1911 1.3417 50.0785 -1.6158 -1.9820
