Car -1 -1 -1.3345 358.8671 183.8101 485.2028 269.2322 1.4905 1.5812 3.8571 -3.6191 1.4671 14.4746 -1.5795 13.9274
Car -1 -1 -1.1074 156.2476 176.6632 324.6172 259.4390 1.5778 1.6207 4.0377 -7.8446 1.4159 15.7177 -1.5703 13.6109
Car -1 -1 -1.5649 580.5698 177.5820 619.5350 215.0097 1.5722 1.6369 3.6586 -0.3701 1.2526 32.0259 -1.5764 11.1208
Car -1 -1 -0.8537 0.0000 197.0617 131.7368 344.5280 1.4551 1.5635 4.0153 -8.3930 1.6449 9.4288 -1.5810 10.0079
Car -1 -1 2.1990 0.0000 183.1042 174.1476 254.8925 1.5225 1.5593 3.5305 -12.1639 1.4789 17.0133 1.5783 8.1443
Car -1 -1 -1.3837 452.0490 179.9339 491.9132 206.2136 1.4363 1.5833 3.6915 -7.7458 1.1487 41.1302 -1.5698 7.6438
Car -1 -1 -1.4398 484.5080 169.4651 545.2310 222.7404 1.8400 1.7324 4.0523 -3.4238 1.2972 26.8537 -1.5667 7.0163
Car -1 -1 -1.2595 308.9739 187.0952 396.2606 238.1570 1.4305 1.5354 3.4347 -7.7472 1.4937 22.0009 -1.5981 5.0453
Car -1 -1 1.7793 495.8736 177.4765 524.8204 195.9508 1.5085 1.6222 4.0575 -8.2088 0.8777 60.7760 1.6450 2.4621
Car -1 -1 1.6352 378.5385 167.9230 402.9501 187.4003 1.4858 1.6076 3.8407 -17.1547 0.1678 56.8860 1.3423 -0.3394
Car -1 -1 -2.7112 230.8336 177.7073 335.3870 214.2567 1.4727 1.5487 3.6296 -13.4173 1.1713 29.7476 -3.1350 -0.6549
Car -1 -1 -1.3648 442.8792 176.6346 473.0333 196.2531 1.4834 1.5653 3.8125 -11.6997 0.8357 56.2564 -1.5699 -0.7461
Car -1 -1 -1.4314 465.6680 177.5649 496.0882 199.1204 1.4687 1.5975 3.9103 -8.9727 0.9485 50.9572 -1.6057 -1.7840
