Car -1 -1 -1.2306 229.0935 191.9206 404.7276 293.2353 1.3738 1.5265 3.6084 -4.6084 1.5022 11.8129 -1.6026 14.3936
Car -1 -1 -1.1297 158.1168 186.8450 314.7185 259.2282 1.4553 1.6367 3.9920 -8.3821 1.4985 16.5573 -1.5983 12.2357
Car -1 -1 -1.3598 399.9030 180.3078 492.0373 239.2644 1.4791 1.6431 4.3234 -4.4516 1.3571 20.1969 -1.5768 11.8806
Car -1 -1 -1.5836 576.5011 175.4737 658.3898 256.1157 1.6250 1.6506 3.8056 0.1387 1.4298 16.3880 -1.5751 11.4743
Car -1 -1 -0.9187 0.0000 184.1324 141.9303 261.7742 1.5588 1.6280 4.0518 -12.8275 1.5382 16.4621 -1.5806 8.0813
Car -1 -1 -1.3353 366.3000 181.5819 429.6199 219.8280 1.4544 1.6047 3.9345 -8.5110 1.3173 29.3343 -1.6177 4.6590
Car -1 -1 -1.4957 651.1712 182.4079 674.5464 200.9549 1.4640 1.6116 4.0384 4.5286 1.2435 58.8579 -1.4189 4.4177
Car -1 -1 -1.5640 543.2280 168.9613 563.4105 189.2422 1.7457 1.7341 4.7077 -4.8624 0.3477 64.2814 -1.6395 4.3245
Car -1 -1 -1.2544 328.4110 166.9738 395.9855 207.9839 1.9139 1.8184 4.6987 -12.1870 1.0637 35.9044 -1.5816 3.1844
Car -1 -1 2.1855 68.3455 182.6733 191.1608 228.5361 1.4503 1.6032 3.8038 -16.2770 1.3711 24.6546 1.6020 2.2306
Car -1 -1 -1.1547 254.9549 178.6685 339.5021 218.3605 1.4821 1.6004 4.0855 -12.3987 1.2387 28.8891 -1.5601 1.6264
Car -1 -1 -1.3868 464.8081 157.9591 538.4140 220.9554 2.3084 1.9751 5.4258 -4.1961 1.3108 29.0884 -1.5301 -0.6883
