Car -1 -1 -1.2894 341.1999 170.7973 468.4283 256.6508 1.7785 1.7341 4.3968 -4.6812 1.4809 17.0981 -1.5567 12.8910
Car -1 -1 -1.0982 143.5728 188.2213 300.7359 266.4038 1.5371 1.5891 3.6809 -8.4950 1.6134 16.1219 -1.5831 12.1215
Car -1 -1 -1.5606 576.0617 176.2245 622.7479 221.1692 1.6030 1.6652 3.8970 -0.3419 1.2835 27.5854 -1.5730 10.4029
Car -1 -1 -1.3914 458.0751 181.6585 513.8174 219.7181 1.4734 1.6066 3.8971 -5.0091 1.3369 29.7845 -1.5581 10.2954
Car -1 -1 -1.1667 257.1711 183.6972 334.7628 222.7485 1.5396 1.5964 3.8875 -13.0675 1.4809 30.2833 -1.5740 9.6252
Car -1 -1 -0.8093 0.0000 98.4855 156.2034 365.9839 2.4423 1.9502 5.0222 -8.3491 1.6516 9.0882 -1.5523 3.0045
Car -1 -1 -1.3934 461.2180 168.8534 492.5264 190.4143 1.4793 1.5520 3.7886 -9.3035 0.3578 51.2121 -1.5731 0.7787
Car -1 -1 2.4350 0.0000 186.6893 133.9031 374.0000 1.5685 1.6704 4.0917 -3.8352 1.5794 2.6599 1.4706 0.5903
Car -1 -1 -1.5381 532.5429 178.8152 555.7527 199.8135 1.4755 1.5683 3.6539 -4.6237 1.0269 52.3766 -1.6262 -0.0919
Car -1 -1 3.3675 390.3453 174.6367 464.1270 201.2183 1.4864 1.5805 3.8283 -10.2878 0.8960 41.0224 3.1218 -2.0156
