Car -1 -1 -1.2906 333.3563 184.6825 452.4325 258.5034 1.4858 1.5953 3.7888 -4.7817 1.4762 16.3626 -1.5750 13.4542
Car -1 -1 -1.5523 577.8214 173.2746 629.8014 223.8462 1.5908 1.6361 3.6591 -0.1436 1.2163 24.4488 -1.5582 12.6102
Car -1 -1 -1.0802 100.7308 184.6841 288.8603 270.9163 1.5565 1.6388 4.1200 -8.4229 1.5480 15.0473 -1.5905 12.4796
Car -1 -1 -0.9522 0.0000 185.8745 176.4179 256.1412 1.5438 1.6395 4.0597 -12.7965 1.5632 17.8607 -1.5739 11.2523
Car -1 -1 -1.3121 411.5106 176.4254 461.7617 206.5259 1.4583 1.5972 3.7225 -8.7050 1.0336 36.7044 -1.5449 4.6959
Car -1 -1 -1.2585 324.2138 183.0146 378.8399 212.2193 1.4460 1.6017 3.7759 -13.3260 1.3382 37.5004 -1.5999 3.1072
Car -1 -1 -0.6307 0.0000 130.9830 145.8437 374.0000 1.7218 1.7504 4.7979 -4.5565 1.6579 3.2654 -1.5797 2.8433
Car -1 -1 -1.5536 511.2119 175.7206 542.5585 204.8012 1.4795 1.5884 3.6882 -4.3270 0.9976 38.4803 -1.6656 2.2821
Car -1 -1 2.1381 59.4498 169.5486 115.5496 190.0931 1.4745 1.5829 3.8172 -38.6948 0.3512 53.5425 1.5123 -0.3234
Car -1 -1 -1.4174 439.6038 147.3377 521.2239 225.5981 2.6247 2.1129 6.0561 -4.6762 1.3555 27.1513 -1.5879 -0.6534
