Car -1 -1 -1.1781 173.4888 185.2867 402.4353 322.8477 1.5453 1.5782 3.5581 -4.1549 1.5476 9.8572 -1.5770 14.2451
Car -1 -1 -1.3516 415.7764 183.4173 491.4698 234.3686 1.4387 1.5532 3.4406 -4.6753 1.3890 22.0224 -1.5607 13.7939
Car -1 -1 -1.2629 333.2677 181.0150 413.5068 225.6383 1.4742 1.5892 4.0035 -8.3245 1.3366 25.7506 -1.5755 12.4386
Car -1 -1 -1.6037 577.6097 173.5508 652.9260 249.3871 1.6210 1.6136 3.5090 0.0629 1.3728 17.1390 -1.6000 11.9157
Car -1 -1 -1.4419 474.5099 179.9081 525.3052 216.8496 1.4423 1.5966 4.0341 -4.4801 1.2362 30.0941 -1.5896 10.3820
Car -1 -1 -1.0163 0.0000 190.9599 210.4253 302.6734 1.5140 1.6055 4.0059 -8.4928 1.6274 11.9977 -1.6323 6.9904
Car -1 -1 -0.9783 59.2372 183.7078 216.9382 244.2654 1.4423 1.5607 3.9443 -12.3148 1.4075 19.1044 -1.5509 6.7236
Car -1 -1 -1.3188 392.9181 172.6355 440.1854 203.0608 1.8434 1.7884 4.7577 -12.1647 1.0823 45.9358 -1.5777 6.5660
Car -1 -1 -1.3809 453.7477 174.8437 489.9647 198.7579 1.4764 1.5784 3.9531 -8.7380 0.8372 46.3547 -1.5672 1.6699
Car -1 -1 -1.5894 700.3123 164.2086 721.4164 183.0287 1.4808 1.6379 4.0411 8.4402 -0.1852 59.1506 -1.4477 1.2343
Car -1 -1 -1.8213 645.4681 185.0664 679.7375 206.6480 1.5083 1.5912 3.7717 3.9254 1.4990 52.2311 -1.7463 -2.1700
