Car -1 -1 -1.3193 356.6391 182.3363 469.8033 259.3290 1.5381 1.5769 3.7063 -4.2902 1.4817 16.2156 -1.5780 14.7374
Car -1 -1 -1.3987 455.9995 181.5014 511.2657 221.8607 1.4745 1.5631 3.3714 -4.7996 1.3400 27.9473 -1.5688 11.5610
Car -1 -1 -1.1350 179.4906 186.3724 328.6415 256.0054 1.5018 1.6481 4.2123 -8.5308 1.5348 17.6873 -1.5844 10.4829
Car -1 -1 -1.5782 579.4850 176.1735 651.3959 245.2459 1.5977 1.6634 3.9546 0.1300 1.3897 18.6016 -1.5712 10.3239
Car -1 -1 -0.9479 0.0000 182.1027 318.8689 374.0000 1.5855 1.6166 4.0469 -3.7048 1.5734 5.0770 -1.5783 8.2791
Car -1 -1 2.1431 100.6992 183.6281 168.8961 208.6389 1.4516 1.5948 3.9179 -28.6765 1.3606 43.6847 1.5622 5.9519
Car -1 -1 -1.4821 499.2689 179.1044 536.9604 209.8053 1.4551 1.5527 3.6601 -4.4633 1.1666 35.9238 -1.6058 5.6675
Car -1 -1 -1.1560 277.0237 184.0742 349.9798 220.9764 1.5304 1.5889 3.7814 -12.9264 1.4842 31.7209 -1.5430 5.0080
Car -1 -1 0.3427 172.9309 187.3092 314.1890 234.9573 1.4658 1.6005 3.7537 -11.7106 1.5376 23.2275 -0.1243 0.4696
Car -1 -1 -1.2946 378.6655 181.2651 441.2824 222.7735 1.6820 1.6437 3.7458 -8.4860 1.5230 31.0052 -1.5618 0.2769
Car -1 -1 -1.3470 415.9978 169.9563 452.1335 193.5053 1.6170 1.6565 4.0420 -12.3860 0.5703 51.3885 -1.5835 0.0218
Car -1 -1 2.1215 157.4344 191.9985 208.6292 212.6619 1.4829 1.5883 3.8349 -32.3195 2.0192 54.7836 1.5885 -1.5301
