Car -1 -1 -1.0507 0.0000 185.2577 343.7339 374.0000 1.5418 1.5704 3.5786 -4.1408 1.5434 7.2055 -1.5723 14.7894
Car -1 -1 -1.2276 301.4891 179.6168 395.8029 229.9719 1.5014 1.6351 3.9966 -8.3567 1.3356 23.4288 -1.5703 13.9035
Car -1 -1 -1.3261 389.6016 182.2738 478.4331 241.2722 1.4599 1.5452 3.4698 -4.6582 1.3882 19.5268 -1.5603 12.9748
Car -1 -1 -1.5938 574.0207 170.3369 653.1434 249.8334 1.6462 1.6410 3.4466 0.0377 1.3392 16.6218 -1.5915 10.7948
Car -1 -1 -1.4141 460.7302 176.5264 520.5190 217.2664 1.4526 1.6451 4.1402 -4.4661 1.1439 27.7000 -1.5740 10.6947
Car -1 -1 2.2479 0.0000 181.4947 134.2140 258.2048 1.4499 1.6004 3.9420 -12.4019 1.3807 15.5580 1.5749 4.4140
Car -1 -1 2.2739 0.0000 182.9529 84.0124 337.8684 1.5164 1.5486 3.5847 -8.5167 1.4954 8.8697 1.5088 2.2455
Car -1 -1 -1.0850 162.7209 177.6920 271.5636 225.8312 1.4784 1.5796 3.8339 -12.9369 1.2485 23.9966 -1.5795 -0.5643
Car -1 -1 2.1961 70.4175 176.5495 178.8790 216.9520 1.4686 1.5843 3.8033 -18.7534 1.1547 28.0546 1.6069 -0.6577
Car -1 -1 -1.3945 456.3697 171.3507 493.5213 196.8557 1.4843 1.5759 3.8404 -8.0606 0.6785 43.7559 -1.5767 -0.6785
Car -1 -1 1.7564 441.7009 166.4957 468.2284 184.4098 1.4657 1.5268 3.7892 -12.9208 -0.0693 60.8948 1.5473 -0.8604
Car -1 -1 -1.7160 717.7103 173.4603 753.6012 199.4809 1.5334 1.6232 3.9004 7.8137 0.8418 44.3314 -1.5415 -1.6701
