Car -1 -1 -1.1652 120.2039 191.2218 320.8546 303.4237 1.6132 1.6167 3.9788 -6.5511 1.7367 12.5943 -1.6449 13.2192
Car -1 -1 -1.3155 311.1436 190.3958 402.7971 248.8729 1.5151 1.5960 3.8375 -7.2260 1.6814 20.9449 -1.6477 11.5201
Car -1 -1 -1.5199 670.2612 181.7390 730.4657 239.1758 1.6301 1.6694 3.7801 2.9163 1.5326 22.4071 -1.3905 11.0468
Car -1 -1 -0.8872 0.0000 208.0013 90.8942 336.5683 1.5092 1.6316 4.1129 -10.3662 1.9347 11.2810 -1.6303 3.7329
Car -1 -1 1.7460 753.2787 181.8352 788.1980 204.9661 1.5494 1.6763 4.2429 11.4537 1.3241 50.4296 1.9694 3.1729
Car -1 -1 1.8327 357.3403 182.6217 402.0596 211.3034 1.6444 1.6371 3.7749 -13.6513 1.4968 43.1324 1.5261 2.9497
Car -1 -1 -1.0146 5.9864 205.7353 149.5905 265.1074 1.4635 1.5811 3.8570 -15.3800 2.1227 21.0675 -1.6452 2.0053
Car -1 -1 1.8094 385.0564 181.9263 410.7637 197.8192 1.5028 1.5794 3.6582 -20.3588 1.1929 69.8342 1.5257 1.6459
Car -1 -1 -1.1825 210.2966 191.8771 310.0760 242.9865 1.5192 1.6173 3.9131 -11.4534 1.7603 23.8864 -1.6296 1.5730
Car -1 -1 -1.1056 82.3173 206.3621 233.6573 279.4821 1.4580 1.5697 3.7629 -10.7289 2.0282 17.3968 -1.6582 1.5057
Car -1 -1 -1.2531 288.4563 196.0588 353.7895 233.2788 1.4671 1.5666 3.6991 -12.4423 1.9694 31.3276 -1.6312 1.1083
Car -1 -1 -1.2216 267.1714 184.8533 323.6815 213.0658 1.4739 1.6053 3.9267 -17.1390 1.4561 39.5582 -1.6304 -0.0289
