Car -1 -1 -1.5754 589.4788 181.0189 644.8260 231.6051 1.4297 1.5645 3.3015 0.2312 1.3122 21.9685 -1.5649 9.8647
Car -1 -1 -1.6612 656.4118 173.6717 689.2102 200.0071 1.5187 1.6304 3.7262 3.8519 0.8541 43.3160 -1.5725 8.4858
Car -1 -1 -1.5936 588.6820 175.3445 628.9291 213.5619 1.5401 1.6236 3.8295 -0.0405 1.1435 30.8992 -1.5949 4.4453
Car -1 -1 1.7594 644.3702 168.8270 670.2908 185.7349 1.5180 1.6330 4.2715 4.6336 0.0477 66.8099 1.8286 2.5745
Car -1 -1 1.6567 509.9356 178.5556 534.1691 197.9427 1.4613 1.5589 3.8117 -6.6734 0.9604 56.1096 1.5384 1.3070
Car -1 -1 -1.5925 584.6691 172.9233 615.6515 202.5283 1.5349 1.5977 3.7321 -0.4827 0.8987 39.1592 -1.6049 0.4990
Car -1 -1 1.5193 607.5963 162.1318 631.3796 182.9940 1.4772 1.5554 3.9743 0.8200 -0.1700 53.3391 1.5347 -0.6139
Car -1 -1 1.6008 567.5372 177.7705 589.3351 197.1299 1.4909 1.6199 4.0662 -2.3252 0.9186 57.3969 1.5603 -0.9078
Car -1 -1 1.7634 468.2320 177.4997 492.1303 193.7744 1.4710 1.5055 3.7214 -11.8404 0.7747 66.8449 1.5881 -0.9180
Car -1 -1 1.9036 318.8512 171.2101 387.0444 211.1296 1.6964 1.6827 4.0397 -11.4846 1.1024 32.5702 1.5646 -1.0478
Car -1 -1 1.6631 534.0642 171.1014 564.3744 195.6260 1.5376 1.6201 3.9758 -3.8139 0.6538 47.0617 1.5822 -1.0675
Car -1 -1 -1.3967 431.3442 169.9680 463.8593 194.0510 1.7054 1.6589 4.0788 -11.7745 0.6268 52.9743 -1.6154 -1.1902
Car -1 -1 1.6804 563.0269 173.2387 583.3558 188.5547 1.4903 1.6071 4.0031 -3.4376 0.3260 71.9898 1.6327 -1.3362
Car -1 -1 1.8857 350.1261 171.1847 407.2878 204.9934 1.6322 1.6504 3.8993 -11.6348 0.9559 36.6558 1.5783 -1.4619
Car -1 -1 2.1463 17.7166 183.6610 195.1673 255.2714 1.4784 1.5945 3.7405 -11.4817 1.4475 16.7278 1.5448 -1.5834
