Car -1 -1 -1.5998 564.1242 169.7751 605.1205 206.3483 1.4424 1.6045 3.6209 -1.0585 0.8345 30.2042 -1.6348 10.7888
Car -1 -1 -1.6699 636.1682 168.2670 673.8566 198.7934 1.5459 1.6365 3.6789 2.4385 0.6887 38.2679 -1.6062 7.9555
Car -1 -1 -1.6176 604.0956 166.2538 622.9019 182.3916 1.4685 1.5990 3.7936 0.5123 -0.2737 68.0128 -1.6101 1.9049
Car -1 -1 -1.8632 666.5864 168.2973 693.8247 184.0866 1.4887 1.5908 3.8714 7.0291 -0.1122 70.1186 -1.7633 0.1643
Car -1 -1 1.6573 499.5824 161.2753 537.0772 193.8230 1.6018 1.6041 3.8937 -4.6260 0.4247 37.3500 1.5341 -0.8101
Car -1 -1 1.8911 310.1288 161.6740 373.3483 195.7342 1.5617 1.6486 4.2165 -12.9253 0.4834 35.0900 1.5382 -1.0429
Car -1 -1 -1.6546 784.5816 162.2336 824.3655 196.2323 1.6273 1.6262 3.7146 9.8696 0.5284 36.3767 -1.3896 -1.1516
Car -1 -1 1.6537 509.0591 170.3681 542.8257 197.0102 1.4781 1.6314 3.9980 -4.7487 0.6555 41.8997 1.5409 -1.3436
Car -1 -1 1.6914 524.9080 164.3883 551.5769 184.4062 1.4848 1.5802 4.0119 -5.3472 -0.0637 55.5033 1.5954 -1.4293
Car -1 -1 -1.7726 727.7917 170.9137 788.1961 212.2345 1.6112 1.6571 4.1703 6.1701 1.0547 30.1120 -1.5705 -1.5227
Car -1 -1 1.6295 549.3656 167.1203 574.2163 188.0435 1.4720 1.5909 3.8320 -3.3422 0.2001 52.4897 1.5659 -1.7619
