Car -1 -1 -1.6235 539.8269 194.1299 730.6303 374.0000 1.4609 1.5769 3.3317 0.1120 1.5772 7.5887 -1.6087 11.7115
Car -1 -1 -1.5805 565.6826 177.6152 652.6737 259.0814 1.5006 1.6037 3.7756 -0.0468 1.3617 15.1349 -1.5835 8.8453
Car -1 -1 -1.5596 562.3943 172.7094 619.6678 227.7919 1.5764 1.6396 3.8792 -0.5477 1.2196 22.5194 -1.5839 4.5814
Car -1 -1 -0.9968 285.4690 180.2688 325.2601 196.4117 1.4762 1.5774 3.9353 -28.4834 1.0250 67.8101 -1.3945 1.7627
Car -1 -1 1.6275 582.3217 167.7109 628.1425 211.0482 1.6771 1.6789 4.0162 -0.0789 1.0008 29.8662 1.6248 0.8201
Car -1 -1 -1.6069 628.3873 180.0219 652.0187 201.1918 1.4958 1.5823 4.0488 2.3323 1.1299 52.8177 -1.5628 0.3385
Car -1 -1 -2.9651 660.7946 171.3641 709.0381 188.6304 1.5007 1.6202 4.0374 6.8478 0.2979 63.8190 -2.8582 0.0308
Car -1 -1 1.9495 298.1184 176.0383 334.1052 193.6360 1.4762 1.5583 3.8986 -25.2202 0.7075 62.2530 1.5646 -0.6368
Car -1 -1 -1.4635 530.9849 168.6845 559.2956 190.5433 1.5281 1.6364 3.9639 -4.5316 0.3736 52.2469 -1.5500 -1.1088
Car -1 -1 1.6090 552.7641 164.0069 575.8233 186.7474 1.7495 1.6797 4.2825 -3.4546 0.1190 57.4606 1.5489 -1.9037
Car -1 -1 -1.4903 680.2514 175.0912 706.4280 196.0806 1.4639 1.5893 3.7659 6.2189 0.7589 52.1339 -1.3716 -1.9807
