Car -1 -1 -8.0523 448.9049 185.9522 541.0117 252.5150 1.5169 1.6994 3.8105 -3.2292 1.9056 19.3453 -8.2163 2.5788
Car -1 -1 -7.8228 228.3336 186.9723 284.2097 238.2600 1.6217 1.6854 4.4365 -12.9400 2.1861 26.4884 -8.2737 2.4530
Car -1 -1 -8.0199 427.4430 184.0632 489.7068 235.4545 1.6081 1.5913 3.3488 -5.3972 2.0286 25.2346 -8.2291 1.8734
Car -1 -1 -8.0321 404.1109 187.5791 460.8103 229.7430 1.5178 1.5975 3.7678 -7.3450 2.1603 29.4489 -8.2750 1.8334
Car -1 -1 -7.8074 384.2273 186.1974 415.3493 214.0479 1.4610 1.5561 3.5418 -12.1094 2.2649 41.5793 -8.0895 0.8954
Car -1 -1 -4.5290 0.0000 164.3874 238.0667 374.0000 2.0058 1.7681 4.6585 -5.7439 1.9330 8.6681 -5.1006 -0.4449
Pedestrian -1 -1 -3.7725 824.0272 166.4187 856.4769 242.1164 1.6558 0.5560 0.4468 5.0871 1.5148 16.1186 -3.4728 -1.1830
Cyclist -1 -1 -4.8894 616.2749 178.0936 640.2974 226.9104 1.6011 0.5686 1.4368 0.5647 1.7848 24.5810 -4.8675 -1.2684
Pedestrian -1 -1 -5.5569 665.6034 172.4908 694.1287 229.3510 1.6889 0.5342 0.6757 2.0667 1.6778 21.8612 -5.4647 -1.2758
Pedestrian -1 -1 -8.1487 793.1432 162.8492 828.1165 238.5676 1.7118 0.6592 0.4826 4.5481 1.4853 16.5640 -7.8860 -1.9493
Pedestrian -1 -1 -5.7518 222.5783 179.9768 232.9263 200.4127 1.8409 0.6758 0.5669 -34.7676 2.4915 65.5906 -6.2377 -1.9884
Car -1 -1 -7.9900 405.1453 171.2292 430.6522 194.3158 2.0264 1.7187 3.9250 -17.4799 1.8835 65.4735 -8.2502 -2.0279
Car -1 -1 -8.1447 518.7586 183.4838 592.0942 228.2505 1.4774 1.6655 3.9013 -2.1604 1.9052 26.9395 -8.2247 -2.1890
