Car -1 -1 -8.2842 835.9719 176.7186 1241.0000 374.0000 1.5389 1.5832 3.7542 3.1500 1.5809 6.0040 -7.8222 2.6135
Car -1 -1 -7.6781 404.6601 177.1504 513.0286 260.6878 1.5974 1.6565 3.9673 -3.2549 1.7043 16.0045 -7.8763 2.3487
Car -1 -1 -8.1069 739.1349 174.4475 879.8785 281.4019 1.5716 1.4935 3.1650 3.1748 1.6018 12.2365 -7.8599 2.2590
Car -1 -1 -7.8764 656.8151 175.0610 697.2288 212.0559 1.4364 1.5780 3.5764 2.6983 1.5337 30.0696 -7.7884 2.1349
Car -1 -1 -8.0604 690.7131 177.0596 793.7502 249.9595 1.4983 1.5953 3.7626 2.9246 1.6080 16.9612 -7.8934 2.0091
Car -1 -1 -7.7983 624.3144 171.4881 649.2319 193.4343 1.6225 1.6976 3.9744 2.0602 1.5212 55.4004 -7.7617 -0.2843
Car -1 -1 -7.3586 123.4619 186.3783 225.3725 229.8995 1.4038 1.5838 3.7422 -15.8236 1.9332 26.3578 -7.8951 -0.9594
Car -1 -1 -7.3645 615.2461 173.1426 656.3892 192.6342 1.5819 1.6610 4.2673 2.1945 1.6069 60.8892 -7.3290 -1.2436
Car -1 -1 -7.6699 497.2014 176.3423 560.2170 218.3774 1.5047 1.7246 4.1309 -3.1465 1.6515 28.3038 -7.7802 -1.4276
Pedestrian -1 -1 -6.7180 983.8992 162.4310 999.8618 204.6821 1.7595 0.5434 0.3991 16.0044 1.3251 30.3275 -6.2368 -1.6127
Car -1 -1 -2.6237 224.2229 181.7050 382.0552 238.7064 1.4985 1.5819 3.8047 -8.6211 1.7596 20.2974 -3.0211 -1.8433
Car -1 -1 -5.1855 988.1174 171.8144 1241.0000 369.6803 1.5218 1.6512 3.9846 5.5812 1.5135 7.6369 -4.5733 -1.9955
Cyclist -1 -1 -8.5691 825.0502 170.5168 887.6026 242.7741 1.6475 0.4403 1.6410 5.8229 1.5939 17.2930 -8.2502 -2.0191
Car -1 -1 -6.9944 1001.6130 168.2292 1144.6742 217.6242 1.5227 1.6168 3.7579 14.8708 1.3798 23.3223 -6.4328 -2.0998
