Car -1 -1 -4.3949 187.0956 188.9194 512.5172 374.0000 1.5197 1.6431 4.1494 -2.1900 1.7263 7.1939 -4.6817 2.5275
Cyclist -1 -1 -8.4039 1032.4652 146.8254 1103.1765 228.3779 1.7614 0.4718 1.8085 10.3660 1.1989 16.4892 -7.8510 2.2062
Pedestrian -1 -1 -4.9093 891.3935 158.5021 918.2775 218.8255 1.8017 0.6234 0.7230 8.9179 1.3727 21.9625 -4.5287 -0.4744
Pedestrian -1 -1 -4.6860 857.6346 166.5741 877.4899 217.3664 1.6995 0.6232 0.6853 8.7275 1.4891 24.5732 -4.3490 -0.5516
Cyclist -1 -1 -4.6623 494.9394 177.1660 506.8903 209.6895 1.7581 0.5665 1.8920 -6.1118 2.0040 40.2306 -4.8126 -1.1271
Pedestrian -1 -1 -8.1799 376.5018 180.2014 395.9199 222.9375 1.7368 0.6261 0.5457 -9.3080 2.0448 29.8675 -8.4800 -1.4933
Pedestrian -1 -1 -7.4916 391.5204 176.2077 405.7248 203.4960 1.7821 0.7558 0.5377 -13.9435 2.0039 47.4909 -7.7760 -1.5262
Cyclist -1 -1 -4.7876 504.4097 175.3338 516.3311 206.9984 1.8175 0.5468 1.9939 -5.9273 1.9672 42.6101 -4.9254 -1.5336
Cyclist -1 -1 -4.6855 386.0419 173.0916 400.4424 213.2018 1.7476 0.5753 1.5288 -9.7255 1.7582 32.2596 -4.9764 -1.6997
Pedestrian -1 -1 -4.4509 835.1428 170.5704 855.2386 217.7348 1.6920 0.5529 0.6385 8.5292 1.6098 26.3030 -4.1411 -1.8394
Car -1 -1 -3.4489 706.0327 181.7368 931.7677 272.9714 1.5084 1.5968 3.5757 3.5904 1.6787 12.9769 -3.1859 -1.8775
Car -1 -1 -4.2018 643.1069 171.7184 685.3147 194.3910 1.7056 1.6214 3.8353 4.2379 1.6199 56.3270 -4.1275 -2.0390
Cyclist -1 -1 -5.6951 60.6306 165.4265 144.6687 237.2177 1.8577 0.7156 1.7065 -13.4200 1.6652 19.0447 -6.3026 -2.0439
Pedestrian -1 -1 -5.7115 176.5811 162.6874 223.2021 231.1955 1.8057 0.5457 0.9398 -11.0226 1.5375 19.3182 -6.2243 -2.1702
Pedestrian -1 -1 -3.5057 718.3038 173.8340 736.2588 221.4283 1.6767 0.4975 0.4849 4.1324 1.7117 25.7240 -3.3489 -2.1719
