Car -1 -1 -4.5236 417.5107 187.1991 555.3157 292.3337 1.4932 1.6502 4.0111 -2.0633 1.7884 12.8322 -4.6810 2.4683
Cyclist -1 -1 -8.5949 1100.1500 138.1769 1210.9209 238.2669 1.7930 0.5364 1.9105 10.3886 1.1715 13.9046 -7.9635 2.1725
Pedestrian -1 -1 -4.6057 885.1751 158.4294 908.7378 215.0023 1.7674 0.6421 0.5750 9.0788 1.3165 22.9448 -4.2338 0.3349
Car -1 -1 -6.6231 690.8118 184.0856 888.7020 272.4133 1.4837 1.5725 3.1976 3.1826 1.7058 13.3238 -6.3947 -1.3353
Cyclist -1 -1 -3.0780 842.5863 166.3177 880.2067 204.4030 1.8469 0.6936 1.7165 12.3769 1.5296 35.6398 -2.7468 -1.4791
Cyclist -1 -1 -4.5815 504.6222 172.6672 518.1958 204.0573 1.8277 0.5671 1.8352 -5.8934 1.8165 42.9308 -4.7176 -1.5401
Pedestrian -1 -1 -3.5763 717.0104 172.9878 735.3180 220.6393 1.6905 0.5077 0.4784 4.1226 1.6950 25.9087 -3.4210 -1.7333
Pedestrian -1 -1 -6.3126 1192.9886 114.1219 1241.0000 314.7892 1.9006 0.6992 0.5536 6.1914 1.3441 7.2800 -5.6280 -1.8592
Cyclist -1 -1 -7.9207 394.6310 177.9219 401.7849 203.3683 1.6533 0.3518 1.5841 -14.1265 1.9958 48.0029 -8.2057 -1.9523
Car -1 -1 -7.3700 638.7290 174.5399 678.8499 195.4986 1.5892 1.5950 3.7761 3.8643 1.7270 57.0631 -7.3031 -1.9795
Pedestrian -1 -1 -4.6153 799.1401 144.4125 825.9772 221.9244 2.0656 0.6134 1.1103 5.5319 1.3074 19.8565 -4.3479 -2.1553
Pedestrian -1 -1 -4.9288 703.6800 159.9741 716.6626 191.3148 1.9255 0.6127 0.9232 6.1830 1.1339 44.8156 -4.7929 -2.1657
Cyclist -1 -1 -4.6290 495.3617 173.3241 507.5435 206.0697 1.7944 0.5307 1.7794 -6.1180 1.8210 40.4692 -4.7785 -2.1723
