Car -1 -1 -7.7204 496.1310 179.3254 554.5327 227.4873 1.6255 1.6499 3.8958 -3.1174 1.8835 26.8426 -7.8355 2.8953
Car -1 -1 -8.1510 746.8060 176.2144 1034.2582 368.0194 1.5858 1.6373 4.2427 2.6949 1.6335 8.1692 -7.8443 2.3936
Car -1 -1 -8.0075 674.9872 179.8501 762.4421 244.6492 1.5104 1.6414 4.3079 2.7509 1.7197 19.4525 -7.8700 2.2720
Car -1 -1 -8.0867 703.6284 182.0293 837.7444 276.6036 1.4934 1.6040 3.6332 2.8074 1.6894 13.5941 -7.8885 1.9675
Car -1 -1 -7.9775 646.4917 177.9538 686.5731 212.1667 1.5930 1.5619 3.4311 2.7236 1.8586 35.8698 -7.9029 1.7133
Car -1 -1 -4.6410 522.7287 183.0842 560.6560 215.0045 1.4785 1.6350 4.2229 -3.4784 2.0318 36.9149 -4.7348 0.2783
Car -1 -1 -7.9866 663.4011 179.7449 722.1177 223.8638 1.5256 1.6811 4.1126 3.0464 1.8095 27.6762 -7.8789 0.2391
Car -1 -1 -7.8935 634.8176 179.6596 661.6756 206.1110 1.5975 1.5690 3.6744 2.3899 2.0520 46.3724 -7.8429 -0.0802
Car -1 -1 -8.5169 923.8187 19.8137 1241.0000 374.0000 1.8087 1.6205 3.7243 2.7596 1.5922 2.9160 -7.8090 -0.2907
Pedestrian -1 -1 -7.9319 733.1149 173.0171 744.7446 202.7328 1.8095 0.6520 0.6541 7.8773 1.8192 44.2969 -7.7575 -0.8693
Car -1 -1 -5.0782 797.6014 178.8775 901.4310 235.5982 1.4731 1.5709 3.8520 6.8284 1.6656 21.1258 -4.7703 -1.1318
Pedestrian -1 -1 -7.8539 723.8058 171.7442 737.8822 207.2504 1.7418 0.6821 0.7151 5.9544 1.6871 35.8044 -7.6910 -1.1495
Car -1 -1 -4.3796 696.9196 177.6698 749.2044 207.9244 1.5546 1.6410 4.0205 6.2688 1.8352 39.9250 -4.2256 -1.3414
Pedestrian -1 -1 -6.0093 627.9161 173.6671 636.1952 195.7161 1.8099 0.6460 0.5298 1.7988 1.8773 59.6450 -5.9797 -1.5019
Car -1 -1 -8.0762 778.4359 172.1996 828.8306 203.7905 1.4835 1.6192 3.6915 9.4899 1.4525 35.7562 -7.8192 -1.7240
Car -1 -1 -7.4966 334.3645 153.8995 381.9879 187.8569 2.2832 1.7821 4.2377 -17.6404 1.0084 50.6530 -7.8303 -1.7991
Car -1 -1 -7.9022 791.2762 181.0108 839.6403 223.7967 1.4910 1.5922 3.7362 7.8334 1.8287 27.9032 -7.6319 -1.8793
Car -1 -1 -7.7596 450.2476 154.3885 1241.0000 374.0000 1.6487 1.6629 3.8274 0.9825 1.6167 3.3226 -7.4981 -2.0352
Cyclist -1 -1 -6.8801 848.8333 170.2855 897.9069 219.3255 1.8024 0.6690 1.6372 9.8232 1.7077 27.0482 -6.5358 -2.0772
Pedestrian -1 -1 -5.3103 456.3129 174.8746 474.6916 211.7017 1.8616 0.6583 0.6749 -7.4488 1.9663 36.9974 -5.5080 -2.0991
