Car -1 -1 -7.9928 687.2459 177.1708 806.0241 269.6714 1.5252 1.6514 4.2270 2.4658 1.6228 14.2322 -7.8257 2.6480
Pedestrian -1 -1 -4.2289 313.7408 189.8966 370.6860 296.0052 1.6215 0.6848 0.5133 -4.2859 1.8981 11.4219 -4.5811 1.7309
Car -1 -1 -4.1307 0.0000 204.2364 314.4420 374.0000 1.4980 1.6545 4.1729 -3.7159 1.8061 4.9760 -4.7473 1.5107
Car -1 -1 -8.4359 864.6690 176.9379 1241.0000 374.0000 1.5932 1.5296 3.4668 2.5652 1.6228 3.5511 -7.8500 0.5386
Car -1 -1 -4.7763 540.3712 177.3436 564.9325 198.3800 1.6185 1.7242 4.0786 -4.7138 1.9959 58.5695 -4.8566 0.0767
Car -1 -1 -2.8550 313.8389 175.9376 470.5643 240.5086 1.8313 1.7278 4.1317 -6.4187 1.9262 21.4139 -3.1434 0.0269
Car -1 -1 -7.9890 627.7821 174.7189 656.9381 198.0400 1.6347 1.6144 3.9172 2.3059 1.7765 52.9261 -7.9462 -0.7921
Car -1 -1 -7.9416 645.9220 175.8467 699.0408 219.0511 1.6089 1.7549 4.3114 2.4165 1.7392 29.3308 -7.8608 -0.8557
Car -1 -1 -8.0348 638.6124 176.9358 686.7781 208.9737 1.5044 1.7102 4.0791 2.5646 1.7228 36.5441 -7.9659 -1.3360
Car -1 -1 -7.8853 573.0350 175.7000 591.3234 192.0324 1.4961 1.6195 3.6640 -2.6892 1.7740 68.6386 -7.9246 -1.8209
Pedestrian -1 -1 -7.0536 749.5258 156.6366 768.0195 203.5317 1.9692 0.5727 0.5170 6.2809 1.2879 30.6791 -6.8540 -1.8578
