Car -1 -1 -7.7652 551.2740 177.6674 579.9052 203.2918 1.6403 1.5980 3.9293 -3.0047 1.9796 48.9196 -7.8267 1.6715
Car -1 -1 -7.8583 656.0847 178.5121 698.3879 217.9008 1.4956 1.6388 4.0940 2.7427 1.7480 30.1124 -7.7690 0.0408
Car -1 -1 -7.8682 648.3693 178.7058 678.8395 207.0547 1.5232 1.6681 3.7288 3.0098 1.8747 41.4658 -7.7968 -0.7539
Car -1 -1 -8.0219 648.2983 176.4119 694.2308 211.6700 1.6201 1.6186 3.8408 2.9184 1.8048 35.5388 -7.9413 -0.7657
Cyclist -1 -1 -4.6879 736.4915 168.9171 749.4164 203.2979 1.7944 0.6428 1.7176 7.0745 1.5886 38.5649 -4.5083 -0.8953
Car -1 -1 -7.5039 672.4066 170.4768 751.3260 220.2688 1.6935 1.6973 3.7677 3.7790 1.6124 26.6029 -7.3650 -1.1337
Cyclist -1 -1 -4.8172 654.7759 169.4450 677.4379 223.8769 1.8845 0.6147 1.8339 1.9539 1.7661 25.9061 -4.7435 -1.3184
Cyclist -1 -1 -8.0016 645.2543 177.1952 656.0490 207.2035 1.6482 0.3644 1.6559 2.2506 1.8979 40.7151 -7.9473 -1.4382
Car -1 -1 -5.1658 618.6318 174.0992 658.2496 196.3149 1.7754 1.6645 4.0981 2.3020 1.8826 60.1198 -5.1281 -1.7644
Car -1 -1 -4.1491 523.2791 180.2563 567.8770 200.5342 1.4792 1.5844 3.9876 -5.0134 2.0787 56.3282 -4.2379 -1.7881
Cyclist -1 -1 -7.2681 322.0668 184.4443 366.5456 240.4869 1.7102 0.4366 1.7776 -8.6074 2.0991 23.3128 -7.6187 -1.8683
Car -1 -1 -7.8426 621.5220 179.2003 650.8939 207.3006 1.5013 1.6043 3.6932 1.4791 1.8806 41.2804 -7.8076 -1.9555
