Car -1 -1 -8.0123 694.4221 175.9318 812.7615 267.9390 1.5723 1.6136 4.3233 2.6842 1.6438 14.6522 -7.8357 2.5706
Car -1 -1 -7.7337 521.5173 175.6506 567.7986 214.5506 1.6743 1.6513 4.1379 -3.0054 1.8117 33.4497 -7.8232 2.4687
Car -1 -1 -7.9782 658.6930 175.3307 721.6885 222.9264 1.5601 1.7034 4.3617 2.7576 1.6569 26.0778 -7.8747 1.6942
Car -1 -1 -8.0277 675.9931 177.6464 756.2833 237.7653 1.5057 1.6014 3.5063 2.8164 1.6509 20.1368 -7.8916 0.7190
Car -1 -1 -7.8393 646.3668 173.5472 674.4408 202.0919 1.6007 1.5766 3.6384 2.9499 1.6430 42.4314 -7.7708 0.2762
Car -1 -1 -7.6003 630.1507 175.3021 663.5265 198.0220 1.5895 1.5603 3.7404 2.7086 1.7757 52.9329 -7.5499 -0.2310
Car -1 -1 -3.0743 510.1609 172.5469 563.4810 195.7329 1.9010 1.7059 4.3132 -6.0850 1.8755 60.0834 -3.1752 -0.9755
Pedestrian -1 -1 -3.4052 976.3550 145.1977 1029.4664 252.7291 1.8154 0.6313 0.6638 6.7719 1.3482 12.5617 -2.9211 -1.2854
Pedestrian -1 -1 -4.1908 407.5804 167.6299 427.4601 211.6700 1.9718 0.6522 0.6117 -8.7586 1.7376 32.6855 -4.4510 -1.6813
Car -1 -1 -8.3604 652.0627 178.7606 726.8730 214.5538 1.4536 1.6305 3.8454 3.4153 1.7330 32.0794 -8.2559 -1.7285
Pedestrian -1 -1 -6.1531 498.8278 173.0817 509.1133 202.1768 1.8210 0.7418 0.5513 -6.7240 1.8352 45.5414 -6.2993 -1.7417
Car -1 -1 -7.8038 714.9255 162.1740 740.9033 187.8171 1.8001 1.6802 4.1065 8.6374 1.0501 52.8346 -7.6429 -2.0802
