Car -1 -1 -8.2354 810.7122 144.0766 1189.0905 374.0000 1.7444 1.6834 4.2559 3.3772 1.5348 7.4010 -7.8233 2.7788
Car -1 -1 -7.6476 721.5505 171.5467 804.6299 229.2444 1.4445 1.5714 3.5299 4.2675 1.4115 19.9959 -7.4410 2.4772
Car -1 -1 -4.4064 325.1886 178.4530 483.5231 284.1755 1.5878 1.6131 3.8509 -3.5529 1.7036 13.0028 -4.6689 2.1779
Car -1 -1 -7.6825 523.6460 166.4498 598.1069 224.4216 1.7350 1.7197 4.4389 -1.5651 1.5431 23.8930 -7.7479 1.7892
Car -1 -1 -4.5051 434.2974 175.2197 508.7584 223.3404 1.4731 1.6284 4.2285 -4.6274 1.5599 24.4297 -4.6909 1.7760
Car -1 -1 -7.2746 764.6484 167.6709 875.2411 217.5387 1.5633 1.6616 4.0860 7.1599 1.4005 24.5834 -6.9949 0.6223
Pedestrian -1 -1 -7.8285 1183.1538 160.4848 1208.9208 215.9887 1.8069 0.6528 0.5838 19.3827 1.4039 23.9225 -7.1539 -1.0448
Pedestrian -1 -1 -4.8822 878.8322 150.5899 894.3484 186.8532 1.9048 0.6394 0.8106 14.6608 0.7350 38.3594 -4.5199 -1.4969
Car -1 -1 -8.0692 586.0188 169.8306 620.3845 191.8031 1.4696 1.6136 3.7973 -0.5450 1.2671 50.2901 -8.0803 -1.5267
Pedestrian -1 -1 -4.8844 143.0505 160.0308 164.8192 209.0565 1.8316 0.6082 0.5867 -17.3505 1.3522 27.3778 -5.4451 -1.6835
Pedestrian -1 -1 -4.9842 264.6357 164.3902 287.3731 213.7811 1.8132 0.5706 0.8321 -12.5415 1.5022 26.9904 -5.4157 -1.9107
Pedestrian -1 -1 -7.0785 43.9633 171.9260 93.4939 258.3343 1.7194 0.5916 0.5478 -11.0501 1.7007 14.6699 -7.7155 -1.9508
Pedestrian -1 -1 -5.0998 1087.5577 152.6356 1153.9602 277.7984 1.6944 0.5886 0.5504 7.0772 1.4204 10.0984 -4.5027 -2.0247
Pedestrian -1 -1 -3.6064 1217.8188 152.2751 1241.0000 209.7391 1.7781 0.6179 0.6360 19.6281 1.1410 22.7026 -2.9001 -2.0707
Pedestrian -1 -1 -8.0614 130.3077 168.7690 174.8199 271.8171 1.7598 0.5559 0.5927 -8.1246 1.6898 12.7285 -8.6203 -2.1434
Pedestrian -1 -1 -3.2248 46.5249 172.7761 90.8039 289.8374 1.7116 0.4686 0.5009 -8.2270 1.7102 10.8912 -3.8602 -2.1915
