Car -1 -1 -7.9584 849.2361 185.5260 908.9938 231.7317 1.5200 1.6437 4.2111 10.0092 2.0369 27.2071 -7.6101 3.0898
Car -1 -1 -8.1612 982.6375 198.2104 1241.0000 374.0000 1.4818 1.6119 3.8010 3.8422 1.7338 5.1236 -7.5463 2.4980
Pedestrian -1 -1 -8.1713 1002.0869 172.9791 1027.4744 220.7392 1.7995 0.6676 0.6693 15.4194 1.8040 27.5788 -7.6666 -1.0170
Pedestrian -1 -1 -8.4313 1020.6273 170.4154 1044.5269 214.0153 1.8346 0.6437 0.6165 17.9235 1.7317 30.6863 -7.9073 -1.7489
Pedestrian -1 -1 -6.2547 1088.9524 165.2975 1114.6066 217.3549 1.7883 0.7059 0.7280 17.1879 1.5284 25.2846 -5.6635 -1.8047
Pedestrian -1 -1 -3.7980 1112.9086 166.5747 1131.6447 193.2097 1.8249 0.4893 0.9520 35.2512 1.3943 49.6999 -3.1841 -1.8998
Car -1 -1 -8.3814 1136.7157 165.4915 1199.8320 188.4310 1.5496 1.6401 4.1530 39.2618 1.0520 50.9061 -7.7274 -2.0047
Pedestrian -1 -1 -6.7373 1224.6642 165.8543 1241.0000 238.1890 1.7448 0.5539 0.5044 15.5142 1.5756 17.7358 -6.0272 -2.0401
Pedestrian -1 -1 -8.5698 789.5306 171.1571 805.2320 200.1003 1.8046 0.5623 0.8117 11.7734 1.6985 45.4775 -8.3185 -2.1425
Pedestrian -1 -1 -7.3278 1013.7866 175.2882 1032.4369 212.1389 1.7525 0.5753 0.5636 19.8566 1.8707 34.7552 -6.8129 -2.1871
