Car -1 -1 -4.5852 657.5846 180.0635 706.4727 216.6743 1.4955 1.6941 4.0786 3.2638 1.8418 32.5087 -4.4867 2.3988
Car -1 -1 -7.8843 826.4467 177.5128 944.9576 288.8514 1.5926 1.6494 3.5579 4.5756 1.6851 12.4303 -7.5402 2.2954
Car -1 -1 -7.8423 827.0665 175.6320 906.8560 250.3184 1.6216 1.6772 3.7631 6.3026 1.6981 17.8736 -7.5092 0.5665
Car -1 -1 -4.8073 797.9839 178.1298 835.2828 206.7776 1.5165 1.6608 3.8565 11.6499 1.8309 40.9944 -4.5327 0.5387
Car -1 -1 -4.5809 704.7780 179.5764 738.0731 202.9015 1.4690 1.7116 4.1357 7.5672 1.9455 48.9499 -4.4289 0.3210
Cyclist -1 -1 -4.8192 869.4158 173.9024 883.8691 206.4146 1.7183 0.5707 1.4840 14.3561 1.7757 38.9731 -4.4692 -0.7872
Pedestrian -1 -1 -4.2832 201.1591 209.7514 246.7864 302.7869 1.1587 0.3336 0.5364 -5.1211 1.6575 9.4831 -4.7672 -1.5452
Cyclist -1 -1 -7.4092 581.6260 169.9975 610.0014 212.9240 1.9238 0.6329 1.7164 -0.6828 1.7955 33.2488 -7.4302 -1.5594
Pedestrian -1 -1 -4.2788 84.9092 211.1563 129.1251 298.2585 1.1414 0.3738 0.3686 -6.9197 1.6756 9.8553 -4.8786 -1.6641
Car -1 -1 -8.0222 839.1095 170.0818 869.8129 191.7773 1.7419 1.7576 4.0299 20.2777 1.5191 60.0594 -7.6984 -1.8229
Car -1 -1 -5.1773 712.9554 175.5231 749.9498 193.3638 1.5143 1.5981 4.0180 10.7138 1.7589 64.0428 -5.0127 -1.9199
Car -1 -1 -4.6870 680.1786 168.4660 700.2176 189.1542 1.7499 1.6471 3.9741 7.0169 1.3785 63.1113 -4.5771 -2.0671
Pedestrian -1 -1 -8.4447 882.7254 174.0274 903.4113 214.4935 1.7888 0.6360 0.5966 12.6173 1.8416 32.2776 -8.0758 -2.1554
