Car -1 -1 -4.5131 416.5550 180.2660 518.8847 251.7490 1.5105 1.6820 3.9684 -3.3925 1.7120 17.6535 -4.7009 2.2724
Car -1 -1 -4.5804 517.8494 181.2634 565.0161 215.3536 1.4835 1.7055 4.2697 -3.2636 1.9121 34.6335 -4.6742 2.1800
Car -1 -1 -4.8178 654.7680 177.3599 711.0814 225.2860 1.7077 1.7371 4.1175 2.7218 1.8962 28.1660 -4.7232 1.7831
Car -1 -1 -7.9815 643.0549 182.8138 686.4283 216.4824 1.4881 1.6120 3.7764 2.5565 1.9971 34.9632 -7.9098 1.4533
Car -1 -1 -4.7892 542.2479 175.9657 570.9785 202.6593 1.7558 1.6695 4.1546 -3.7803 1.9812 50.1476 -4.8645 -0.0176
Car -1 -1 -4.7247 637.7932 181.2795 669.1683 211.4932 1.5418 1.6496 4.0349 2.3414 2.0328 40.0179 -4.6672 -1.3523
Pedestrian -1 -1 -4.7342 761.0441 178.7542 778.7490 226.2681 1.7124 0.6150 0.7786 5.8331 1.9328 26.5539 -4.5210 -1.4428
Car -1 -1 -4.1286 508.1878 182.6590 572.7831 212.5233 1.5275 1.6166 4.1061 -3.8785 2.1078 40.5358 -4.2239 -1.4685
Pedestrian -1 -1 -6.2558 516.3201 176.9006 523.9774 201.8201 1.8045 0.7116 0.5369 -6.5969 2.1021 52.7515 -6.3800 -1.4946
Pedestrian -1 -1 -6.9466 499.0185 172.7274 515.2487 201.5780 1.8381 0.5496 0.8843 -6.6585 1.8297 46.4783 -7.0885 -1.9503
Car -1 -1 -4.5385 516.8436 170.9489 541.3220 190.5490 1.7373 1.5918 3.7848 -7.3802 1.5681 65.8918 -4.6499 -2.0824
Pedestrian -1 -1 -6.4478 936.3383 179.2825 963.7668 280.8054 1.7103 0.4722 0.3500 5.8140 1.8235 12.4633 -6.0213 -2.1051
Pedestrian -1 -1 -6.1006 258.5202 163.2069 292.2036 246.4454 1.7933 0.4906 0.5912 -7.3988 1.5852 15.8555 -6.5313 -2.1744
