Car -1 -1 -7.8770 830.9882 176.3777 948.0331 281.9034 1.5948 1.7125 3.6378 4.8900 1.6679 13.0354 -7.5265 2.4304
Car -1 -1 -4.5417 673.7767 177.0686 723.8343 213.7697 1.5484 1.6468 3.8637 4.0764 1.7530 33.0068 -4.4205 2.1634
Car -1 -1 -4.4947 719.9964 177.7515 757.4554 201.5060 1.5174 1.6729 4.1177 8.7916 1.8663 49.2285 -4.3195 0.6921
Car -1 -1 -4.6871 816.2660 175.0958 846.4642 205.4415 1.6392 1.5696 3.7142 12.6601 1.7734 41.2827 -4.3920 0.6062
Car -1 -1 -7.6824 833.1343 178.2323 932.7260 248.1533 1.5363 1.7385 3.9095 6.9600 1.6883 18.3067 -7.3252 -0.1926
Car -1 -1 -4.7471 868.5938 171.8785 893.5759 194.7786 1.5937 1.5508 3.6970 19.5515 1.5255 52.2124 -4.3910 -1.1684
Pedestrian -1 -1 -4.3298 149.2716 203.0134 187.3773 283.4861 1.1498 0.3661 0.3759 -6.5905 1.6051 10.6849 -4.8717 -1.7183
Car -1 -1 -4.8415 740.7490 176.2590 764.6873 194.7899 1.5838 1.6126 3.7610 12.6645 1.8961 64.3051 -4.6483 -1.7281
Car -1 -1 -4.5700 695.6543 168.9663 720.3958 190.1806 1.8082 1.6336 3.8633 8.6425 1.4765 63.5805 -4.4358 -1.7835
Pedestrian -1 -1 -8.3024 443.9112 168.1325 467.2181 224.3879 1.8231 0.5924 0.4997 -5.1340 1.6698 23.7627 -8.5134 -2.1077
