Car -1 -1 -4.3981 238.8584 186.6651 444.1360 315.7014 1.5138 1.6569 4.0856 -3.8417 1.7626 10.9606 -4.7285 2.4479
Car -1 -1 -4.5607 470.0802 186.4897 531.9195 229.3628 1.4498 1.7264 4.3331 -4.1746 2.0187 27.9494 -4.7082 2.4432
Car -1 -1 -4.8274 645.7588 180.2672 718.7209 242.5706 1.6444 1.6894 3.9064 2.0045 1.8852 21.4868 -4.7366 2.1803
Car -1 -1 -7.9972 627.6252 185.9049 681.7639 228.2524 1.4792 1.5787 3.7844 1.6438 2.0272 28.3606 -7.9407 1.8722
Car -1 -1 -4.8177 617.9122 183.6234 661.7100 220.5631 1.5570 1.6114 4.0121 1.2903 2.0899 33.6679 -4.7804 0.5751
Car -1 -1 -4.6670 512.9601 184.4384 541.4767 211.6933 1.4972 1.5326 3.3892 -4.9191 2.2131 42.8622 -4.7812 0.5467
Car -1 -1 -4.6507 606.7626 180.6398 627.1866 198.7685 1.6101 1.6818 4.0161 0.6633 2.3649 67.9157 -4.6414 -0.0861
Car -1 -1 -8.3790 459.6135 183.6138 528.5186 218.8762 1.5783 1.6708 3.7840 -5.7900 2.1372 35.5055 -8.5400 -0.5751
Cyclist -1 -1 -8.1247 706.5549 183.9106 723.1042 220.2688 1.5819 0.3366 1.5373 4.6936 2.0940 32.6546 -7.9839 -1.1371
Car -1 -1 -4.9023 649.5632 172.4190 680.6304 196.2070 1.8205 1.7232 4.0212 4.3085 1.7869 57.3145 -4.8280 -1.4223
Pedestrian -1 -1 -7.9074 455.2997 179.9956 470.0411 213.6337 1.8215 0.7610 0.6204 -8.1330 2.2174 39.6350 -8.1090 -1.5107
Pedestrian -1 -1 -7.8277 316.9645 181.2821 337.8078 234.9843 1.7584 0.6339 0.5238 -9.4779 2.0436 24.0899 -8.1993 -1.5633
Cyclist -1 -1 -5.1961 870.7896 179.7254 939.5977 276.4241 1.6516 0.4735 1.5747 5.3296 1.7852 13.2474 -4.8223 -1.6664
Car -1 -1 -6.6000 729.6876 185.7652 834.6317 221.7663 1.5004 1.6723 4.1866 7.5019 2.0877 31.8183 -6.3712 -1.9073
Cyclist -1 -1 -2.5269 126.4733 168.9995 201.3740 235.6214 1.8371 0.6810 1.7151 -12.5804 1.7305 20.2924 -3.0763 -1.9876
Car -1 -1 -8.6010 1077.7180 180.1559 1241.0000 246.1476 1.5173 1.6055 3.6836 14.3475 1.7279 18.9304 -7.9605 -2.0260
Car -1 -1 -4.9425 515.4310 182.2140 551.0869 206.7059 1.5755 1.6110 3.8943 -5.4018 2.2528 50.1274 -5.0498 -2.1031
Car -1 -1 -6.6132 686.8472 171.7718 775.4536 202.0425 1.5427 1.6691 4.2852 6.3045 1.4872 37.9506 -6.4503 -2.1318
Car -1 -1 -5.0443 600.0718 183.6951 642.3602 208.9485 1.5340 1.6132 3.8724 0.6622 2.2820 47.7154 -5.0311 -2.1920
