Car -1 -1 -7.8165 923.5568 176.2963 1014.5859 256.6803 1.5872 1.6730 3.5932 8.1384 1.6745 16.3949 -7.3636 2.3699
Car -1 -1 -4.5230 814.9369 176.3111 865.6799 209.6949 1.5520 1.6959 4.0970 11.5657 1.7357 36.2058 -4.2166 1.6982
Car -1 -1 -4.5810 868.4155 176.5191 901.3782 199.8953 1.5595 1.6713 4.0495 19.4303 1.8293 50.9981 -4.2193 0.1713
Car -1 -1 -7.7826 939.3204 182.7762 1010.2697 240.2942 1.4198 1.5606 3.7153 10.3719 1.7288 20.4961 -7.3205 -0.6791
Pedestrian -1 -1 -4.6367 1058.1849 181.0237 1077.1689 232.1758 1.6228 0.4847 0.5220 14.7689 1.8910 23.3577 -4.0791 -1.0559
Cyclist -1 -1 -7.8481 1036.4447 178.2171 1044.2507 208.7068 1.6453 0.3651 1.6006 23.8145 1.9480 39.9908 -7.3147 -1.0818
Pedestrian -1 -1 -4.7163 507.7961 193.5481 525.8798 250.0437 1.2026 0.3864 0.3806 -2.0846 1.6596 15.7309 -4.8468 -1.4370
Pedestrian -1 -1 -3.1009 855.0352 172.0403 866.7630 193.1033 1.8377 0.4450 0.9559 22.0001 1.7664 63.3348 -2.7684 -1.4887
Pedestrian -1 -1 -4.5248 441.0888 191.2047 461.3761 244.7622 1.2047 0.3925 0.3710 -3.6916 1.6303 16.5528 -4.7416 -1.6511
Car -1 -1 -4.8067 892.1776 174.0484 916.0425 192.3136 1.5789 1.6031 3.9932 26.3534 1.6894 64.7948 -4.4223 -1.6640
Pedestrian -1 -1 -4.9387 998.2664 200.1924 1029.1573 271.1936 1.1903 0.3772 0.4293 6.9627 1.6753 12.5514 -4.4430 -1.9301
Pedestrian -1 -1 -4.3846 636.0120 179.9567 648.6739 211.7276 1.3645 0.4366 0.4277 1.3651 1.6759 31.3904 -4.3421 -1.9311
Car -1 -1 -4.7772 781.1898 170.0946 809.4007 196.8682 1.8177 1.6622 4.0570 13.0581 1.6300 51.1318 -4.5290 -2.0970
Car -1 -1 -8.0059 959.7021 176.0367 1001.6187 204.5386 1.6260 1.6580 3.9889 22.4018 1.8284 43.7987 -7.5363 -2.1255
Car -1 -1 -4.7527 1012.4893 178.2367 1052.3452 209.7124 1.5145 1.6106 3.8197 21.8515 1.8093 37.4895 -4.2289 -2.1415
