Car -1 -1 -8.1781 753.8627 193.0405 1005.3336 353.2890 1.4240 1.6111 3.7084 2.8916 1.7208 8.7494 -7.8703 2.7281
Car -1 -1 -4.8738 656.8906 183.6084 725.8358 232.0456 1.4162 1.6452 3.8582 2.5629 1.8023 23.9457 -4.7693 2.0908
Car -1 -1 -4.4827 372.5599 184.9531 496.3408 263.8198 1.3707 1.6069 4.1198 -3.5826 1.6604 15.2336 -4.7106 2.0651
Car -1 -1 -4.5665 509.3726 173.0124 559.1210 213.7554 1.7345 1.6622 4.1700 -3.4206 1.7419 32.8523 -4.6700 1.8781
Car -1 -1 -4.5553 470.1807 175.2856 536.1056 229.8595 1.6168 1.5567 3.6323 -3.4256 1.7014 23.3647 -4.6999 1.7898
Car -1 -1 -7.9565 646.7413 179.6122 691.6744 216.1572 1.5311 1.6409 3.8053 2.5961 1.8567 32.8643 -7.8790 1.1181
Car -1 -1 -4.7778 534.6270 175.0264 566.2267 203.0736 1.6215 1.6637 3.9163 -3.7154 1.7601 44.0928 -4.8618 0.6049
Car -1 -1 -4.1229 0.0000 192.5705 212.5071 374.0000 1.5045 1.5703 3.5807 -2.9880 1.6294 2.6665 -4.9164 0.1899
Car -1 -1 -4.9183 629.5084 179.9364 669.6380 206.6263 1.4771 1.6197 3.8791 2.2757 1.9194 43.0550 -4.8664 -1.4343
Car -1 -1 -4.5977 550.1538 177.2729 576.7981 198.5862 1.5004 1.5567 3.7312 -3.4446 1.8394 53.4872 -4.6622 -1.6397
Pedestrian -1 -1 -4.4166 334.8564 150.2179 359.3192 202.7935 1.9556 0.6896 0.7094 -9.9543 1.1133 27.2109 -4.7645 -1.6856
Pedestrian -1 -1 -3.5613 795.3998 153.1443 818.8044 197.2757 1.9364 0.5505 0.8498 8.6949 1.0713 31.9980 -3.2986 -1.6858
Pedestrian -1 -1 -7.9505 81.2208 170.6723 101.9574 216.6235 1.7562 0.6069 0.5222 -20.1431 1.6725 27.9730 -8.5702 -1.7039
Pedestrian -1 -1 -5.5703 196.8510 168.2195 218.4567 228.3864 1.7903 0.5000 0.3191 -12.1726 1.6521 21.7474 -6.0757 -1.7774
Pedestrian -1 -1 -3.5117 805.1594 152.8633 822.4573 199.4154 1.9781 0.5303 0.5586 8.6963 1.1283 30.9505 -3.2406 -1.9015
Cyclist -1 -1 -7.6172 508.6153 166.6882 520.0417 193.9318 1.9474 0.4162 1.7938 -6.9830 1.5063 52.4891 -7.7492 -1.9450
Pedestrian -1 -1 -3.2935 331.0123 151.0150 343.9661 200.9630 1.9290 0.5249 0.3992 -10.6939 1.0853 28.1925 -3.6532 -2.1111
Cyclist -1 -1 -7.2981 0.0000 147.9660 63.2590 271.9443 1.8040 0.4802 1.7281 -9.4840 1.4416 11.3867 -7.9811 -2.1368
Car -1 -1 -4.5926 537.6547 178.2775 567.5120 201.6808 1.4462 1.5359 3.5602 -3.7559 1.8145 47.2353 -4.6719 -2.1947
