Car -1 -1 -8.3429 854.6533 190.8592 1241.0000 374.0000 1.4616 1.5833 3.8865 3.1031 1.6393 5.1716 -7.8285 2.4227
Car -1 -1 -8.1633 740.7534 182.6985 946.2508 317.3007 1.5228 1.6377 3.6826 3.0204 1.6886 10.3037 -7.8871 2.3546
Car -1 -1 -7.9862 663.4229 178.2006 715.7438 218.7115 1.4804 1.5764 3.6909 3.0577 1.7068 28.7264 -7.8819 2.1647
Car -1 -1 -4.6393 478.0281 176.9363 538.2650 230.3172 1.5136 1.5942 3.8966 -3.1778 1.6534 22.7601 -4.7770 1.6506
Car -1 -1 -4.5921 520.1540 176.7236 561.5247 209.8310 1.5011 1.5576 3.8020 -3.3498 1.6993 35.0848 -4.6870 1.1842
Car -1 -1 -4.8172 641.7853 175.4091 674.3943 203.2021 1.6017 1.5706 3.8813 2.8484 1.7639 43.9148 -4.7533 0.6190
Car -1 -1 -4.6755 540.8438 174.5704 569.1797 201.4608 1.5424 1.5708 3.6731 -3.3134 1.6500 43.4907 -4.7515 0.1358
Car -1 -1 -8.0265 688.4521 168.9058 807.1666 260.6609 1.9098 1.9277 4.9019 3.0837 1.8273 17.4703 -7.8556 -1.2071
Cyclist -1 -1 -2.8042 394.0226 170.6593 429.7133 206.4767 1.8662 0.6869 1.6800 -10.4655 1.7516 37.9958 -3.0716 -1.3968
Cyclist -1 -1 -4.2140 1197.8477 141.2656 1241.0000 236.6127 1.8130 0.6164 1.5905 12.4458 1.2120 14.2922 -3.5080 -1.9413
Car -1 -1 -2.6355 339.5020 176.4929 448.8738 217.9185 1.4717 1.5882 3.6045 -8.0928 1.6135 27.0026 -2.9244 -2.0759
Car -1 -1 -4.4312 565.6127 172.9163 595.4525 191.3951 1.5905 1.6240 3.9487 -2.6104 1.5959 64.2301 -4.4720 -2.1920
