Car -1 -1 -7.9445 681.9002 181.0247 744.2089 231.6738 1.4827 1.6636 3.6446 3.2396 1.7704 23.5780 -7.8104 2.5589
Car -1 -1 -4.2455 0.0000 194.9010 412.5970 374.0000 1.4186 1.7301 3.8389 -3.0999 1.6604 5.9980 -4.7056 1.6923
Car -1 -1 -5.4173 899.6995 203.2937 1241.0000 374.0000 1.4191 1.5941 3.9960 3.0651 1.6572 3.6216 -4.7553 1.3465
Car -1 -1 -7.9684 667.5073 180.2968 718.1943 221.4613 1.4958 1.5684 3.7513 3.1942 1.8118 28.7787 -7.8597 1.2956
Car -1 -1 -4.7226 543.4108 177.1253 573.5605 206.8690 1.5854 1.6304 3.9617 -2.9935 1.8404 41.0880 -4.7953 0.5244
Car -1 -1 -7.8283 648.0832 177.3237 674.5535 201.9146 1.5176 1.6364 3.8262 3.3594 1.8221 47.2314 -7.7582 -1.1936
Pedestrian -1 -1 -7.5077 800.2814 160.6740 814.1518 189.9379 1.7995 0.6392 0.6813 12.2194 1.0502 44.8299 -7.2435 -1.4632
Pedestrian -1 -1 -7.7391 774.9752 176.2732 794.4088 225.4755 1.7126 0.6154 0.5126 6.1311 1.8348 25.5082 -7.5065 -1.7450
Pedestrian -1 -1 -7.8634 786.5424 159.4608 799.5036 193.0694 1.8038 0.6725 0.6701 9.8836 1.0847 39.1298 -7.6181 -1.7934
Cyclist -1 -1 -5.7979 0.0000 180.9785 106.8829 317.2433 1.6940 0.5543 1.5322 -7.6209 1.8045 9.4291 -6.4640 -1.8048
Cyclist -1 -1 -7.6520 648.3351 176.5989 660.2092 208.3047 1.6403 0.3242 1.5723 2.3183 1.8430 38.3190 -7.5926 -2.0050
Pedestrian -1 -1 -6.8857 775.9797 174.1787 807.3967 228.2292 1.7467 0.6461 0.7733 5.9362 1.7909 23.7779 -6.6447 -2.0210
Pedestrian -1 -1 -7.3958 903.7479 144.8279 922.0770 179.9084 1.7833 0.6409 0.6698 15.5521 0.3583 37.1397 -7.0021 -2.1565
