Car -1 -1 -8.2574 782.3092 194.0644 1146.9568 374.0000 1.4277 1.6089 3.7308 2.8975 1.6875 6.9614 -7.8793 2.4940
Car -1 -1 -4.8810 661.6863 180.0275 737.1363 236.2621 1.5277 1.6172 3.9896 2.5951 1.7679 22.1563 -4.7668 2.0282
Car -1 -1 -4.4858 338.1970 187.5050 479.8928 279.2251 1.3600 1.6123 4.0963 -3.5916 1.6745 13.4324 -4.7430 1.9916
Car -1 -1 -4.6021 504.7005 174.4208 552.0994 215.3536 1.6286 1.5871 3.9353 -3.4650 1.6995 30.8278 -4.7136 1.4887
Car -1 -1 -4.5180 453.3215 174.5197 530.3801 234.6610 1.6291 1.5631 3.7763 -3.4809 1.6830 21.5652 -4.6768 1.4434
Car -1 -1 -4.6416 533.7026 175.4088 565.8022 204.2822 1.6009 1.6129 3.7389 -3.5197 1.7567 42.2171 -4.7247 0.3796
Car -1 -1 -7.9563 647.0823 181.5660 694.9006 217.4357 1.4051 1.6539 3.8289 2.5260 1.8041 31.1365 -7.8768 0.0054
Pedestrian -1 -1 -7.4793 49.8977 151.1655 80.0213 202.7181 1.8469 0.6775 0.6647 -19.8733 1.0696 26.2591 -8.1223 -0.7723
Pedestrian -1 -1 -2.2399 358.3735 172.6352 397.1330 233.7068 1.6718 0.6409 0.8600 -6.5694 1.6655 20.2572 -2.5502 -0.9572
Pedestrian -1 -1 -4.6945 66.6083 158.0184 94.7494 226.0266 1.8933 0.6326 0.5495 -15.0756 1.4800 20.4932 -5.3226 -1.1820
Car -1 -1 -7.7562 630.1674 176.7510 659.6305 200.5370 1.4868 1.5923 3.7525 2.3105 1.7549 47.7185 -7.7086 -1.2279
Cyclist -1 -1 -8.1755 766.5668 169.8083 787.6057 206.4323 1.7075 0.4350 1.7771 7.9458 1.5652 34.5445 -7.9518 -1.3053
Pedestrian -1 -1 -6.0943 763.5129 168.8089 777.2736 194.3968 1.8195 0.4774 0.8894 11.4630 1.5316 51.7027 -5.8777 -1.3810
Car -1 -1 -4.9348 629.1014 178.4041 672.6734 206.8314 1.5166 1.6494 3.9633 2.2545 1.8509 41.4031 -4.8813 -1.5255
Pedestrian -1 -1 -3.7982 806.1662 153.1814 829.3400 200.3165 1.9499 0.5634 0.7443 8.6638 1.1358 30.2485 -3.5221 -1.8691
Pedestrian -1 -1 -6.8954 814.4090 157.8233 838.4784 207.6342 1.9832 0.5538 0.7474 8.6856 1.3845 29.1101 -6.6086 -1.9045
Pedestrian -1 -1 -7.9444 452.4660 165.2191 469.5148 206.6379 1.9317 0.7421 0.5291 -7.0670 1.5753 34.0113 -8.1481 -2.0926
Pedestrian -1 -1 -6.5619 992.6357 168.3141 1020.2490 246.4139 1.7707 0.5341 0.4238 9.0984 1.6675 16.6647 -6.0703 -2.1524
Pedestrian -1 -1 -4.8003 833.1774 193.5073 852.7217 244.8114 1.2584 0.4322 0.3805 5.7950 1.7834 18.1175 -4.4963 -2.1530
Car -1 -1 -4.9303 551.3174 176.3187 585.5062 198.4304 1.5040 1.6082 4.0668 -3.0651 1.7636 51.9369 -4.9894 -2.1909
