Car -1 -1 -8.0161 698.7219 184.0041 798.5909 258.0954 1.4693 1.6375 3.8048 3.0437 1.7582 16.7979 -7.8409 2.6464
Car -1 -1 -8.0085 674.6829 181.7039 748.0627 237.2445 1.4945 1.6029 3.8760 2.9440 1.7880 21.9953 -7.8780 1.8658
Car -1 -1 -4.6410 523.0093 179.6587 560.6364 214.0419 1.5067 1.5224 3.5689 -3.2195 1.8453 34.1327 -4.7349 1.1066
Car -1 -1 -7.9983 640.3640 179.2840 679.6129 207.9877 1.4941 1.6239 4.0285 2.7196 1.8737 40.5579 -7.9324 -0.1577
Car -1 -1 -4.7823 537.5999 177.1130 566.7352 204.1449 1.6460 1.6053 3.7935 -3.8010 1.9323 46.5605 -4.8638 -0.6148
Car -1 -1 -4.9108 545.9888 175.7621 576.0953 198.3402 1.6391 1.5701 3.7592 -3.7888 1.8683 54.9233 -4.9798 -1.1188
Pedestrian -1 -1 -6.4518 1017.5349 176.7644 1088.2771 306.2643 1.6970 0.5177 0.7389 5.9724 1.7522 9.8509 -5.9210 -1.1523
Car -1 -1 -8.0390 649.8671 172.7346 716.2993 223.2582 1.8988 1.8496 4.6478 2.8428 1.8940 29.5156 -7.9447 -1.2941
Pedestrian -1 -1 -5.2910 723.6486 159.5656 744.5758 202.1002 2.0092 0.5545 0.9577 5.9114 1.3812 34.6327 -5.1238 -2.1608
Pedestrian -1 -1 -4.1347 868.3134 151.2535 898.8566 206.4330 1.9031 0.6130 0.9052 9.5849 1.1578 25.4006 -3.7780 -2.1778
