Pedestrian -1 -1 -7.6655 216.7381 181.6102 241.9252 236.5956 1.7732 0.6216 0.6574 -12.5982 2.0667 23.8024 -8.1480 -1.1721
Cyclist -1 -1 -8.0031 852.6890 163.6351 875.4594 228.0285 1.6310 0.3213 1.5947 6.6583 1.3972 19.0887 -7.6728 -1.6635
Pedestrian -1 -1 -5.6171 5.5595 173.3055 48.5126 229.6172 1.7772 0.7073 0.8067 -18.7290 1.7916 23.1346 -6.2922 -1.7747
Pedestrian -1 -1 -3.7001 959.0497 159.1362 993.1376 221.3259 1.7938 0.5056 0.7317 10.6509 1.3978 21.0993 -3.2386 -1.8750
Pedestrian -1 -1 -3.7395 918.9092 160.0725 956.8120 222.2360 1.7923 0.5437 0.8534 9.5549 1.4235 21.1474 -3.3209 -1.9397
Pedestrian -1 -1 -4.5887 728.1695 167.7331 747.5168 225.4077 1.7522 0.5046 0.7560 3.9164 1.5963 22.3556 -4.4182 -1.9637
Pedestrian -1 -1 -7.6798 87.7589 179.0753 115.0627 234.4651 1.7663 0.6384 0.5553 -16.5927 1.9719 23.4826 -8.2898 -2.0162
Pedestrian -1 -1 -4.8616 974.1174 160.3263 1000.0800 215.9493 1.8288 0.6492 0.8388 12.6042 1.4166 24.2247 -4.3872 -2.0251
Pedestrian -1 -1 -3.6907 767.0466 170.5475 806.7736 268.9832 1.6655 0.4235 0.5228 3.0049 1.6262 12.4916 -3.4610 -2.1660
Pedestrian -1 -1 -3.6643 914.4049 164.7096 941.7568 219.9686 1.7487 0.5570 0.6038 10.1501 1.4906 23.1440 -3.2562 -2.1808
