Car -1 -1 -4.9864 714.1260 178.8997 950.3001 335.9602 1.4875 1.6577 3.8534 2.3809 1.5783 8.9286 -4.7353 2.3828
Car -1 -1 -3.9825 534.7758 174.4354 698.0433 246.0368 1.5497 1.6400 4.2072 0.2199 1.5930 17.8149 -3.9713 1.4046
Car -1 -1 -8.4165 818.6749 186.2505 1241.0000 374.0000 1.4880 1.5483 3.8345 2.4689 1.5969 3.9350 -7.8904 1.3009
Car -1 -1 -7.3067 296.4966 180.9261 353.8463 207.0339 1.5282 1.6016 3.8303 -17.9302 2.0596 45.5103 -7.6803 -0.5246
Cyclist -1 -1 -4.9819 1216.8907 161.5650 1241.0000 212.8823 1.6800 0.5671 1.5254 21.1198 1.3101 24.4325 -4.2753 -0.7748
Car -1 -1 -8.1225 554.2796 167.9677 621.3937 213.6792 1.6852 1.6651 3.9548 -1.0035 1.5048 28.7359 -8.1577 -1.4412
Cyclist -1 -1 -4.1042 562.0508 173.8692 587.5696 206.6335 1.6731 0.5605 1.5279 -1.8686 1.7270 37.6918 -4.1539 -1.4982
Pedestrian -1 -1 -7.2058 1184.7008 147.6307 1241.0000 304.3551 1.7701 0.5801 0.5080 7.1983 1.4850 8.4911 -6.5201 -1.6934
Pedestrian -1 -1 -7.7561 888.9382 162.5693 905.2139 201.0524 1.8003 0.6627 0.6052 13.5574 1.3189 34.1755 -7.3817 -1.8868
Pedestrian -1 -1 -8.0653 524.1107 174.8656 538.3220 208.2740 1.7471 0.5990 0.7741 -4.2180 1.8547 38.2506 -8.1749 -2.0790
Pedestrian -1 -1 -7.6365 868.7534 165.0047 884.7177 197.9005 1.8026 0.7075 0.6545 14.7521 1.3722 40.0050 -7.2860 -2.1345
Pedestrian -1 -1 -8.0687 692.5914 170.2628 714.7661 217.3400 1.7255 0.7309 0.4624 3.4189 1.6303 26.7097 -7.9434 -2.1513
