Car -1 -1 -4.5727 422.9781 181.3900 469.3207 212.7411 1.4772 1.7653 4.2153 -8.4521 1.9445 37.3538 -4.7942 1.5430
Pedestrian -1 -1 -5.0084 629.0092 168.7280 642.9276 199.1317 1.8447 0.6115 0.9171 1.5558 1.5941 44.3002 -4.9740 -0.7922
Car -1 -1 -4.5048 403.0127 181.3223 439.5396 204.2554 1.4595 1.6217 4.0522 -12.9279 2.0644 49.5039 -4.7593 -1.1699
Car -1 -1 -7.8532 192.1020 172.1907 235.1520 216.6745 2.0103 1.7272 3.7827 -19.0751 1.9800 34.6820 -8.3531 -1.4165
Cyclist -1 -1 -7.9897 1215.4664 137.6556 1241.0000 249.9230 1.6484 0.3268 1.6109 9.8308 1.1313 11.3621 -7.2893 -1.4865
Pedestrian -1 -1 -5.5129 1043.9138 147.6338 1083.6285 211.9569 1.8109 0.6026 0.7613 12.9957 1.1005 20.7560 -4.9601 -1.7273
Pedestrian -1 -1 -8.0415 1152.0488 153.2316 1186.5249 225.2299 1.7419 0.5845 0.5049 13.7477 1.2669 17.8131 -7.3924 -1.9452
Car -1 -1 -4.7655 452.6304 178.5572 477.3349 200.0312 1.4730 1.5635 3.7792 -10.6288 1.9045 52.5949 -4.9643 -1.9602
Car -1 -1 -4.2735 439.8473 178.8218 500.4374 209.4815 1.5921 1.6669 4.3310 -7.8410 1.9473 40.6700 -4.4632 -1.9953
Pedestrian -1 -1 -7.7814 220.0458 184.0163 237.6254 223.9744 1.7478 0.6449 0.7010 -17.0798 2.2535 32.2617 -8.2652 -2.0886
Pedestrian -1 -1 -5.0573 185.8718 179.4989 207.3378 227.6587 1.8086 0.6060 0.4194 -15.8363 2.0655 27.5639 -5.5748 -2.1968
