Pedestrian -1 -1 -5.0665 1194.6345 136.8934 1241.0000 252.6871 1.8483 0.6532 0.9002 10.2990 1.2740 12.0504 -4.3716 1.4993
Pedestrian -1 -1 -4.8170 681.8306 170.4106 702.2172 222.1150 1.7011 0.5964 0.7736 2.6898 1.6204 24.1269 -4.7080 -1.0640
Car -1 -1 -8.7458 759.2614 173.0218 868.7626 215.4596 1.5561 1.6809 3.9949 7.9521 1.5629 28.5860 -8.4776 -1.5371
Car -1 -1 -6.1022 337.8695 182.2413 519.4922 246.4174 1.5486 1.6539 4.3201 -4.6156 1.8032 18.6427 -6.3423 -1.7224
Pedestrian -1 -1 -4.6895 543.4066 174.5486 560.4432 222.5287 1.6413 0.5762 0.6427 -2.0586 1.7006 25.0439 -4.7714 -1.8085
Pedestrian -1 -1 -7.1480 1190.5767 161.0710 1214.7063 195.4476 1.7504 0.6915 0.6683 30.4612 1.1501 37.1401 -6.4652 -1.8337
Car -1 -1 -3.2388 674.9509 174.9593 780.7643 212.6541 1.5117 1.6317 4.1921 4.7841 1.6016 29.9782 -3.0827 -1.8607
Pedestrian -1 -1 -7.9017 711.7564 172.0805 723.4781 201.2703 1.6842 0.6415 0.6715 6.2243 1.6393 41.9967 -7.7561 -1.8972
Car -1 -1 -5.0377 967.6893 163.9453 1011.4877 186.0276 1.5409 1.6168 3.9740 27.4920 0.9189 52.4358 -4.5573 -1.9246
Car -1 -1 -4.9882 393.7234 179.4877 436.7883 204.5094 1.4897 1.6152 4.0713 -12.5603 1.9346 46.2638 -5.2522 -1.9346
