Car -1 -1 -4.3559 199.0143 191.2499 507.5175 374.0000 1.4563 1.5861 3.6911 -2.2476 1.6886 7.2305 -4.6483 2.3554
Pedestrian -1 -1 -5.1606 654.8687 171.7889 677.0560 212.4348 1.6537 0.6127 0.8339 2.2675 1.6101 29.8569 -5.0861 -0.3586
Pedestrian -1 -1 -5.0516 968.1649 155.8600 1010.4182 227.6652 1.8544 0.6948 0.9961 10.0131 1.4152 19.1743 -4.5771 -0.4649
Car -1 -1 -4.8551 522.4539 173.9955 549.5944 193.0486 1.4874 1.6177 4.1750 -6.0905 1.5836 58.8133 -4.9581 -1.0263
Cyclist -1 -1 -4.4638 541.1004 174.1615 562.5630 213.1421 1.6189 0.5612 1.5105 -2.5169 1.6759 30.8115 -4.5452 -1.6388
Pedestrian -1 -1 -7.5445 344.6760 179.4934 357.6089 207.9461 1.7245 0.5263 0.8098 -15.9380 2.1360 44.3379 -7.8881 -1.6394
Car -1 -1 -4.5053 947.5417 166.9105 984.7616 188.5993 1.4921 1.6045 4.0502 25.5314 1.0829 51.7291 -4.0493 -1.6853
Car -1 -1 -5.0876 663.5501 171.3511 706.0089 194.2673 1.5091 1.5848 3.8699 5.0592 1.4098 49.5912 -4.9869 -2.0008
Car -1 -1 -4.4864 724.4946 171.4205 772.5784 203.2078 1.5315 1.5865 3.9018 7.0883 1.4622 36.8697 -4.2984 -2.0426
Pedestrian -1 -1 -8.3431 922.1309 167.2115 937.3229 193.7903 1.7713 0.6830 0.6996 21.4381 1.3950 48.4613 -7.9291 -2.0574
Car -1 -1 -4.7739 333.2423 179.1618 364.2560 206.3551 1.6085 1.6098 3.9736 -16.6556 2.0275 45.8167 -5.1210 -2.1638
