Car -1 -1 -6.5721 692.6117 179.2495 886.2750 241.5820 1.4427 1.6450 4.3539 4.2920 1.6089 17.8399 -6.3405 2.3337
Car -1 -1 -3.2060 642.1740 178.6583 721.1043 205.6859 1.4470 1.6070 4.2401 3.8733 1.7744 39.8711 -3.1104 1.7705
Car -1 -1 -7.3973 638.6901 179.3238 690.0699 204.6246 1.4768 1.6085 4.0393 3.4319 1.9025 45.3625 -7.3228 -1.3348
Cyclist -1 -1 -7.4056 472.5783 175.9703 487.5832 201.8821 1.6603 0.3212 1.5635 -8.5285 1.8674 47.2207 -7.5837 -1.4181
Pedestrian -1 -1 -7.6706 268.0875 173.7616 302.6784 252.8545 1.8561 0.6439 0.6801 -7.8465 1.8781 17.3477 -8.0902 -1.7833
Car -1 -1 -6.5885 699.7103 173.4687 783.4498 201.7758 1.5385 1.6774 4.3023 7.2922 1.5735 40.3705 -6.4115 -1.8464
Car -1 -1 -5.0247 718.4934 172.9622 756.6830 196.1913 1.5819 1.5785 3.7473 8.9624 1.5896 51.1206 -4.8525 -1.9245
Pedestrian -1 -1 -7.6989 432.7332 184.6797 448.9628 223.6966 1.7619 0.6388 0.6100 -7.8004 2.3097 33.1102 -7.9290 -1.9890
Car -1 -1 -4.5787 504.8458 182.3196 539.8652 208.5933 1.4919 1.6152 4.0775 -5.3910 2.1023 44.4984 -4.6990 -2.1452
Pedestrian -1 -1 -4.3096 358.8959 190.3273 382.0156 242.1127 1.5018 0.4982 0.4882 -7.1391 2.0253 21.3667 -4.6290 -2.1554
