Car -1 -1 -6.4276 302.0761 193.4521 387.3700 222.8240 1.5451 1.6798 4.5002 -15.5697 2.8041 42.3030 -6.7787 1.3390
Car -1 -1 -7.0496 645.1896 182.7658 872.8733 279.8016 1.5066 1.6369 4.1779 2.7791 1.7151 13.3861 -6.8504 -1.4004
Pedestrian -1 -1 -7.9210 54.5095 156.9344 83.0544 216.0125 1.8791 0.7096 0.5008 -17.5775 1.3725 23.3710 -8.5605 -1.4061
Pedestrian -1 -1 -6.3900 1231.2524 159.0357 1241.0000 197.7008 1.7901 0.7239 0.5185 29.4953 1.1501 33.8510 -5.6778 -1.5730
Car -1 -1 -3.4172 699.3701 180.8414 779.0733 207.2822 1.5465 1.6797 4.4843 7.7944 2.0440 43.9069 -3.2432 -1.6020
Car -1 -1 -6.3552 82.7157 184.8027 177.1114 216.0184 1.5950 1.6625 4.2899 -26.8359 2.2953 40.3401 -6.9394 -1.8695
Cyclist -1 -1 -7.6001 591.8682 171.5877 614.5887 220.2263 1.7183 0.4194 1.7047 -0.2813 1.6732 26.3675 -7.6114 -1.9528
Pedestrian -1 -1 -7.3296 437.8089 170.5087 455.4140 204.9704 1.8942 0.7584 0.5930 -9.1061 1.7650 40.0558 -7.5521 -2.0007
Car -1 -1 -3.4591 756.4413 169.5517 818.4382 191.2245 1.5089 1.6197 3.9626 12.5317 1.2787 51.1979 -3.2207 -2.0923
Cyclist -1 -1 -7.6486 106.7328 183.2334 122.0361 214.8662 1.6403 0.3546 1.6058 -26.6507 2.2092 38.7557 -8.2480 -2.0952
Pedestrian -1 -1 -3.7146 605.8964 170.0203 617.6133 191.5405 1.7565 0.6221 0.7455 0.1180 1.5250 59.3573 -3.7130 -2.1222
Cyclist -1 -1 -7.8630 37.6654 177.4814 54.5279 220.6067 1.7864 0.5571 1.7395 -24.2190 1.9900 30.9275 -8.5233 -2.1265
Car -1 -1 -7.6250 602.2944 168.7663 631.7042 188.4360 1.6112 1.6443 3.9483 0.6042 1.2760 61.2143 -7.6154 -2.1806
