Car -1 -1 -6.4076 640.1207 183.8484 726.9080 214.1302 1.4861 1.6554 4.2419 3.6772 2.0620 36.9351 -6.3098 2.0011
Car -1 -1 -3.1193 620.1409 183.5630 671.7068 202.6326 1.5079 1.6301 4.1608 2.9277 2.3989 59.0942 -3.0705 -0.1262
Car -1 -1 -4.9748 734.1725 179.8471 773.2219 204.0109 1.4241 1.5368 3.5159 8.9563 1.8811 45.3758 -4.7816 -1.1195
Car -1 -1 -7.6301 864.0988 173.7995 936.7410 220.4079 1.6199 1.6866 4.1712 11.0302 1.6583 27.3621 -7.2511 -1.2711
Car -1 -1 -3.3185 901.9816 178.3983 1007.3533 214.2879 1.5187 1.6212 4.0173 15.2613 1.7761 32.2364 -2.8804 -1.4317
Car -1 -1 -6.4894 1014.5987 154.4596 1081.2806 178.1837 1.5992 1.6036 3.6957 30.2550 0.3590 50.0034 -5.9479 -1.4876
Car -1 -1 -7.8816 1003.2579 150.8344 1033.9700 176.5112 1.5894 1.6083 3.8590 26.3948 0.2261 46.7461 -7.3702 -1.6656
Pedestrian -1 -1 -6.6175 902.0983 172.1589 924.1609 222.4048 1.7522 0.7174 0.5089 10.6750 1.7276 25.5340 -6.2262 -1.7306
Pedestrian -1 -1 -7.1514 1140.3855 155.6926 1160.8513 192.2140 1.7995 0.6397 0.5058 26.8703 0.9536 35.9209 -6.5132 -1.9661
Car -1 -1 -4.9123 608.5248 180.2753 634.0364 197.9283 1.4850 1.5578 3.7320 0.9531 2.1668 64.3394 -4.8980 -1.9768
Car -1 -1 -4.7942 983.5934 154.3671 1013.7292 179.4548 1.7626 1.6189 3.8180 28.3498 0.4635 52.7665 -4.3035 -2.0216
Pedestrian -1 -1 -7.6949 1052.2366 164.0108 1091.6240 246.4215 1.7464 0.6508 0.5320 10.0014 1.5587 15.7050 -7.1369 -2.0585
Pedestrian -1 -1 -6.9668 0.0000 143.6955 18.6298 194.6328 1.8284 0.6508 0.7625 -22.2787 0.7815 26.3359 -7.6640 -2.0609
Pedestrian -1 -1 -7.7918 263.9511 186.2293 276.6288 212.4606 1.6595 0.7094 0.4579 -21.8493 2.5246 46.3419 -8.2305 -2.1282
