Car -1 -1 -7.8446 558.8706 173.5357 670.0141 277.7107 1.5524 1.6613 3.7494 0.0296 1.5658 12.6599 -7.8436 2.5935
Car -1 -1 -7.4441 853.8533 150.9878 1203.0685 354.6672 1.5787 1.6664 4.1189 4.4287 1.4089 7.4967 -6.9283 1.9636
Car -1 -1 -4.1927 0.0000 170.9660 140.0415 285.1278 1.6577 1.6609 4.2041 -10.2530 1.6299 12.6795 -4.8625 1.0618
Pedestrian -1 -1 -7.1608 733.3360 164.6254 768.5842 220.9053 1.8068 0.6705 0.9762 4.5901 1.5423 23.7331 -6.9727 0.8373
Car -1 -1 -7.3816 794.1646 172.7150 1020.9792 282.3511 1.4185 1.5893 4.1349 4.7180 1.4164 11.2880 -6.9957 0.3872
Car -1 -1 -4.4273 465.2549 177.3124 498.8881 196.8751 1.5568 1.6750 4.1684 -10.7178 1.9441 60.5685 -4.6020 0.1896
Car -1 -1 -6.5510 324.7025 184.1175 418.2794 213.1091 1.4607 1.6694 4.6336 -13.1775 2.1135 39.8648 -6.8686 0.0855
Pedestrian -1 -1 -4.1598 900.7524 165.4659 922.7759 208.5058 1.8255 0.6879 0.5508 12.9382 1.5118 31.0435 -3.7688 -0.3319
Car -1 -1 -7.7941 1154.7462 170.5987 1241.0000 374.0000 1.4497 1.5911 3.9758 4.5983 1.4422 4.1905 -6.9971 -0.3686
Car -1 -1 -7.7528 519.4359 174.5224 544.9078 195.1482 1.6724 1.7468 3.9351 -6.5478 1.8172 60.7950 -7.8600 -0.5828
Pedestrian -1 -1 -3.6128 981.4368 162.1524 996.6641 209.5620 1.7933 0.5136 0.3135 14.4249 1.3882 27.5499 -3.1352 -0.5887
Car -1 -1 -4.8943 775.6716 173.6955 806.4594 194.9721 1.5392 1.5742 3.7959 13.5546 1.6045 54.2951 -4.6513 -1.0503
Car -1 -1 -7.4741 712.7967 176.2906 766.6940 203.7328 1.4568 1.6597 3.9818 7.3760 1.6618 40.9657 -7.2977 -1.1027
Car -1 -1 -7.4046 684.6422 176.4151 739.0142 203.3379 1.4660 1.6419 3.7971 5.9136 1.6823 41.8622 -7.2657 -1.1869
Pedestrian -1 -1 -4.7285 499.3759 169.4061 517.2597 225.0057 1.7947 0.5681 0.8105 -3.3969 1.6831 23.7347 -4.8697 -1.2886
Cyclist -1 -1 -8.1766 863.1407 169.8271 885.1032 201.6255 1.7433 0.6394 1.7113 14.7458 1.5771 40.4215 -7.8295 -1.4730
Pedestrian -1 -1 -5.6894 159.2557 172.3077 188.5527 224.6681 1.7879 0.5462 0.6765 -15.1088 1.7690 24.9290 -6.2298 -1.5040
Car -1 -1 -7.9988 742.9505 175.8225 791.5778 210.5543 1.4661 1.6218 3.6311 7.0093 1.6078 32.6410 -7.7897 -1.6460
Car -1 -1 -5.9728 363.5560 166.4515 419.3134 189.8181 2.0140 1.7266 4.3471 -19.1031 1.4619 63.0914 -6.2659 -1.6977
Car -1 -1 -8.0737 929.2919 154.7508 976.8455 185.3000 1.6326 1.6061 3.8067 19.1962 0.6648 40.5927 -7.6348 -2.0044
Car -1 -1 -7.9479 393.8011 182.5064 429.1503 210.1615 1.4849 1.6295 4.0385 -11.7523 2.0815 42.4399 -8.2168 -2.0396
Car -1 -1 -4.8360 427.9725 181.6495 462.4954 207.2462 1.4453 1.5894 3.9407 -10.1944 2.0112 44.3237 -5.0612 -2.0633
Car -1 -1 -3.0661 730.2245 174.7587 795.2938 197.5500 1.5406 1.7043 4.3363 10.6557 1.6772 50.4331 -2.8595 -2.0930
Cyclist -1 -1 -8.0093 681.0975 172.7448 703.3834 224.4160 1.6257 0.4626 1.6620 2.6229 1.6220 23.5422 -7.9005 -2.1474
Car -1 -1 -2.2186 104.2817 185.1998 192.0117 215.9282 1.5309 1.6779 4.3655 -24.8318 2.2198 38.7361 -2.7858 -2.1528
Pedestrian -1 -1 -6.2493 565.4249 173.1955 572.2457 194.5801 1.7674 0.6922 0.5439 -3.4468 1.7957 59.9975 -6.3068 -2.1601
