Car -1 -1 -7.8424 567.7511 184.8483 638.8723 252.2758 1.5870 1.7355 3.5056 -0.2154 1.9377 19.3596 -7.8545 3.0498
Car -1 -1 -4.5127 407.6140 187.0753 449.9464 213.4717 1.4867 1.7361 4.3900 -11.3401 2.4227 45.2743 -4.7572 1.6412
Pedestrian -1 -1 -7.6667 1162.3007 166.6653 1217.5120 277.2001 1.6864 0.5516 0.8311 9.1820 1.5917 11.4899 -7.0055 0.4589
Cyclist -1 -1 -4.4230 1097.6870 171.7417 1167.8296 274.1354 1.6710 0.5404 1.7116 9.0300 1.6526 12.5176 -3.8098 -0.0966
Car -1 -1 -5.9410 274.9530 169.9808 344.8933 200.2762 1.9593 1.6495 3.9341 -19.7785 1.7731 47.5854 -6.3332 -0.7766
Car -1 -1 -5.2945 181.6099 180.3756 263.7155 214.0917 1.5284 1.6511 3.9000 -18.8968 1.9113 35.1035 -5.7855 -1.3918
Car -1 -1 -5.0230 828.2452 181.8030 880.0510 211.7068 1.5026 1.6177 3.6177 13.1478 2.0106 39.1618 -4.7019 -1.4557
Pedestrian -1 -1 -8.3805 1106.1115 146.5389 1131.4531 188.4144 1.8753 0.6905 0.6754 22.9940 0.6966 32.6782 -7.7716 -1.4648
Pedestrian -1 -1 -7.3411 1145.6178 166.8958 1166.1398 223.0279 1.8565 0.4752 0.2717 18.2102 1.6591 24.1359 -6.7010 -1.5224
Car -1 -1 -7.3084 104.7956 169.4183 156.4074 196.2201 1.8687 1.6161 3.3004 -34.5122 1.6289 51.9886 -7.8923 -1.6244
Car -1 -1 -6.7376 725.8615 183.0219 794.4353 211.2943 1.5016 1.5828 3.4074 8.3477 2.0871 40.3731 -6.5358 -1.6469
Car -1 -1 -4.8945 625.3130 181.0292 649.8909 198.2035 1.5522 1.6337 4.1384 2.6037 2.3631 69.4374 -4.8576 -1.6923
Cyclist -1 -1 -8.3621 878.0354 177.0992 938.4010 257.1496 1.6986 0.4566 1.7366 6.6477 1.7994 16.2948 -7.9819 -1.7566
Pedestrian -1 -1 -3.6807 1171.9215 166.1781 1196.6285 222.4979 1.8481 0.5183 0.4358 19.0187 1.6288 23.9616 -3.0162 -1.8286
Pedestrian -1 -1 -8.4096 1104.5701 172.4875 1130.0498 215.7938 1.7819 0.7026 0.5079 21.0166 1.7666 29.9608 -7.8030 -1.8756
Cyclist -1 -1 -7.8014 918.7253 177.0396 934.5291 222.3549 1.7594 0.4998 1.8094 12.7358 1.9333 29.1064 -7.3933 -1.9466
Pedestrian -1 -1 -5.0573 804.1318 192.8084 821.3491 232.1300 1.2738 0.4338 0.4059 6.6420 1.9382 23.8158 -4.7893 -1.9586
Car -1 -1 -4.9256 759.9774 180.9110 791.6765 201.3209 1.5063 1.6571 3.7484 12.9440 2.1593 56.6213 -4.7025 -1.9699
Car -1 -1 -3.0969 529.7761 181.7938 571.8126 199.4415 1.5562 1.6293 3.7298 -5.3634 2.3773 65.4064 -3.1788 -1.9913
Car -1 -1 -5.0115 802.0829 180.8512 846.4623 207.3811 1.5193 1.5756 3.7045 13.0664 2.0308 44.3084 -4.7271 -2.0016
Cyclist -1 -1 -4.8763 848.7809 177.0168 889.6205 262.4681 1.7085 0.5228 1.7518 5.4618 1.8024 15.4222 -4.5429 -2.1464
Pedestrian -1 -1 -4.9354 686.9108 196.0654 700.1462 227.8064 1.1681 0.4224 0.3611 3.0848 2.0447 27.0537 -4.8240 -2.1574
Cyclist -1 -1 -4.9549 1022.0986 156.0118 1045.5490 191.3329 1.7292 0.6273 1.6568 21.2138 0.9044 36.2080 -4.4286 -2.1644
Car -1 -1 -4.4327 358.3129 184.9923 392.8357 204.6906 1.5116 1.6537 4.1304 -19.4813 2.5564 60.0369 -4.7455 -2.1886
