Car -1 -1 -7.8849 567.9496 184.6331 639.8320 253.3747 1.5890 1.7275 3.4818 -0.2769 1.9290 19.0672 -7.9003 2.8878
Car -1 -1 -4.5366 410.0668 186.7227 450.7199 213.4887 1.5316 1.7509 4.4954 -11.4129 2.4591 45.9728 -4.7791 1.9550
Pedestrian -1 -1 -7.7122 1128.5546 167.3870 1176.0664 272.6058 1.6823 0.5276 0.8714 8.9933 1.5946 12.0327 -7.0827 0.5125
Cyclist -1 -1 -4.3220 1071.6932 171.0906 1144.4229 267.2130 1.6600 0.5290 1.6233 9.0221 1.6293 13.1319 -3.7311 -0.5095
Car -1 -1 -5.1056 706.8604 182.3443 750.1849 204.1154 1.4652 1.6272 4.2006 8.5769 2.1878 52.7354 -4.9458 -0.7932
Car -1 -1 -4.3295 296.0863 184.0533 350.8899 213.7029 1.7112 1.7170 4.3058 -17.9938 2.4496 45.4334 -4.7050 -0.9625
Car -1 -1 -7.3269 230.4031 176.1687 298.4669 211.3617 1.7248 1.6028 3.5886 -17.9500 1.9056 37.5671 -7.7702 -0.9884
Car -1 -1 -4.8841 772.0924 181.6667 803.2214 203.2451 1.4645 1.5974 3.5344 12.8007 2.1248 52.2707 -4.6457 -1.0093
Cyclist -1 -1 -7.8533 911.4554 177.4417 924.6043 219.8355 1.6846 0.4853 1.7829 12.6653 1.8795 29.7849 -7.4554 -1.4512
Car -1 -1 -4.4327 468.8734 186.5901 497.7245 203.8419 1.4887 1.6232 4.0013 -11.8610 2.8157 67.6440 -4.6061 -1.4847
Car -1 -1 -6.0421 271.9181 175.4297 346.8171 207.4622 2.0716 1.7068 4.3187 -19.9800 2.2469 48.0203 -6.4348 -1.7343
Cyclist -1 -1 -7.8222 897.8715 177.5300 922.5557 253.5432 1.6738 0.4941 1.8370 7.0107 1.7894 16.9438 -7.4368 -1.7442
Car -1 -1 -5.2204 714.6162 179.2035 750.9152 196.1172 1.5002 1.6004 4.0211 11.4714 2.1154 67.7838 -5.0539 -1.9341
Cyclist -1 -1 -2.1466 96.2490 189.5726 152.9676 248.0110 1.8125 0.6893 1.7506 -15.8043 2.3702 23.4203 -2.7352 -1.9765
Cyclist -1 -1 -8.7154 878.9207 176.7679 924.7897 220.0993 1.7101 0.5742 1.7973 11.8967 1.8752 29.5727 -8.3370 -2.0087
Car -1 -1 -5.8029 708.9640 179.6445 776.0626 204.2864 1.5512 1.6611 4.1238 8.8275 2.0244 48.3970 -5.6240 -2.0142
Pedestrian -1 -1 -4.0990 1150.7318 169.3256 1175.5309 221.6575 1.7679 0.4837 0.4836 18.8693 1.6484 24.6791 -3.4524 -2.0629
Car -1 -1 -5.1588 806.2115 178.9376 862.4241 206.9791 1.5291 1.6039 3.8987 13.0375 1.9025 42.2798 -4.8621 -2.0636
Pedestrian -1 -1 -4.0698 1092.3455 147.9577 1117.8833 189.0330 1.8767 0.6862 0.7112 22.8783 0.7389 33.4072 -3.4735 -2.0786
Car -1 -1 -5.0623 868.0295 179.6029 937.2425 216.6729 1.5433 1.6676 3.8357 13.1215 1.8669 32.6864 -4.6842 -2.0813
Pedestrian -1 -1 -2.7637 555.9571 180.5444 564.7228 200.9261 1.8279 0.5413 0.6374 -4.5179 2.5277 65.3330 -2.8329 -2.1599
Cyclist -1 -1 -7.7694 752.5153 184.4843 785.5964 288.2953 1.6076 0.4267 1.6157 2.6500 1.8173 12.1958 -7.5618 -2.1606
