Car -1 -1 -7.9083 587.0419 176.2735 632.7332 217.9308 1.5525 1.6326 3.4654 -0.1023 1.6979 28.9595 -7.9125 2.1868
Car -1 -1 -4.0787 0.0000 188.5685 145.6095 283.8194 1.4098 1.6321 4.2656 -10.9064 1.7516 13.5513 -4.7469 1.6105
Car -1 -1 -4.2850 354.0288 181.2626 415.0451 214.2405 1.4738 1.5381 3.4199 -10.8957 1.9018 34.9546 -4.5854 1.3320
Car -1 -1 -7.0969 658.7479 175.7078 731.6622 206.6399 1.4840 1.5881 3.6931 4.3283 1.6361 36.7418 -6.9811 1.1741
Car -1 -1 -4.4732 391.7881 177.3144 439.9017 208.7666 1.6538 1.6825 4.1162 -10.8939 1.9173 40.6034 -4.7341 1.0169
Car -1 -1 -7.3766 636.3984 177.1055 685.9800 200.9910 1.4766 1.6420 3.9117 3.3757 1.7682 47.4485 -7.3064 0.2101
Car -1 -1 -7.2433 644.4827 176.0853 704.5421 201.5957 1.4497 1.5993 4.0218 3.9034 1.6538 43.5785 -7.1550 -0.3730
Car -1 -1 -4.3803 790.5771 174.1261 822.5178 191.5162 1.4927 1.5622 3.9114 17.5162 1.6094 64.2913 -4.1158 -0.6125
Car -1 -1 -7.3487 656.3125 175.0351 714.0903 203.2412 1.4920 1.6169 3.7446 4.2240 1.6201 40.4742 -7.2459 -0.6935
Pedestrian -1 -1 -3.6275 962.5203 152.8824 1017.1474 263.5755 1.8567 0.7110 0.5623 6.4928 1.5214 12.4627 -3.1576 -1.2286
Car -1 -1 -7.5485 294.7873 164.6900 334.2402 188.6569 1.7430 1.6488 3.9276 -22.2924 1.1490 54.4997 -7.9353 -1.4400
Cyclist -1 -1 -7.9811 998.4476 173.4515 1019.9943 225.6777 1.6566 0.3930 1.7174 13.0956 1.6767 23.7781 -7.4835 -1.4847
Car -1 -1 -5.0019 617.1760 173.8791 652.1542 196.6173 1.6693 1.6111 3.9434 1.8198 1.7505 55.2737 -4.9696 -1.5631
Cyclist -1 -1 -7.9352 1107.5499 173.0864 1135.6610 241.4565 1.6816 0.4298 1.7848 13.1436 1.6876 18.6327 -7.3288 -1.7005
Cyclist -1 -1 -7.9228 866.2604 172.8563 876.9285 206.4377 1.6529 0.3861 1.6355 13.1345 1.6528 36.3553 -7.5792 -1.7366
Pedestrian -1 -1 -5.2252 1192.6301 193.5446 1225.7963 250.3817 1.1844 0.4132 0.3738 12.7428 1.6324 15.4137 -4.5443 -1.8879
Car -1 -1 -7.5102 341.1414 166.2195 389.8390 199.2387 2.2902 1.8922 4.6334 -17.7030 1.8298 52.3806 -7.8349 -1.9426
Car -1 -1 -4.9704 778.8403 174.0298 815.7914 196.8095 1.4742 1.5189 3.6589 12.5685 1.5563 48.7184 -4.7197 -2.0871
Pedestrian -1 -1 -3.7357 780.4257 171.5679 792.9806 193.9688 1.8503 0.4382 0.9273 14.6592 1.7437 59.9644 -3.4975 -2.1025
Cyclist -1 -1 -7.9276 1044.7924 173.3582 1066.6104 232.1393 1.6685 0.4076 1.7291 13.1311 1.6837 21.3583 -7.3830 -2.1177
Pedestrian -1 -1 -5.3999 901.2969 173.2012 920.7186 210.9002 1.5851 0.5457 0.5356 12.7530 1.5997 30.6797 -5.0098 -2.1382
