Car -1 -1 -7.8307 582.3445 179.5672 635.5387 229.9411 1.5518 1.6766 3.6550 -0.0444 1.7972 24.5635 -7.8333 2.6135
Car -1 -1 -4.4259 321.3308 187.5081 391.4177 226.4985 1.4890 1.7087 4.3500 -10.9838 2.1720 31.4313 -4.7600 1.9727
Car -1 -1 -7.0634 639.6854 176.1685 688.1661 197.0403 1.5209 1.5991 3.5973 4.0945 1.7810 54.9168 -6.9898 0.5148
Car -1 -1 -4.3910 441.0508 185.5894 478.1803 207.2225 1.4661 1.5832 3.7144 -11.0555 2.4375 53.1173 -4.5956 -0.7880
Car -1 -1 -7.2483 628.9266 176.7907 669.6075 195.9354 1.5654 1.5816 3.8340 3.3690 1.9133 61.8204 -7.1946 -1.1838
Car -1 -1 -7.7081 460.1213 177.7117 487.7045 198.8362 1.6767 1.6825 4.1431 -11.3661 2.0969 60.3424 -7.8939 -1.1988
Car -1 -1 -7.6842 743.0372 172.8358 789.0012 207.6503 1.6291 1.6105 3.8715 7.7616 1.6280 35.8602 -7.4732 -1.2749
Cyclist -1 -1 -8.6836 868.4162 165.3595 910.3954 207.3896 1.8048 0.6523 1.7440 12.2955 1.4827 31.9098 -8.3193 -1.5431
Cyclist -1 -1 -7.9786 722.6495 173.4758 731.6295 201.8422 1.6767 0.3358 1.5788 7.0180 1.7145 43.4784 -7.8201 -1.5984
Cyclist -1 -1 -7.6759 895.7748 165.9378 917.4604 207.4448 1.7896 0.6016 1.7238 13.1202 1.4911 31.9985 -7.2905 -1.7415
Cyclist -1 -1 -8.3062 1011.5546 168.8074 1052.3745 224.0731 1.6128 0.4205 1.5498 12.7038 1.4945 21.8444 -7.7858 -1.7719
Cyclist -1 -1 -7.7748 951.4029 167.3553 971.4517 214.3895 1.7056 0.5529 1.7008 13.1319 1.5059 27.0387 -7.3274 -1.8276
Pedestrian -1 -1 -6.2199 383.4254 179.6127 392.2263 204.0309 1.8190 0.7079 0.5906 -16.7747 2.3321 54.3919 -6.5180 -1.8295
Car -1 -1 -8.0997 813.4482 172.9095 857.6442 199.8736 1.5354 1.6331 3.7585 13.3507 1.5385 43.0127 -7.8011 -1.8931
Car -1 -1 -4.0259 15.6276 171.9283 95.4922 204.5050 1.9498 1.7027 4.1861 -34.7352 1.8941 45.3073 -4.6772 -2.1128
Cyclist -1 -1 -6.8347 840.7402 166.8736 876.5590 201.2088 1.8373 0.6837 1.7372 13.4447 1.5170 39.1354 -6.5065 -2.1403
