Car -1 -1 -7.8329 579.9176 176.0042 634.7887 229.1564 1.5770 1.6460 3.6684 -0.0993 1.6873 23.4744 -7.8379 2.7584
Car -1 -1 -4.4257 355.7206 182.6629 416.9798 215.6322 1.4706 1.7302 4.3231 -10.9971 1.9843 35.6457 -4.7232 2.1357
Car -1 -1 -4.5247 451.6704 179.6222 481.0740 199.0038 1.4506 1.5814 3.9617 -11.4079 2.0071 57.3766 -4.7204 -0.1500
Pedestrian -1 -1 -6.3149 556.0820 173.4751 563.5478 196.4484 1.7431 0.7380 0.5454 -3.8670 1.7906 55.1631 -6.3849 -0.4405
Car -1 -1 -7.1630 68.9064 168.5842 142.2480 199.1143 2.0225 1.7996 4.3578 -34.9123 1.7394 50.0465 -7.7698 -0.5411
Car -1 -1 -4.5758 468.7889 176.5798 494.1189 196.6787 1.6664 1.6279 4.0598 -11.1488 2.0003 62.6479 -4.7516 -0.7924
Car -1 -1 -7.0564 637.3495 173.2362 682.5562 192.4545 1.5282 1.5824 3.6309 4.0923 1.5603 59.2265 -6.9881 -0.9075
Car -1 -1 -5.8473 196.2079 161.2131 285.1757 199.7063 1.9743 1.6637 3.8162 -19.3847 1.3770 37.9047 -6.3173 -1.0481
Car -1 -1 -7.9218 800.5958 171.2445 831.2098 197.3315 1.5550 1.5738 3.6787 12.7570 1.4588 44.9714 -7.6475 -1.0594
Car -1 -1 -8.0221 741.9164 172.0090 781.8953 200.7024 1.5086 1.5751 3.4993 8.2735 1.4639 39.7119 -7.8186 -1.6120
Pedestrian -1 -1 -5.0595 991.2630 175.0580 1011.5016 216.1724 1.3150 0.4475 0.4495 12.6190 1.3868 23.3589 -4.5699 -1.6655
Car -1 -1 -4.9701 787.0304 167.5070 829.1534 193.2861 1.6794 1.7515 4.1367 13.3817 1.3308 49.0799 -4.7057 -1.8797
Pedestrian -1 -1 -8.6026 800.5453 171.1858 822.5251 216.9559 1.6140 0.5361 0.5349 7.1597 1.5549 25.8054 -8.3355 -1.8963
Car -1 -1 -7.9996 767.9230 167.3223 798.7659 190.2577 1.6818 1.6840 4.2003 13.1568 1.2759 55.0757 -7.7666 -1.9840
Car -1 -1 -5.0161 824.9147 168.2348 876.5496 198.6946 1.5853 1.6375 3.6598 13.0388 1.3445 39.3924 -4.6990 -2.0067
Pedestrian -1 -1 -3.5797 786.3367 163.8629 797.8552 183.9385 1.8723 0.4829 0.9293 17.0429 1.0335 67.6181 -3.3340 -2.0248
Cyclist -1 -1 -7.8945 1033.5066 161.4117 1055.2561 219.2882 1.6809 0.4774 1.7692 13.0908 1.3483 21.8481 -7.3610 -2.0762
