Car -1 -1 -7.8672 585.2096 176.6004 630.8616 219.9519 1.5731 1.6777 3.5980 -0.1523 1.7292 28.3107 -7.8733 2.5944
Car -1 -1 -4.1806 43.6064 193.3724 232.4484 266.4448 1.3897 1.7277 4.4035 -11.0117 1.9419 17.2009 -4.7433 2.2153
Car -1 -1 -4.3874 377.4486 183.8398 427.4936 213.2631 1.4489 1.4930 3.6518 -11.1295 2.0673 38.7769 -4.6655 1.6280
Car -1 -1 -4.4752 407.7434 179.8306 452.2097 208.8651 1.6546 1.6802 4.3118 -11.0259 2.1037 44.3183 -4.7181 1.3369
Car -1 -1 -7.1118 652.4422 175.0420 717.0217 202.3119 1.4567 1.5516 3.6643 4.1993 1.5851 40.6290 -7.0100 0.7667
Car -1 -1 -7.6030 312.0754 171.5802 345.4240 191.3258 1.5361 1.6202 3.7398 -22.6221 1.4367 58.0835 -7.9731 -0.4842
Car -1 -1 -7.2654 634.8180 175.7037 688.2910 199.1534 1.4610 1.5956 3.9395 3.4002 1.6564 47.4984 -7.1948 -0.6807
Cyclist -1 -1 -7.3844 649.9670 171.3634 671.2056 200.5964 1.7400 0.5862 1.6943 3.0456 1.6510 43.8247 -7.3159 -1.2547
Car -1 -1 -8.0450 871.1966 171.0971 922.3701 204.6671 1.4692 1.5389 3.5417 13.1905 1.3920 33.4595 -7.6729 -1.4645
Pedestrian -1 -1 -3.4194 781.6824 164.1527 793.2242 207.9162 1.8660 0.5149 0.3524 7.5859 1.4947 31.0288 -3.1823 -1.5854
Pedestrian -1 -1 -8.4571 800.4924 164.8915 824.9158 215.8660 1.8367 0.6947 0.5048 7.3548 1.5495 26.3513 -8.1884 -1.5896
Cyclist -1 -1 -7.8192 1020.0906 164.1841 1039.2072 220.5424 1.6984 0.4705 1.7649 13.1151 1.4369 22.6187 -7.2998 -1.7931
Cyclist -1 -1 -7.9091 1140.7397 158.3820 1170.7806 232.3165 1.6986 0.4657 1.7078 13.1058 1.3658 17.4182 -7.2725 -1.9799
Cyclist -1 -1 -8.2403 637.0445 170.7759 657.8203 201.2784 1.8156 0.6570 1.7240 2.2304 1.6916 43.8702 -8.1903 -1.9964
Cyclist -1 -1 -8.8031 974.1704 164.3171 1037.1538 221.2636 1.7137 0.5303 1.7422 12.3223 1.4565 22.6123 -8.3101 -2.0787
Cyclist -1 -1 -6.6819 899.9730 166.0121 950.1664 211.6566 1.8196 0.7297 1.7076 12.6647 1.5465 29.1344 -6.2760 -2.1923
