Car -1 -1 -7.8431 583.4150 181.3822 635.2953 230.1458 1.5436 1.6875 3.5457 -0.0550 1.8626 25.2415 -7.8461 2.4426
Car -1 -1 -4.3711 294.0327 191.8117 372.9615 232.7057 1.4066 1.6712 4.0240 -10.9423 2.2144 28.7272 -4.7324 2.2712
Car -1 -1 -3.9501 641.1809 176.8769 691.0540 200.0895 1.6075 1.5951 3.5584 4.0632 1.9091 52.3668 -3.8735 -0.0906
Car -1 -1 -5.9749 283.4843 177.0174 357.0306 202.8453 1.7413 1.7381 4.4106 -20.0580 2.0354 50.0011 -6.3548 -0.8088
Car -1 -1 -4.5583 453.4058 184.7137 482.6342 206.3391 1.5545 1.6207 4.1349 -11.0571 2.5135 56.2663 -4.7519 -0.8937
Car -1 -1 -8.1407 814.6265 176.9265 861.6880 203.6868 1.4805 1.6407 3.6900 13.2921 1.7297 42.3422 -7.8389 -0.9518
Pedestrian -1 -1 -5.1441 874.8219 193.3089 896.5924 238.6401 1.1631 0.3814 0.4440 7.1916 1.7070 18.9614 -4.7875 -1.1253
Cyclist -1 -1 -7.9291 1084.6598 169.7951 1112.5438 235.2653 1.6828 0.4737 1.7511 13.0873 1.6039 19.4259 -7.3438 -1.1980
Cyclist -1 -1 -7.8858 1034.2439 171.4079 1054.6478 229.2843 1.6788 0.4564 1.7757 13.0754 1.6366 21.8179 -7.3524 -1.4786
Pedestrian -1 -1 -5.1765 1149.2029 189.6880 1177.8153 242.1146 1.1728 0.3914 0.3734 12.6015 1.5626 16.5005 -4.5334 -1.5342
Cyclist -1 -1 -8.1122 942.2089 173.5443 967.6708 220.4117 1.6772 0.4279 1.6666 12.7056 1.7033 26.7049 -7.6729 -1.5569
Cyclist -1 -1 -8.8943 1032.6072 170.4252 1108.8413 235.6289 1.6745 0.4590 1.7273 12.3036 1.6119 19.4019 -8.3365 -1.7248
Cyclist -1 -1 -7.8120 990.2161 171.8651 1008.9307 224.2898 1.7010 0.4937 1.7622 13.0789 1.6686 24.2962 -7.3238 -1.7578
Cyclist -1 -1 -8.8419 987.5203 172.4022 1050.9858 229.7197 1.6627 0.4380 1.7008 12.2795 1.6493 21.7862 -8.3350 -1.7682
Cyclist -1 -1 -8.7817 948.0939 173.0496 1004.2682 224.8659 1.6834 0.4871 1.7388 12.2763 1.6899 24.3341 -8.3199 -1.8431
Cyclist -1 -1 -7.7578 878.4731 173.1904 893.4478 209.9922 1.7070 0.5072 1.7685 13.1188 1.7232 34.3901 -7.3967 -1.9444
Car -1 -1 -7.1707 0.0000 165.6555 69.2436 203.0836 2.1236 1.7645 4.2667 -34.8106 1.7149 43.0787 -7.8475 -1.9553
Cyclist -1 -1 -7.7467 899.8967 172.6618 915.3967 212.0052 1.6908 0.4614 1.7055 13.1106 1.6822 31.8687 -7.3601 -1.9599
Car -1 -1 -7.1942 17.5342 170.8231 89.9486 198.9560 1.7981 1.7426 3.9845 -37.0259 1.6680 48.1141 -7.8476 -1.9888
Car -1 -1 -4.9665 772.7526 174.3525 833.1564 213.1480 1.6706 1.6763 4.1627 8.7796 1.7438 33.3130 -4.7115 -1.9974
Car -1 -1 -4.7382 617.2178 178.4670 636.5673 195.8473 1.4546 1.5970 4.0262 1.4412 1.9655 63.7049 -4.7161 -2.0060
Car -1 -1 -4.2752 627.9367 177.3604 665.8158 197.3678 1.5637 1.5960 3.9565 3.0495 1.9480 59.4688 -4.2246 -2.0698
Cyclist -1 -1 -8.7321 908.5812 170.3544 962.2139 219.8629 1.7625 0.6507 1.7988 11.9419 1.6732 26.6363 -8.3153 -2.1082
