Car -1 -1 -7.8799 594.1483 176.5551 637.8095 217.2442 1.5687 1.7038 3.5119 0.1514 1.7310 29.9145 -7.8756 2.5568
Car -1 -1 -4.0544 0.0000 181.5328 174.0956 291.0604 1.7013 1.7687 4.3400 -10.5631 1.8924 13.7331 -4.7009 1.8077
Car -1 -1 -7.4594 841.4546 173.2088 1071.8716 309.3102 1.4693 1.5468 3.5015 4.6279 1.4746 9.5485 -7.0209 1.4129
Car -1 -1 -7.2741 778.4363 173.2995 980.5959 269.2220 1.4908 1.6191 3.7928 4.8743 1.4996 13.0128 -6.9239 1.1622
Car -1 -1 -7.3803 719.8539 179.2014 864.8536 251.3127 1.4100 1.6110 3.9067 4.2025 1.5721 16.4609 -7.1355 0.7673
Car -1 -1 -7.1536 676.9267 172.5729 775.4616 219.2691 1.6261 1.6385 3.7036 4.3359 1.6161 26.9579 -6.9964 0.5940
Car -1 -1 -7.3100 694.3389 174.4455 820.2360 238.0155 1.5707 1.6646 3.8360 4.0868 1.6187 19.9025 -7.1112 0.3134
Car -1 -1 -7.0439 653.6619 176.2205 720.5870 201.2422 1.4790 1.6304 4.1936 4.8145 1.6981 45.0923 -6.9387 0.0812
Car -1 -1 -4.6649 522.0529 179.5292 542.6989 197.5991 1.4751 1.5903 4.0094 -6.7145 2.0716 62.4618 -4.7719 -0.2193
Car -1 -1 -7.1487 686.1716 176.7551 805.4746 227.3028 1.4912 1.6368 3.9689 4.4200 1.6280 23.4642 -6.9655 -0.4855
Car -1 -1 -7.0754 643.3818 176.3422 698.7357 197.2414 1.4232 1.5814 4.0265 4.3703 1.6820 51.6836 -6.9920 -0.5301
Car -1 -1 -5.4182 668.1596 174.4591 757.5369 210.4508 1.4973 1.6707 4.1469 4.4970 1.5740 32.4088 -5.2821 -0.7618
Pedestrian -1 -1 -6.1353 164.8436 176.5298 226.5992 374.0000 1.6139 0.4145 0.3591 -3.3013 1.6438 5.6668 -6.6435 -1.3012
Cyclist -1 -1 -8.0477 1034.5199 174.3026 1062.1957 228.6843 1.6646 0.4088 1.7622 13.9279 1.7124 23.0329 -7.5101 -1.4314
Car -1 -1 -6.7041 946.2842 165.8950 1000.8234 185.8519 1.5607 1.5779 3.5297 28.8066 1.0162 57.2906 -6.2404 -1.4693
Cyclist -1 -1 -7.8730 1095.1884 175.7011 1117.0244 239.3974 1.7083 0.4548 1.7854 13.8961 1.7915 20.3021 -7.2801 -1.6118
Car -1 -1 -6.1448 993.1912 171.7101 1109.6021 206.8476 1.5159 1.6634 4.3813 20.1804 1.4662 33.1534 -5.6023 -1.8637
Pedestrian -1 -1 -7.3663 70.3946 176.4603 104.9665 234.2586 1.8149 0.6674 0.6509 -16.7391 1.9317 23.0693 -7.9887 -2.0770
Pedestrian -1 -1 -3.3040 891.3542 161.5222 906.0594 187.0645 1.8277 0.5471 0.9058 20.7699 1.0165 51.9937 -2.9261 -2.0918
Cyclist -1 -1 -8.7831 993.0682 172.0761 1056.8621 228.7331 1.7340 0.5617 1.7741 13.1529 1.7099 23.0075 -8.2698 -2.1059
