Car -1 -1 -7.8649 579.9420 176.8064 693.7298 283.5579 1.5520 1.6776 3.7137 0.3701 1.6305 12.4994 -7.8373 2.4910
Car -1 -1 -4.2298 199.2858 186.6416 319.7773 242.4162 1.4465 1.5780 3.9731 -10.4383 1.8999 21.7255 -4.6733 2.3234
Car -1 -1 -4.0807 0.0000 181.2884 194.3084 277.6294 1.6530 1.6599 4.1973 -10.6804 1.8512 14.8624 -4.6955 2.0138
Car -1 -1 -4.4083 389.4866 178.3659 447.5050 209.7421 1.5273 1.6897 4.5121 -10.0940 1.8364 38.2204 -4.6651 1.9257
Car -1 -1 -4.4593 425.8452 176.5573 469.3921 205.4374 1.6744 1.6247 4.1675 -9.9840 1.9132 44.4836 -4.6792 1.4675
Car -1 -1 -7.1953 692.5152 172.9976 791.2015 216.6108 1.5340 1.6677 3.8562 4.9896 1.5395 27.3010 -7.0171 1.4107
Car -1 -1 -4.1997 290.0132 176.3806 355.8970 210.1337 1.6172 1.5659 3.5805 -14.6214 1.8062 36.8450 -4.5753 1.0756
Car -1 -1 -4.3752 466.4829 176.4182 507.4848 198.6527 1.5947 1.7875 4.1527 -9.2927 1.8752 54.6525 -4.5431 0.5859
Car -1 -1 -7.4819 811.7453 171.7138 1052.4968 310.2847 1.4785 1.6339 3.9731 4.4028 1.4661 9.6799 -7.0673 0.3565
Car -1 -1 -7.2340 672.0920 174.5021 733.9114 203.7387 1.4716 1.5335 3.4617 4.9314 1.5629 38.3107 -7.1074 0.1946
Car -1 -1 -4.3111 368.0399 177.8369 416.2646 201.8166 1.4627 1.5668 3.9875 -14.1416 1.8008 46.9376 -4.6025 -0.3824
Car -1 -1 -7.1258 657.2542 173.8653 718.8091 199.0258 1.4913 1.6068 3.9161 4.8442 1.5565 44.8312 -7.0193 -0.4520
Car -1 -1 -4.3792 518.7369 176.0802 548.8607 192.6144 1.4681 1.5679 3.9797 -7.0610 1.7768 67.0066 -4.4841 -0.4723
Car -1 -1 -8.1810 577.8871 178.0196 664.2903 233.3495 1.4880 1.5672 3.3654 0.2019 1.6555 21.5926 -8.1726 -0.8439
Pedestrian -1 -1 -7.7689 812.6257 179.7562 828.6806 218.4249 1.5934 0.6028 0.5599 8.7845 1.8858 30.2327 -7.4894 -1.1358
Pedestrian -1 -1 -4.5887 785.1724 188.4385 800.4647 227.5803 1.1519 0.3983 0.4339 5.4571 1.6267 21.7255 -4.3465 -1.1832
Car -1 -1 -7.7766 545.6937 175.4650 577.7712 203.3329 1.6214 1.6600 4.1110 -2.9618 1.7893 44.4310 -7.8433 -1.3985
Car -1 -1 -7.7485 617.7505 166.4619 641.6896 188.3873 1.8504 1.6825 3.9818 1.7285 1.3107 62.9802 -7.7215 -1.6216
Cyclist -1 -1 -4.9908 989.9531 180.3286 1010.6786 217.5630 1.6246 0.4234 1.4822 17.5595 1.9695 32.5590 -4.5005 -1.8314
Car -1 -1 -8.0917 576.9013 175.5337 641.2192 217.6458 1.4988 1.6216 3.8259 -0.1555 1.6100 27.9925 -8.0979 -1.8389
Pedestrian -1 -1 -7.8578 553.1858 176.0407 564.1907 205.1338 1.7030 0.6441 0.6258 -3.0703 1.8925 42.6450 -7.9297 -2.0110
Cyclist -1 -1 -7.4197 182.3157 182.5448 220.8682 240.3457 1.6304 0.3595 1.5825 -12.1546 1.9287 21.4249 -7.9308 -2.1814
