Car -1 -1 -7.8384 584.2847 176.4182 669.0274 254.4510 1.5542 1.7108 3.6145 0.3449 1.6439 16.3754 -7.8188 2.6231
Car -1 -1 -4.3308 303.5111 184.1849 384.2216 226.1206 1.4845 1.6343 3.9659 -10.4977 1.9655 28.6366 -4.6796 1.9565
Car -1 -1 -4.2267 187.6832 181.1836 315.6883 243.4850 1.6487 1.6686 4.2021 -10.6867 1.9245 21.7914 -4.6782 1.7779
Car -1 -1 -3.7688 1126.3217 182.1750 1241.0000 226.7527 1.4606 1.5740 3.7716 20.2363 1.7931 24.8873 -3.0924 1.2881
Car -1 -1 -7.1257 673.8955 171.2285 761.1076 208.3283 1.6584 1.7170 4.2372 5.1073 1.5855 34.2720 -6.9796 0.6089
Car -1 -1 -4.4933 426.1870 180.5089 466.0860 205.7809 1.4527 1.5818 3.9680 -10.1236 1.9473 44.6655 -4.7153 0.2680
Car -1 -1 -7.2445 660.6323 173.9626 715.9897 199.1770 1.5132 1.5957 3.7720 4.9294 1.5856 45.4180 -7.1375 0.0974
Car -1 -1 -7.2771 716.7148 172.2321 876.6552 247.6538 1.5307 1.6484 4.0195 4.3295 1.5178 16.6112 -7.0273 -0.1673
Car -1 -1 -4.3296 398.4467 179.7156 438.9275 200.9339 1.4857 1.5634 3.9383 -14.2689 2.0175 53.9013 -4.5875 -0.2118
Car -1 -1 -7.8656 594.4753 177.8774 637.8699 217.1015 1.4714 1.6564 3.6416 0.1791 1.6882 29.3598 -7.8602 -0.2481
Car -1 -1 -7.1199 649.4637 175.7775 703.7508 196.9376 1.4476 1.5882 4.0435 4.7863 1.6654 51.8578 -7.0288 -0.4585
Car -1 -1 -4.4746 483.8385 176.9728 513.9103 195.8719 1.5336 1.6514 3.9375 -9.4522 1.8958 61.4691 -4.6269 -0.8191
Car -1 -1 -7.5355 316.7123 176.5865 375.3180 214.1894 1.7291 1.6281 3.6652 -12.9174 1.9215 35.4017 -7.8833 -1.3594
Car -1 -1 -7.7967 609.3715 164.4060 631.8342 187.4210 1.9692 1.7537 4.2258 0.9478 1.2461 63.9063 -7.7822 -1.4447
Car -1 -1 -8.2498 951.8514 162.4621 1057.2035 219.8788 1.6772 1.6565 3.5680 12.3544 1.3734 22.9300 -7.7613 -1.5895
Pedestrian -1 -1 -6.3825 295.7917 174.6163 317.5455 219.3736 1.8473 0.5969 0.7866 -12.7682 1.9220 30.2653 -6.7789 -2.0875
