Car -1 -1 -4.4334 362.8348 182.2427 446.1582 230.2795 1.4770 1.6892 4.1676 -7.0730 1.8303 25.0908 -4.7059 2.2222
Car -1 -1 -7.8817 590.0929 173.3831 640.3602 219.8192 1.5821 1.7179 3.6129 0.0867 1.6026 26.4525 -7.8791 1.9932
Car -1 -1 -7.2872 745.0825 171.8438 943.9793 262.2072 1.4774 1.6393 4.1647 4.5153 1.4606 13.7591 -6.9772 1.9653
Car -1 -1 -4.3338 384.4263 174.6759 442.5574 207.0638 1.7254 1.7050 4.3074 -11.1015 1.8341 40.9281 -4.5974 1.3930
Car -1 -1 -7.0549 685.4440 174.7724 797.9404 222.2457 1.4579 1.5699 3.6058 4.3522 1.5257 23.9525 -6.8779 0.3388
Car -1 -1 -7.5803 421.8553 178.1783 462.5515 202.5872 1.5034 1.6079 3.8744 -10.9736 1.8665 47.2740 -7.8075 0.2108
Car -1 -1 -4.5113 365.2979 175.3617 401.0711 200.0190 1.5915 1.5944 3.7457 -15.3590 1.7679 48.9100 -4.8143 0.1334
Car -1 -1 -7.2170 689.4407 175.2527 820.3779 231.0562 1.4217 1.5868 3.9923 4.1318 1.4959 20.4788 -7.0213 -0.0314
Car -1 -1 -7.2968 644.2855 172.9948 704.0522 199.2654 1.4734 1.5923 4.0985 3.8010 1.4818 42.6071 -7.2089 -0.1142
Car -1 -1 -4.7883 140.5889 177.7024 176.6373 204.4414 1.5393 1.5856 3.9935 -27.8201 1.8511 44.3686 -5.3458 -0.8034
Car -1 -1 -7.3769 688.2182 170.1366 771.7856 213.1467 1.5698 1.6773 3.8264 4.7333 1.4703 28.3700 -7.2138 -0.8123
Cyclist -1 -1 -8.2808 1118.8052 173.8779 1174.5577 240.5093 1.7004 0.4799 1.8072 14.3249 1.7289 19.3751 -7.6519 -1.0925
Pedestrian -1 -1 -7.3939 434.1104 177.6924 449.4818 203.9442 1.6361 0.7114 0.6931 -10.6486 1.9441 45.5432 -7.6227 -1.2896
Car -1 -1 -5.8231 413.1770 175.8233 474.5743 198.6318 1.6327 1.6788 4.0994 -12.2817 1.8570 53.2781 -6.0489 -1.5040
Cyclist -1 -1 -7.9391 1084.9496 173.4755 1110.1497 231.1202 1.6722 0.4664 1.7800 14.6953 1.6915 21.8433 -7.3536 -1.5377
Cyclist -1 -1 -7.8504 1040.8038 174.2014 1057.8254 226.3714 1.6905 0.4744 1.7678 14.7452 1.7372 24.3053 -7.3110 -1.7551
Cyclist -1 -1 -7.4326 135.6173 179.1207 157.3443 210.4603 1.5959 0.3432 1.5740 -24.3528 1.9314 37.8668 -8.0012 -1.9374
Cyclist -1 -1 -8.7591 995.9857 173.0808 1055.4690 226.5497 1.7324 0.5789 1.7453 13.9263 1.7400 24.3025 -8.2445 -2.0304
Pedestrian -1 -1 -5.4161 1140.5260 195.1058 1168.8097 241.6467 1.1740 0.4353 0.3863 13.9917 1.7540 18.6071 -4.7795 -2.0654
Cyclist -1 -1 -7.7801 944.0847 174.5520 960.1998 214.4540 1.7016 0.5213 1.7636 15.0165 1.7782 31.7432 -7.3424 -2.1619
