Car -1 -1 -7.8512 586.0018 176.0304 672.5396 257.0050 1.5534 1.6797 3.7222 0.3645 1.6313 15.8707 -7.8297 2.9032
Car -1 -1 -4.3252 294.5945 183.6896 377.2479 226.3655 1.4583 1.5823 3.9289 -10.4375 1.9031 27.6512 -4.6834 2.2274
Car -1 -1 -4.2239 166.6239 178.9654 300.3348 245.9880 1.7039 1.6618 4.0914 -10.7047 1.8971 20.7795 -4.6947 2.1004
Car -1 -1 -4.0657 0.0000 175.9900 183.3433 286.0499 1.8481 1.7278 4.3640 -10.7659 1.9200 14.4351 -4.6979 1.4556
Car -1 -1 -3.7981 1147.1199 183.2463 1241.0000 228.5806 1.4247 1.5501 3.6288 20.1592 1.7809 23.9047 -3.1040 1.0025
Car -1 -1 -4.4105 419.3348 179.8771 468.1077 205.5743 1.4427 1.6976 4.2620 -10.0816 1.8910 43.8959 -4.6354 0.7806
Car -1 -1 -7.1359 676.5663 169.4224 767.6287 208.2433 1.6817 1.7227 4.3502 5.1812 1.5328 33.3173 -6.9835 0.4972
Car -1 -1 -7.0872 662.5632 173.8042 725.6687 199.5394 1.5090 1.6094 3.8807 5.1563 1.5695 44.3011 -6.9725 0.2035
Car -1 -1 -8.7531 961.8369 164.6482 1103.4503 221.6403 1.5785 1.5990 3.4476 12.6411 1.3510 21.8823 -8.2355 0.1478
Car -1 -1 -4.3746 397.0209 177.1778 437.3388 199.1584 1.5317 1.6509 3.9445 -14.1689 1.8618 53.1080 -4.6344 0.1014
Car -1 -1 -7.3823 725.0658 172.0064 887.0661 252.2989 1.5053 1.6851 4.1701 4.3072 1.4891 15.6389 -7.1191 0.0974
Car -1 -1 -7.8762 597.1268 177.3716 641.5516 218.2988 1.4661 1.6167 3.5405 0.2704 1.6523 28.0204 -7.8673 -0.6809
Car -1 -1 -7.8556 612.2901 166.4691 633.0598 191.5331 2.1215 1.7581 4.1673 1.0793 1.5808 63.1709 -7.8390 -1.3026
Car -1 -1 -7.0219 651.2597 171.2415 710.6835 195.5732 1.6492 1.6798 4.1058 4.9893 1.5396 50.8076 -6.9250 -1.6405
Car -1 -1 -7.7172 551.4947 172.7552 582.9726 197.6369 1.6656 1.6475 4.1499 -2.9768 1.6587 50.4328 -7.7762 -1.6417
Car -1 -1 -4.4319 450.4067 176.3764 487.4813 200.2313 1.5824 1.5710 3.7161 -9.8289 1.8373 50.3507 -4.6240 -2.0427
Car -1 -1 -4.0198 95.1982 183.3787 234.6415 236.6990 1.5054 1.6076 4.0455 -14.2556 1.8763 23.3274 -4.5635 -2.0537
Car -1 -1 -4.9275 471.8351 173.6748 499.4704 192.4471 1.5951 1.6173 3.8237 -11.0060 1.6694 63.5649 -5.0985 -2.0814
Car -1 -1 -2.2906 202.4363 182.7110 306.8625 225.6908 1.5137 1.5986 3.5983 -13.5851 1.9086 27.4988 -2.7459 -2.1011
