Car -1 -1 -4.0601 18.7647 189.6567 206.3394 271.2563 1.4873 1.5195 3.4986 -10.6450 1.8940 15.6841 -4.6488 2.6097
Car -1 -1 -7.9054 591.9133 177.7882 635.8336 217.4563 1.5359 1.6400 3.6839 0.0642 1.7556 30.2860 -7.9040 2.0736
Car -1 -1 -4.2365 180.1294 182.1690 310.9930 245.2026 1.6181 1.6899 4.1704 -10.5910 1.9192 21.2429 -4.6944 1.9510
Car -1 -1 -7.2846 734.6813 176.0465 872.4025 245.9987 1.4812 1.5461 3.4810 4.6163 1.5647 17.1856 -7.0272 1.1578
Car -1 -1 -7.1534 712.7343 176.2291 841.0456 233.5886 1.4852 1.6110 3.6466 4.7627 1.5896 20.6301 -6.9304 1.0285
Car -1 -1 -7.1386 666.7496 175.1920 767.5745 220.7303 1.6025 1.6533 3.8962 4.0812 1.6974 27.4824 -6.9934 0.2563
Car -1 -1 -7.1974 681.1089 179.4610 794.2014 227.2342 1.4296 1.5859 4.0405 4.2739 1.6677 24.0803 -7.0245 -0.2849
Car -1 -1 -7.0593 661.9603 175.4583 743.4819 210.7890 1.5939 1.6532 3.8204 4.4375 1.7251 34.6322 -6.9335 -0.3177
Pedestrian -1 -1 -3.9552 888.9825 175.7735 908.8409 209.7377 1.7571 0.4782 0.9022 15.0979 1.9114 37.8046 -3.5785 -0.4160
Pedestrian -1 -1 -5.2360 1184.2422 193.9402 1216.3737 251.9442 1.2636 0.4207 0.3778 13.1107 1.7400 16.0952 -4.5620 -1.2854
Car -1 -1 -7.2821 648.4476 175.6999 697.6918 198.2693 1.5659 1.6208 4.1108 4.6167 1.7819 52.7185 -7.1957 -1.2979
Car -1 -1 -6.9806 637.6597 177.0579 687.0182 195.9955 1.4869 1.5914 3.9430 4.2894 1.8423 59.2502 -6.9091 -1.4527
Car -1 -1 -8.0782 905.4144 169.6511 933.9115 187.8035 1.6159 1.6243 3.6302 28.3351 1.3305 66.1624 -7.6754 -1.6014
Car -1 -1 -5.7631 654.6042 176.4188 734.5417 206.0212 1.5741 1.6811 4.2017 4.7079 1.7846 40.7518 -5.6494 -1.6403
Car -1 -1 -7.6163 665.6129 177.0326 723.8204 213.4663 1.4788 1.6400 4.1529 3.7852 1.6769 32.0303 -7.5003 -1.7478
Cyclist -1 -1 -8.0759 904.5018 178.3009 922.5229 215.3073 1.6418 0.3954 1.6723 13.8795 1.8980 33.1209 -7.6828 -1.7842
Cyclist -1 -1 -7.8917 932.7064 175.4012 945.3505 216.9914 1.7140 0.4146 1.7252 13.9577 1.8252 30.7203 -7.4694 -1.8131
Car -1 -1 -8.2434 855.5261 179.0990 910.8824 209.4892 1.5350 1.6082 3.3871 14.6153 1.8860 38.8695 -7.8867 -1.8231
Car -1 -1 -5.0717 839.0529 181.0321 886.2803 205.3416 1.5063 1.6451 4.0279 16.7502 2.0744 48.1132 -4.7391 -1.9324
Car -1 -1 -4.7326 837.3541 177.7078 862.0302 199.1524 1.5152 1.6608 4.0580 17.9230 1.8939 54.1529 -4.4150 -1.9465
Cyclist -1 -1 -7.9197 959.1383 176.0341 976.5022 221.9453 1.7298 0.4814 1.7674 13.9387 1.8578 28.2197 -7.4657 -2.0263
Pedestrian -1 -1 -5.8774 561.0452 174.7230 571.6801 199.6346 1.8331 0.7047 0.5559 -3.2684 1.9727 53.5838 -5.9385 -2.1209
Car -1 -1 -2.7126 214.8797 162.5566 292.2236 193.4565 2.0319 1.7394 4.3184 -23.8804 1.3544 48.3744 -3.1692 -2.1460
Car -1 -1 -8.5178 886.8874 178.9308 954.1351 206.6460 1.5416 1.6287 3.8918 18.4517 1.9222 43.1402 -8.1166 -2.1661
Car -1 -1 -3.8492 65.5393 181.9112 197.9299 226.4907 1.4850 1.6141 4.0616 -17.8479 1.8522 27.0959 -4.4274 -2.1727
