Car -1 -1 -7.8220 582.4508 173.2267 658.1050 243.3154 1.5336 1.6621 3.7264 0.2555 1.5435 17.7074 -7.8088 2.5860
Car -1 -1 -3.7733 1074.0731 178.3094 1208.2650 218.3895 1.4772 1.5818 3.9775 20.2103 1.6918 27.6137 -3.1470 0.3181
Car -1 -1 -7.6745 1096.3990 142.9321 1241.0000 374.0000 1.5210 1.6463 3.8578 5.0585 1.3865 5.0409 -6.9165 0.3048
Car -1 -1 -4.3582 431.1972 177.4690 476.7426 201.1624 1.4596 1.5911 4.1306 -10.2322 1.7765 47.4457 -4.5698 0.2931
Car -1 -1 -4.2072 72.9724 171.8135 250.6837 255.6166 1.8268 1.7681 4.4933 -10.9541 1.8038 18.0045 -4.7475 0.2762
Car -1 -1 -7.2711 655.1091 170.7458 705.5581 195.7920 1.5974 1.6025 3.6358 4.6717 1.4627 47.9367 -7.1749 -0.2271
Car -1 -1 -7.2399 697.2718 167.9095 836.9442 233.1432 1.5627 1.6417 4.0014 4.2128 1.4440 19.2446 -7.0283 -0.2702
Car -1 -1 -7.2525 668.7532 168.1327 741.2515 201.0492 1.5933 1.6456 4.1247 4.8828 1.3644 37.0094 -7.1227 -0.2895
Car -1 -1 -7.2096 646.9621 172.4932 694.7352 193.1183 1.4984 1.5932 3.8581 4.5880 1.4719 54.3902 -7.1263 -0.4790
Car -1 -1 -7.7753 593.4805 174.5318 637.4075 210.7581 1.4895 1.6520 3.6764 0.2503 1.5674 31.7458 -7.7681 -0.5719
Pedestrian -1 -1 -7.7231 128.1007 175.2198 147.4345 215.2601 1.7186 0.6311 0.5958 -20.6028 1.8227 31.4222 -8.2997 -0.9749
Car -1 -1 -4.6645 488.3742 173.1516 509.3913 191.3240 1.5606 1.6556 4.0331 -9.8674 1.5876 64.1225 -4.8168 -0.9777
Car -1 -1 -4.2864 407.5432 175.2173 448.2733 194.8691 1.4699 1.5871 3.9929 -14.2551 1.6618 56.5801 -4.5323 -1.4503
Car -1 -1 -7.7986 605.4625 158.6090 627.1250 184.2409 2.2649 1.7487 4.2793 0.5846 1.0059 65.9479 -7.7900 -1.6120
Cyclist -1 -1 -4.5092 206.7103 155.6642 226.5466 189.8411 1.7557 0.5697 1.7661 -20.7398 0.8723 37.9937 -5.0060 -1.7698
Car -1 -1 -6.4028 568.4663 172.3715 652.6829 203.7880 1.5515 1.6657 4.1115 -0.0443 1.5274 36.7081 -6.4045 -1.8982
Car -1 -1 -7.6151 552.1931 169.6158 586.2105 192.4097 1.6400 1.6414 4.0169 -3.0417 1.4067 54.0389 -7.6714 -1.9423
