Car -1 -1 -7.8618 588.8922 175.5154 637.3290 221.0901 1.5842 1.6990 3.7527 0.0500 1.6912 27.1835 -7.8607 2.1781
Car -1 -1 -4.5000 417.3786 182.4751 475.2904 220.0516 1.5024 1.6801 4.0249 -7.1978 1.9544 31.9012 -4.7206 1.7896
Car -1 -1 -7.2447 720.0688 175.1668 885.3735 246.3876 1.4449 1.6162 4.1717 4.5012 1.5045 16.7320 -6.9870 1.7835
Car -1 -1 -4.3940 397.7056 177.5441 448.9162 208.1484 1.7328 1.7385 4.3131 -11.2784 2.0312 43.7401 -4.6453 1.2815
Car -1 -1 -7.6273 976.9683 170.5610 1241.0000 374.0000 1.4815 1.6208 3.8708 4.5867 1.4686 5.8331 -6.9859 0.6310
Car -1 -1 -7.1893 677.2099 178.3623 793.1265 225.5997 1.3771 1.5772 4.0055 4.0752 1.5703 23.4149 -7.0198 0.0096
Car -1 -1 -7.6165 378.5574 179.4621 414.4558 202.1430 1.5353 1.6338 3.7604 -15.3325 2.0277 51.8769 -7.9028 -0.0683
Car -1 -1 -7.0294 673.8501 176.2010 780.1599 218.3237 1.4609 1.6106 3.8744 4.3701 1.5941 27.0465 -6.8715 -0.3006
Car -1 -1 -4.8003 158.3373 181.6442 193.1238 206.8066 1.5025 1.5986 3.7750 -28.0326 2.0928 46.4776 -5.3407 -0.4453
Car -1 -1 -6.9754 641.2248 174.9971 706.2904 199.8757 1.4732 1.6060 3.8990 3.9443 1.6112 44.8016 -6.8886 -0.6292
Car -1 -1 -8.0059 631.8564 173.8011 657.2416 191.6876 1.5185 1.6388 4.0008 2.9861 1.6043 63.5508 -7.9596 -0.6900
Car -1 -1 -5.2937 1000.3154 164.5769 1241.0000 279.8829 1.4821 1.5240 3.2919 7.4991 1.3754 10.9256 -4.7051 -1.4534
Car -1 -1 -4.6307 836.8427 177.4474 869.0228 203.4368 1.5474 1.6226 4.1277 15.4754 1.8538 45.9604 -4.3083 -1.5327
Car -1 -1 -7.5394 291.4106 171.0758 332.6736 201.0684 2.3480 1.7994 4.4998 -24.2405 2.2085 58.7976 -7.9291 -1.7439
Cyclist -1 -1 -8.6864 989.5220 171.7988 1047.0125 225.5681 1.7718 0.6151 1.7477 13.9014 1.7368 24.7027 -8.1795 -1.7504
Cyclist -1 -1 -7.0959 1029.2188 168.6639 1088.5304 224.5867 1.8329 0.6837 1.7438 15.0072 1.6953 24.2062 -6.5468 -1.8515
Pedestrian -1 -1 -2.9453 351.0673 178.3145 363.5280 200.0526 1.8212 0.4651 0.9196 -21.3489 2.2840 60.8931 -3.2815 -1.8968
Cyclist -1 -1 -7.9011 1026.6793 171.9922 1047.4784 224.1944 1.7361 0.5212 1.7629 14.6772 1.7071 24.8979 -7.3742 -1.9268
Pedestrian -1 -1 -7.0630 1224.7749 169.2691 1241.0000 211.7821 1.7933 0.6838 0.6011 26.7940 1.6418 30.7978 -6.3521 -2.0588
Pedestrian -1 -1 -3.7504 684.6288 162.4660 700.7063 190.7890 1.9125 0.6409 0.8811 5.6054 1.2107 49.2120 -3.6379 -2.1405
Pedestrian -1 -1 -7.6335 1215.0768 151.2363 1240.9275 207.2217 1.8221 0.5818 0.3768 20.3596 1.1182 23.8285 -6.9327 -2.1747
