Car -1 -1 -4.1724 84.4125 188.5945 257.1826 260.4735 1.4323 1.6160 4.1387 -10.3729 1.8560 17.3620 -4.7046 2.1609
Car -1 -1 -7.9233 578.8322 173.0212 743.4323 334.5742 1.5952 1.6353 3.6913 0.3999 1.5975 8.9964 -7.8820 2.1464
Car -1 -1 -4.4417 407.3314 177.5501 457.8020 207.2442 1.5312 1.6413 4.2357 -9.8075 1.8053 40.0266 -4.6809 1.6858
Car -1 -1 -4.4183 361.1328 178.5422 427.5564 214.7857 1.5376 1.7319 4.4541 -9.9655 1.8194 33.5452 -4.7053 1.4933
Car -1 -1 -4.1155 246.7006 175.4071 328.6288 214.0646 1.6176 1.5459 3.6893 -14.4233 1.7389 32.4041 -4.5315 1.1088
Car -1 -1 -7.2505 714.2308 170.0226 833.5004 222.9792 1.5307 1.6600 4.0971 5.2074 1.4486 22.8571 -7.0299 0.7780
Car -1 -1 -4.3777 456.4537 175.2489 501.0494 199.8211 1.6163 1.7290 4.3100 -9.0951 1.7900 50.1659 -4.5565 0.6973
Car -1 -1 -7.7782 1004.4114 163.5641 1241.0000 374.0000 1.5643 1.6144 3.4402 4.0415 1.5220 5.0810 -7.1348 0.3033
Car -1 -1 -7.1389 665.5757 172.0534 731.4628 199.6608 1.4713 1.5876 3.7476 4.9370 1.4284 40.2998 -7.0183 0.0169
Car -1 -1 -3.9233 0.0000 184.6390 57.0552 329.2707 1.6918 1.6511 3.8888 -10.6134 1.8987 10.7212 -4.6912 -0.0123
Car -1 -1 -4.3981 514.9203 174.5929 546.7216 193.1325 1.5472 1.6109 3.9321 -6.8650 1.7030 62.6948 -4.5070 -0.0630
Car -1 -1 -7.2398 683.3456 173.1254 752.2011 206.9859 1.5003 1.5138 3.3882 5.0327 1.5133 33.7464 -7.0936 -0.2283
Car -1 -1 -4.4082 351.7701 178.0237 399.6293 204.5066 1.4613 1.5638 3.9720 -13.7982 1.7804 42.5843 -4.7200 -0.4264
Car -1 -1 -8.0754 576.4302 179.3587 674.6647 250.7659 1.4690 1.5706 3.4204 0.2122 1.6387 17.0150 -8.0642 -0.7896
Car -1 -1 -7.8905 603.3789 174.9959 654.8148 222.1995 1.4745 1.5943 3.7270 0.5376 1.5528 24.5850 -7.8696 -0.9265
Pedestrian -1 -1 -7.7775 547.3718 172.6456 562.3702 206.0910 1.7553 0.7454 0.6441 -2.9534 1.7440 38.1894 -7.8546 -1.0331
Cyclist -1 -1 -6.9272 81.1093 172.7664 136.2963 220.4404 1.8254 0.7185 1.7017 -19.8526 1.8218 28.5484 -7.5306 -1.1787
Car -1 -1 -4.0549 100.5316 179.2653 194.9130 216.4512 1.5097 1.5863 3.6722 -20.3345 1.8093 31.8512 -4.6195 -1.2802
Car -1 -1 -7.7844 540.5342 175.0649 575.2713 204.9879 1.5609 1.6513 3.8513 -2.8688 1.6887 39.8516 -7.8562 -1.2969
Cyclist -1 -1 -4.4530 0.0000 157.2421 22.6925 210.7477 1.7492 0.6007 1.5734 -20.5558 1.2385 24.4289 -5.1472 -1.8578
Cyclist -1 -1 -7.6886 66.6766 173.3255 95.5124 220.4037 1.8060 0.6430 1.7193 -20.9983 1.8250 28.6100 -8.3175 -1.8757
Pedestrian -1 -1 -8.4257 1218.3168 161.7893 1241.0000 219.9319 1.7983 0.6508 0.4677 19.5222 1.4558 22.5922 -7.7198 -2.0620
Car -1 -1 -4.9897 616.8160 171.2034 649.5432 191.3043 1.5626 1.6088 3.9597 1.8043 1.4340 58.2086 -4.9592 -2.0911
Car -1 -1 -5.9128 801.7036 175.0619 851.7306 191.7905 1.4834 1.6206 4.0986 19.8949 1.6921 66.3812 -5.6232 -2.0948
Car -1 -1 -6.2663 244.2884 176.3651 346.5921 211.4773 1.5738 1.6752 4.3546 -14.9021 1.7480 34.2643 -6.6740 -2.1074
