Car -1 -1 -7.8655 579.6146 174.4428 702.0797 292.8545 1.5794 1.6438 3.7122 0.3945 1.6087 11.5469 -7.8336 2.4035
Car -1 -1 -4.2077 161.2334 188.0143 302.0593 249.2978 1.4474 1.6317 4.2183 -10.4559 1.9171 20.2322 -4.6798 2.3725
Car -1 -1 -4.4305 418.9088 176.0382 464.9138 206.7250 1.7166 1.6023 4.0202 -9.9533 1.9144 42.8398 -4.6578 1.8371
Car -1 -1 -3.9862 0.0000 182.2426 157.8130 296.1142 1.6888 1.6903 4.3293 -10.6671 1.8900 13.2761 -4.6534 1.7064
Car -1 -1 -4.3689 381.3246 181.2161 445.3865 213.2942 1.4682 1.6835 4.5769 -9.9154 1.9192 36.5967 -4.6320 1.3749
Car -1 -1 -7.2266 698.2667 172.1088 804.7232 219.0982 1.5455 1.6823 4.0356 5.0547 1.5207 25.7251 -7.0353 1.0829
Car -1 -1 -4.2540 277.4216 177.9298 341.2523 211.4624 1.5250 1.5003 3.4250 -14.5960 1.7841 35.1061 -4.6457 0.5935
Car -1 -1 -4.4277 466.5331 177.4704 505.3159 199.6371 1.5387 1.7131 4.1698 -9.1177 1.8924 53.1577 -4.5971 0.5824
Car -1 -1 -7.2507 675.3596 175.3393 739.5648 206.3423 1.4846 1.5267 3.4877 4.9449 1.6168 36.6459 -7.1181 0.2873
Car -1 -1 -7.5474 853.2808 166.9861 1139.1082 351.3083 1.5381 1.6602 4.1588 4.4349 1.4888 8.0715 -7.0611 0.1495
Car -1 -1 -7.2788 659.4394 171.2048 716.3687 197.7061 1.5160 1.6063 3.7649 4.6708 1.4213 43.2428 -7.1724 -0.2627
Car -1 -1 -7.6305 595.5079 178.0828 661.4385 222.3346 1.4511 1.6325 3.5605 0.6901 1.6535 26.0430 -7.6050 -0.3728
Car -1 -1 -4.6814 363.9120 178.2472 392.1076 203.6615 1.4980 1.5704 3.7989 -14.6042 1.8526 45.4392 -4.9910 -0.7380
Car -1 -1 -4.8880 580.0433 178.0234 666.0362 244.6200 1.5609 1.6059 3.9061 0.1914 1.7136 19.2908 -4.8792 -1.1658
Car -1 -1 -4.1759 518.1095 176.6330 555.8170 194.0607 1.5022 1.5838 3.9773 -6.5897 1.8549 65.2590 -4.2765 -1.3777
Car -1 -1 -8.1223 532.7264 175.9960 577.5904 205.9967 1.6676 1.6642 3.8933 -3.3269 1.8622 42.6622 -8.2001 -1.4044
Pedestrian -1 -1 -6.3695 801.2665 176.6477 820.4094 233.3111 1.5588 0.4624 0.4738 5.5567 1.6659 20.1550 -6.1050 -1.4732
Car -1 -1 -7.9999 138.5673 183.4638 190.2696 217.4215 1.4834 1.5877 3.7809 -21.5052 2.0222 34.7029 -8.5515 -1.5427
Pedestrian -1 -1 -8.0492 829.7523 173.7572 848.4235 215.4736 1.6353 0.6075 0.5517 9.0330 1.6711 28.6039 -7.7468 -1.7328
Car -1 -1 -2.1003 199.1880 179.3219 296.8879 227.1999 1.6291 1.6152 3.6380 -13.4474 1.8828 26.6718 -2.5636 -1.8205
Cyclist -1 -1 -7.7743 432.0607 179.8568 440.7554 209.8168 1.5596 0.3333 1.5283 -9.3460 1.9425 38.7062 -8.0101 -1.8815
Pedestrian -1 -1 -3.3004 949.9630 147.1531 972.0621 229.9772 1.9972 0.5173 0.4063 8.5568 1.3772 17.7045 -2.8572 -1.9530
Car -1 -1 -4.7497 607.0004 175.9133 636.0453 201.7479 1.4749 1.5987 4.0232 0.6224 1.6685 43.7037 -4.7360 -2.0170
