Car -1 -1 -4.3432 353.9869 180.8665 429.0843 216.5775 1.4530 1.7164 4.5759 -9.8461 1.8426 32.7605 -4.6334 2.3458
Car -1 -1 -4.1245 49.2230 191.2346 238.9796 268.0943 1.4238 1.6109 4.0453 -10.3738 1.8932 16.3918 -4.6817 2.2877
Car -1 -1 -7.9000 568.3298 173.1115 762.7098 357.2597 1.5713 1.6602 3.5547 0.4212 1.5744 7.9415 -7.8508 2.1956
Car -1 -1 -4.4127 402.1546 177.9995 453.2897 208.6103 1.5387 1.5970 3.8744 -9.8017 1.8300 38.9127 -4.6582 1.8350
Car -1 -1 -4.3157 238.6699 179.0057 306.2914 216.0912 1.4952 1.4916 3.3016 -14.6176 1.7763 31.3251 -4.7493 1.2860
Car -1 -1 -4.3617 456.1423 177.8764 500.4339 201.2530 1.4897 1.6284 4.1797 -8.9405 1.8467 49.1240 -4.5412 0.7529
Car -1 -1 -7.2678 716.7792 168.7994 839.3953 226.4728 1.5881 1.6510 4.0702 5.1134 1.4762 21.8675 -7.0416 0.7055
Car -1 -1 -4.3975 339.2728 179.5032 388.0085 205.9064 1.4180 1.5468 3.8312 -14.1908 1.8192 41.6447 -4.7243 -0.0117
Car -1 -1 -7.1757 687.0489 171.4604 762.2000 206.5945 1.5109 1.5503 3.4545 5.1932 1.4506 32.7631 -7.0204 -0.1351
Car -1 -1 -7.8974 1145.1945 173.8062 1241.0000 374.0000 1.4858 1.6373 3.8019 4.2330 1.4936 4.1779 -7.1406 -0.2693
Car -1 -1 -4.2625 513.9030 176.3341 551.0820 194.7068 1.4924 1.5821 3.9781 -6.5958 1.7993 61.5584 -4.3691 -0.3265
Car -1 -1 -7.1414 668.4004 173.0142 732.8285 200.7495 1.4382 1.5291 3.5464 4.9113 1.4469 39.1904 -7.0181 -0.4686
Car -1 -1 -7.9644 585.5857 179.1343 669.8360 250.1031 1.4837 1.5950 3.5873 0.2727 1.6500 17.2764 -7.9499 -0.5345
Car -1 -1 -8.0335 590.5618 176.4853 651.8087 219.9140 1.4722 1.6150 3.7081 0.2971 1.6164 26.7516 -8.0232 -0.6073
Car -1 -1 -6.9566 212.8223 180.5378 291.0719 208.1478 1.4484 1.5455 3.8706 -20.3502 1.9078 41.0899 -7.4142 -0.6522
Pedestrian -1 -1 -4.7021 342.6308 170.5096 354.6676 211.1132 1.8808 0.5225 0.9242 -12.3327 1.7719 33.9456 -5.0484 -0.7116
Car -1 -1 -7.7790 537.5908 174.5841 573.6903 207.3655 1.6782 1.6571 4.0445 -2.9389 1.7766 39.1730 -7.8539 -0.9968
Pedestrian -1 -1 -7.6667 545.9063 173.4983 560.8058 208.0964 1.7639 0.6640 0.6060 -2.9521 1.7971 37.1360 -7.7460 -1.0322
Car -1 -1 -4.8532 546.6356 176.0543 572.3942 194.7995 1.4884 1.5966 3.9444 -4.2621 1.7640 60.1021 -4.9241 -1.0900
Car -1 -1 -4.7758 434.6322 177.9334 461.8335 200.7250 1.5028 1.6046 4.1444 -11.4482 1.8755 50.7755 -4.9968 -1.4253
Car -1 -1 -7.3637 633.0665 170.5391 672.9305 189.7856 1.6213 1.6650 4.2697 3.7711 1.4260 63.0363 -7.3046 -1.6590
Car -1 -1 -3.1812 482.1034 178.5506 527.7898 198.8917 1.4784 1.5557 3.3302 -7.9221 1.9138 54.1114 -3.3263 -1.7226
Car -1 -1 -3.0191 809.9241 175.9640 855.1509 191.9927 1.4256 1.5276 3.8101 20.3987 1.7170 66.2177 -2.7219 -1.7284
Car -1 -1 -2.4594 0.0000 180.5927 105.3636 220.2295 1.4661 1.6601 4.1403 -22.1882 1.7741 27.8846 -3.1270 -1.8431
Car -1 -1 -7.5913 75.4582 180.0037 150.5836 218.3186 1.4945 1.6561 4.0649 -21.3864 1.8246 31.1529 -8.1891 -1.9508
