Car -1 -1 -7.8703 599.3309 183.0525 679.4761 257.7015 1.5473 1.7172 3.6105 0.6078 1.8169 17.2732 -7.8368 2.6866
Car -1 -1 -4.4239 410.0319 188.8845 481.7780 230.7836 1.4529 1.6995 4.0093 -6.4642 2.1348 28.6517 -4.6444 2.3192
Car -1 -1 -4.2959 301.7793 188.3735 396.7609 232.3092 1.4784 1.7730 4.6163 -10.1315 2.1382 28.3204 -4.6370 2.2587
Car -1 -1 -4.1093 167.9164 187.4392 264.4478 232.4922 1.5023 1.5091 3.3743 -14.6527 2.0825 26.9578 -4.6034 1.6881
Car -1 -1 -3.9844 0.0000 204.6775 116.7562 321.0382 1.4396 1.6196 3.9769 -10.4778 2.0583 12.0299 -4.6901 1.3845
Car -1 -1 -4.4567 516.3530 185.5119 556.1012 211.7746 1.5335 1.5886 3.9348 -4.7063 2.3797 46.1885 -4.5582 1.0731
Car -1 -1 -4.3985 370.2175 181.6324 428.3874 222.0780 1.7781 1.5880 3.7179 -10.0188 2.2195 34.4215 -4.6801 0.7349
Car -1 -1 -7.1290 668.5878 182.6849 751.4648 215.8593 1.4665 1.6432 4.1656 4.8603 1.9707 35.0499 -6.9930 0.3561
Car -1 -1 -7.3158 740.5815 177.2344 891.1576 252.6698 1.5966 1.6814 4.0602 5.0269 1.7148 17.5113 -7.0416 0.2865
Car -1 -1 -4.5363 565.2000 181.6327 592.7050 200.8697 1.5546 1.6981 4.0250 -2.6706 2.3384 62.3391 -4.5794 0.1059
Car -1 -1 -7.2781 695.6409 181.1790 775.3309 222.6917 1.4920 1.5254 3.3307 4.9285 1.8392 28.3722 -7.1085 0.0753
Car -1 -1 -4.1804 499.0437 184.5658 542.8186 205.1539 1.5031 1.6297 4.0383 -7.0582 2.4688 57.3332 -4.3028 -0.1829
Car -1 -1 -8.0152 519.5466 180.9874 567.7132 217.8068 1.6148 1.6786 3.9861 -3.2930 2.0302 34.7314 -8.1096 -0.7766
Car -1 -1 -7.7458 620.1770 176.4578 648.9677 201.3109 1.6769 1.6325 3.9870 1.7560 1.9436 51.3785 -7.7123 -1.0051
Car -1 -1 -6.0868 421.2262 186.2234 488.1599 210.9361 1.5412 1.6324 3.9992 -10.0590 2.4230 46.7589 -6.2980 -1.2122
Car -1 -1 -4.1762 156.3705 186.8165 231.2215 218.3142 1.4393 1.5762 3.7602 -21.0223 2.1828 36.5432 -4.6953 -1.2715
Pedestrian -1 -1 -6.0039 788.5565 174.9091 799.7906 195.0340 1.7835 0.5125 0.8654 16.4344 1.9681 64.4743 -5.7558 -1.7827
Pedestrian -1 -1 -5.2938 1151.6224 180.6796 1183.8676 237.0129 1.7406 0.5456 0.6283 17.5051 1.9902 22.7179 -4.6442 -1.8907
Pedestrian -1 -1 -3.8378 66.6492 188.9494 112.3363 266.9176 1.7810 0.6426 0.6023 -12.3148 2.1685 17.0085 -4.4573 -1.9549
Car -1 -1 -7.6840 783.0969 173.0651 809.1330 192.5860 1.7319 1.6598 4.0535 17.0950 1.7517 66.2532 -7.4329 -2.0171
Car -1 -1 -4.6442 640.9201 179.1249 660.5358 195.7767 1.4710 1.5692 3.9020 3.8030 2.0733 67.3049 -4.5884 -2.0421
