Car -1 -1 -7.8866 578.9276 175.7569 721.7453 312.4509 1.5665 1.6523 3.6147 0.4201 1.6143 10.1578 -7.8480 2.3555
Car -1 -1 -4.1849 121.4539 188.3392 275.6155 255.6507 1.4492 1.5998 4.0091 -10.3806 1.8890 18.4861 -4.6907 2.3216
Car -1 -1 -4.3977 371.6084 181.2034 436.2582 214.5658 1.4521 1.6918 4.4601 -9.8811 1.8807 34.7996 -4.6728 2.2441
Car -1 -1 -4.4343 413.6874 176.8657 460.7801 207.2227 1.6227 1.6077 3.8475 -9.8035 1.8615 41.0451 -4.6677 1.8566
Car -1 -1 -4.3209 460.8816 176.6846 507.7933 200.0002 1.5639 1.7373 4.4366 -8.9401 1.8496 51.5251 -4.4922 1.7125
Car -1 -1 -4.2678 260.8129 179.1762 325.9260 213.4174 1.4739 1.4708 3.3072 -14.6060 1.7806 33.3562 -4.6779 1.1850
Car -1 -1 -3.8963 0.0000 184.4328 97.7925 314.5349 1.6693 1.6844 3.9843 -10.7126 1.8895 11.6806 -4.6272 0.7588
Car -1 -1 -7.2303 707.1502 171.2598 820.4830 221.4453 1.5303 1.6371 4.0411 5.1216 1.4814 23.9688 -7.0229 0.5229
Car -1 -1 -7.1044 663.7268 172.0651 728.4410 199.1696 1.4894 1.5814 3.7244 4.9361 1.4457 41.4556 -6.9871 0.1502
Car -1 -1 -7.6515 922.6107 166.1014 1241.0000 374.0000 1.5620 1.6666 3.8383 4.2747 1.5209 6.3154 -7.0787 -0.0500
Car -1 -1 -7.2426 680.4277 174.4209 747.5534 206.1295 1.4497 1.4837 3.4977 5.0318 1.5292 34.9478 -7.1013 -0.1748
Car -1 -1 -4.5007 106.2021 176.5984 170.2504 214.9215 1.6105 1.6363 3.9425 -21.4405 1.7918 32.8718 -5.0752 -0.5493
Car -1 -1 -7.8322 601.5624 178.2118 651.8783 224.3205 1.4411 1.6041 3.5403 0.5606 1.6381 24.7733 -7.8105 -0.8825
Car -1 -1 -4.2237 515.6745 175.8025 553.1113 193.4917 1.4910 1.5759 4.0406 -6.6580 1.7599 63.7075 -4.3277 -0.9244
Car -1 -1 -8.1040 575.1978 178.2874 672.4902 247.0511 1.5250 1.6127 3.4669 0.1971 1.6757 18.1740 -8.0943 -1.0632
Cyclist -1 -1 -3.9740 131.2303 175.0861 170.9353 215.4156 1.7300 0.6063 1.5284 -20.2779 1.8307 31.8453 -4.5374 -1.3158
Car -1 -1 -4.7236 442.6797 176.7195 466.0877 199.1007 1.5503 1.6152 4.1512 -11.4711 1.8455 52.9446 -4.9362 -1.4511
Car -1 -1 -6.5726 809.5530 180.2251 910.2654 216.1732 1.4509 1.5524 3.7056 10.3968 1.7689 30.3139 -6.2457 -1.4697
Cyclist -1 -1 -8.4453 833.8069 161.7063 850.9647 184.7246 1.8303 0.4020 1.7610 18.7327 0.9436 58.2749 -8.1359 -1.7436
Car -1 -1 -8.2050 527.2789 176.4474 580.9456 206.7925 1.6081 1.7199 4.1169 -3.2686 1.8230 40.9937 -8.2846 -1.8240
Car -1 -1 -2.3048 350.3391 176.9130 416.5472 205.2510 1.5661 1.6058 3.7068 -13.2286 1.8112 41.9777 -2.6087 -2.0303
Pedestrian -1 -1 -7.8138 550.0854 174.6340 562.9721 206.9506 1.7378 0.6718 0.6952 -2.9399 1.8351 39.1979 -7.8886 -2.0354
