Car -1 -1 -7.8353 629.9962 174.5460 698.9974 240.8859 1.5868 1.6622 3.6351 1.4259 1.6360 19.2397 -7.7633 2.4795
Car -1 -1 -4.2522 405.0118 180.9572 488.5119 219.5014 1.4435 1.6668 4.3139 -6.7844 1.8090 30.2798 -4.4712 2.4167
Car -1 -1 -4.0679 135.4052 184.9264 315.9882 260.7296 1.5507 1.6822 4.2123 -9.2285 1.8834 17.6848 -4.5431 2.1884
Car -1 -1 -7.5336 897.7441 173.1670 1206.9464 363.9192 1.4650 1.6019 3.8892 4.6349 1.4687 7.4232 -6.9938 1.5802
Car -1 -1 -4.4082 499.4200 170.5886 563.3464 217.7742 1.8399 1.5733 3.8538 -3.2550 1.7513 30.1783 -4.5153 1.4738
Car -1 -1 -3.8491 0.0000 204.2402 118.6819 374.0000 1.5042 1.6097 3.7221 -6.1756 1.8400 5.8134 -4.6418 0.8662
Car -1 -1 -7.2633 702.2161 173.0250 758.0636 197.8173 1.4607 1.5614 3.7729 7.3984 1.4714 44.4483 -7.0998 0.5105
Car -1 -1 -3.8835 0.0000 193.0685 134.2316 268.4420 1.4181 1.6083 3.9906 -13.4551 1.9472 16.7990 -4.5512 0.1420
Pedestrian -1 -1 -5.0869 982.3365 162.2507 1004.2047 205.6138 1.8497 0.7017 0.4833 16.4488 1.3971 31.0554 -4.6040 -0.5176
Car -1 -1 -4.0928 295.7871 181.3394 384.3735 219.0617 1.4502 1.5912 3.8421 -11.4379 1.8355 30.7290 -4.4467 -1.0515
Car -1 -1 -5.6063 0.0000 193.1922 114.1720 272.6275 1.4662 1.5837 3.6938 -12.4702 1.9002 14.5762 -6.3051 -1.2481
Car -1 -1 -2.4406 329.3643 179.9643 412.9841 212.7931 1.4700 1.5770 3.6119 -11.3986 1.8218 34.3230 -2.7593 -1.7897
Pedestrian -1 -1 -6.7987 1066.8627 165.9730 1086.7201 207.3666 1.7173 0.5689 0.4785 19.5098 1.4315 30.2310 -6.2304 -1.8332
Pedestrian -1 -1 -3.6388 965.8655 163.5713 1003.6526 253.4370 1.6738 0.5195 0.4389 7.0582 1.5006 13.7058 -3.1726 -1.8402
Car -1 -1 -6.5528 1096.2446 158.8058 1165.9751 182.0574 1.7491 1.6907 4.0623 40.1790 0.6920 55.7714 -5.9311 -2.0495
Car -1 -1 -5.3847 921.1337 175.5518 1178.3202 277.9325 1.4363 1.5791 3.9086 7.1104 1.4896 12.2849 -4.8710 -2.0653
Pedestrian -1 -1 -6.5822 973.1324 165.0594 1000.8549 208.4791 1.7277 0.7607 0.8009 15.1805 1.4173 29.1556 -6.1066 -2.0797
Cyclist -1 -1 -7.3627 326.8262 180.1205 354.8541 219.7858 1.5605 0.3921 1.5379 -11.0212 1.8649 29.4644 -7.7181 -2.1758
Pedestrian -1 -1 -6.7289 1020.9587 165.5202 1042.2933 208.4112 1.7614 0.6116 0.5530 17.4569 1.4599 29.9576 -6.2060 -2.1809
Pedestrian -1 -1 -7.4585 423.8693 172.9053 442.5141 211.2184 1.7768 0.6033 0.7632 -8.3409 1.7789 33.8866 -7.6985 -2.1969
