Car -1 -1 -7.8601 591.7711 178.4580 658.3663 241.7573 1.5586 1.6705 3.6802 0.3449 1.7275 19.9419 -7.8440 2.5663
Car -1 -1 -4.4342 469.9576 180.7486 531.7540 214.5705 1.4655 1.7684 4.4889 -5.1989 1.8704 34.6958 -4.5824 2.2983
Car -1 -1 -4.2951 262.4851 179.8043 403.6798 260.0337 1.6665 1.6481 4.0555 -6.5448 1.8540 17.4219 -4.6500 1.9788
Car -1 -1 -4.2029 110.7084 174.0858 265.9143 256.8681 1.8753 1.6583 3.9729 -10.5884 1.9098 18.3970 -4.7192 1.3821
Car -1 -1 -4.0059 0.0000 195.9195 134.9831 307.0346 1.4466 1.6356 4.2027 -10.4350 1.9098 12.3864 -4.6955 1.2685
Car -1 -1 -7.4339 786.5178 175.2908 956.8011 275.9628 1.4756 1.5167 3.3994 4.5309 1.5232 12.4147 -7.0925 0.7782
Car -1 -1 -7.2617 706.8524 176.8473 842.6920 241.3419 1.5003 1.6170 3.8338 4.3398 1.6153 18.9250 -7.0405 0.4401
Car -1 -1 -4.4978 444.3203 180.1976 489.6086 208.6549 1.4973 1.6731 4.2181 -8.1362 1.9378 41.1870 -4.6921 0.2888
Car -1 -1 -7.5966 656.1702 173.3873 686.1122 191.8112 1.5406 1.6357 3.9705 5.3139 1.5881 62.6020 -7.5127 -0.3243
Car -1 -1 -4.4935 578.1537 176.3097 607.7111 195.3351 1.4850 1.6230 3.8654 -1.3889 1.7777 59.1188 -4.5173 -0.6132
Car -1 -1 -4.3732 51.3090 184.2171 160.5500 239.1524 1.4376 1.5441 3.6267 -15.0192 1.8088 21.6402 -4.9744 -0.6981
Pedestrian -1 -1 -8.1754 852.0594 169.1685 867.4071 198.7497 1.8313 0.7201 0.6962 15.5431 1.6028 45.0187 -7.8453 -0.7665
Car -1 -1 -7.7981 545.7466 177.8560 565.9274 195.7959 1.5451 1.6072 3.8479 -4.8868 2.0099 65.1625 -7.8730 -1.0462
Car -1 -1 -4.3125 322.5049 180.9342 404.3470 224.5592 1.5723 1.6303 4.0732 -9.7994 1.9188 28.8721 -4.6374 -1.4243
Car -1 -1 -4.7257 872.0554 173.0103 890.7887 189.1564 1.4742 1.5898 3.8898 25.5389 1.4891 68.0188 -4.3683 -1.6301
Pedestrian -1 -1 -5.8526 442.6224 166.1040 450.8970 194.2461 2.0307 0.5123 0.4094 -11.8747 1.5434 52.3592 -6.0749 -1.6464
Cyclist -1 -1 -3.8228 276.3695 179.8910 320.6537 223.9468 1.7556 0.6395 1.6508 -12.9398 2.0556 29.9137 -4.2282 -1.8052
Car -1 -1 -4.5366 890.7002 169.7649 921.6870 189.2492 1.4857 1.5976 4.0406 23.4612 1.2498 57.1517 -4.1491 -1.8129
Pedestrian -1 -1 -6.0153 685.9301 171.1488 695.5396 196.7262 1.8162 0.7076 0.5160 5.7511 1.6948 51.6583 -5.9054 -1.9946
Pedestrian -1 -1 -5.1917 1164.1128 190.2185 1233.8016 315.3846 1.2751 0.3937 0.4779 6.2112 1.4665 7.6958 -4.5318 -2.0559
Car -1 -1 -6.7364 843.8686 166.8243 914.2498 193.2389 1.6343 1.6201 3.8510 16.9552 1.2610 45.6410 -6.3831 -2.1153
Pedestrian -1 -1 -7.8418 447.2502 178.8776 475.5174 252.2214 1.6578 0.6304 0.5950 -3.4910 1.8000 16.7189 -8.0453 -2.1800
