Car -1 -1 -7.8618 626.1810 175.1597 695.0522 241.4959 1.5883 1.6618 3.6168 1.2722 1.6555 19.2573 -7.7977 2.5095
Car -1 -1 -4.2627 404.4423 181.3769 488.7460 218.6981 1.4255 1.7241 4.5522 -6.9628 1.8208 31.0753 -4.4818 2.1895
Car -1 -1 -4.0954 151.9796 180.9484 321.6484 256.5290 1.6429 1.6771 4.2146 -9.3211 1.8734 18.3679 -4.5595 1.9095
Car -1 -1 -7.5146 876.9382 171.3445 1155.2185 343.1511 1.4986 1.6095 3.7563 4.6520 1.4851 8.1446 -7.0119 1.5955
Car -1 -1 -3.9404 0.0000 192.0802 215.0619 374.0000 1.5431 1.6720 4.1912 -6.2687 1.7994 7.4696 -4.6213 1.4549
Car -1 -1 -4.4189 506.6724 171.2076 566.4414 214.2106 1.7931 1.6118 3.8083 -3.2399 1.7241 32.1092 -4.5192 1.4046
Car -1 -1 -7.3035 691.4025 173.1764 745.3060 198.0763 1.4779 1.5969 3.7365 6.7303 1.4985 44.8206 -7.1558 1.0270
Pedestrian -1 -1 -4.8705 968.2283 164.1367 987.3869 206.8273 1.8739 0.6857 0.4936 16.2710 1.4910 32.0117 -4.4044 -0.1627
Car -1 -1 -3.9763 0.0000 191.0370 136.6010 263.8673 1.4435 1.5563 3.8910 -13.5621 1.9296 17.3005 -4.6338 -0.1803
Car -1 -1 -2.5855 253.4446 184.0249 356.1631 219.9441 1.4273 1.5569 3.7272 -12.8663 1.9140 30.3951 -2.9831 -0.6764
Pedestrian -1 -1 -3.7158 1054.6134 167.1321 1070.7284 206.9500 1.6979 0.4917 0.3792 19.4137 1.4536 31.0177 -3.1612 -1.4447
Car -1 -1 -8.0098 1080.8589 159.3422 1114.4723 181.2287 1.6995 1.6475 3.8818 39.2168 0.6500 58.1363 -7.4187 -1.4959
Cyclist -1 -1 -5.5121 991.2578 166.1671 1032.3359 208.5701 1.7743 0.5872 1.5750 17.2179 1.4942 31.0313 -5.0099 -1.5999
Cyclist -1 -1 -3.6333 1035.5000 163.9381 1085.5981 207.1804 1.8194 0.6228 1.7202 19.1271 1.4440 30.7210 -3.0810 -2.1170
Car -1 -1 -4.8513 291.4923 183.4549 340.6307 218.4110 1.5082 1.6294 4.1233 -14.2045 2.0492 34.6526 -5.2380 -2.1352
