Car -1 -1 -7.8359 685.9232 173.4490 757.5625 240.8970 1.5934 1.6896 3.6310 2.9097 1.6104 19.0104 -7.6872 2.5774
Car -1 -1 -3.9500 0.0000 187.5840 250.1820 303.8904 1.6256 1.6359 4.1009 -8.5441 1.9307 12.7981 -4.5294 2.3829
Car -1 -1 -4.3036 379.3504 172.6250 514.0158 263.0562 1.8307 1.5990 3.8813 -3.6609 1.8257 16.6655 -4.5174 1.7220
Car -1 -1 -7.0145 808.5071 167.5638 877.9600 194.8772 1.5008 1.5572 3.6669 13.2531 1.2099 41.1087 -6.7050 1.5097
Pedestrian -1 -1 -5.1125 1117.4264 163.1033 1147.4105 215.3408 1.7249 0.5761 0.7227 17.4948 1.4026 24.2402 -4.4935 0.4619
Pedestrian -1 -1 -7.0003 1216.7231 166.4210 1241.0000 215.3050 1.6041 0.5331 0.7297 20.6776 1.3927 23.9470 -6.2944 -0.6312
Car -1 -1 -2.4652 205.3636 186.0454 338.7852 231.9125 1.4630 1.6449 4.0615 -11.7438 1.9439 25.0371 -2.9000 -1.0135
Cyclist -1 -1 -6.3445 582.4475 171.7314 607.5657 199.9825 1.8296 0.6694 1.6014 -1.0174 1.7566 47.1296 -6.3664 -1.2591
Pedestrian -1 -1 -7.6544 1160.3517 167.4528 1182.3461 215.2100 1.5607 0.4624 0.6428 18.5980 1.3839 23.9656 -7.0007 -1.3206
Pedestrian -1 -1 -5.1607 1111.9507 175.3699 1134.3969 215.9725 1.3043 0.4314 0.4715 16.6468 1.3868 23.4791 -4.5502 -1.4850
Car -1 -1 -7.7652 789.2004 169.9643 810.1734 186.7671 1.5394 1.5944 3.7661 17.9161 1.2743 68.1449 -7.5094 -1.5774
