Car -1 -1 -1.5854 591.5017 176.3198 634.5346 219.2433 1.6192 1.6419 3.6533 0.0489 1.7694 29.3497 -1.5837 11.2332
Car -1 -1 2.2715 0.0000 192.2559 78.5698 314.6934 1.4870 1.6453 4.2680 -10.9243 1.8585 11.6246 1.5172 8.3715
Car -1 -1 1.8634 379.8980 179.0608 433.3196 211.1926 1.5908 1.6435 4.0699 -10.8321 1.9405 38.5610 1.5895 8.2814
Car -1 -1 -0.8446 660.9141 177.0421 742.1962 209.2171 1.4426 1.6095 4.0443 4.4170 1.6562 34.7898 -0.7183 7.4789
Car -1 -1 1.9339 338.4120 182.5972 402.8555 217.6105 1.4603 1.5671 3.7665 -10.9300 1.9332 33.0735 1.6147 6.9861
Car -1 -1 -0.8428 642.3697 178.0365 707.9711 204.6162 1.4363 1.6044 3.8686 3.7603 1.7495 41.6401 -0.7528 4.8513
Car -1 -1 -1.0765 660.6780 177.3356 721.1664 207.2875 1.4925 1.5911 3.8247 4.3379 1.7451 38.5816 -0.9645 1.7214
Car -1 -1 -1.1031 640.2123 173.7102 693.4388 201.3908 1.6535 1.6557 4.1344 3.5953 1.7104 45.4308 -1.0241 0.2827
Car -1 -1 2.1105 287.2050 161.6428 333.8384 183.6491 1.5360 1.4738 3.6119 -21.6632 0.7538 52.2543 1.7175 -0.4296
Car -1 -1 1.9360 336.1671 165.6981 379.9963 187.6059 1.4666 1.6043 3.8773 -17.5199 0.9879 50.2602 1.6006 -1.4639
Car -1 -1 -1.9649 854.5996 161.7724 924.6665 201.1910 2.3407 2.0149 5.9130 17.5870 1.6830 45.8259 -1.5985 -1.9052
