Car -1 -1 1.9522 241.9263 187.6195 341.9600 237.0464 1.4920 1.6820 4.4179 -11.0632 2.0568 25.3456 1.5407 11.4977
Car -1 -1 -1.5795 585.4531 176.5627 634.6110 225.0393 1.6231 1.6657 3.6421 -0.0638 1.7679 26.2656 -1.5819 10.5950
Car -1 -1 -0.8984 643.1537 176.5004 696.3798 198.8757 1.4371 1.5997 3.7621 4.0496 1.6942 48.8824 -0.8157 3.8052
Car -1 -1 1.7889 438.3729 179.0022 474.2236 202.6506 1.6183 1.6808 4.2349 -11.1811 2.0850 52.6019 1.5794 3.5845
Car -1 -1 0.3567 255.6552 171.2399 326.7861 197.0497 1.6266 1.6464 3.8536 -20.4896 1.5253 46.4072 -0.0591 1.2358
Car -1 -1 -1.0277 630.4861 180.5758 674.2096 201.0341 1.4805 1.5818 3.9171 3.2866 2.1005 55.8319 -0.9689 0.4391
Car -1 -1 2.2753 0.0000 184.6103 74.5548 248.7939 1.5808 1.6580 4.1759 -17.7260 1.9514 20.6277 1.5654 0.0110
Car -1 -1 -1.3024 1157.7738 176.6881 1241.0000 374.0000 1.5778 1.6569 4.2631 6.4109 1.6176 5.7201 -0.4601 -0.1417
Car -1 -1 2.2232 27.4653 182.2371 164.0387 236.8223 1.6828 1.6981 4.1288 -17.7118 2.0363 25.0558 1.6078 -0.2297
Car -1 -1 1.1733 864.8743 177.3896 934.9744 211.5783 1.4759 1.6081 3.9815 13.4004 1.7006 33.6834 1.5519 -1.5143
