Car -1 -1 2.1383 0.0000 179.1567 203.8322 269.5470 1.4702 1.5960 3.8117 -9.7086 1.6093 13.9400 1.5300 14.7563
Car -1 -1 -1.3264 909.5132 171.4050 1183.3020 362.4453 1.4667 1.5565 3.4892 4.4961 1.4560 7.3138 -0.7752 13.2312
Car -1 -1 -1.1349 791.1168 174.9292 1009.5324 290.5179 1.4573 1.6102 3.8807 4.5135 1.4950 11.0723 -0.7478 12.2745
Car -1 -1 -0.9874 730.0226 163.5349 916.9346 255.4217 1.6031 1.6379 4.0561 4.3318 1.4408 14.5154 -0.6974 12.0308
Car -1 -1 -1.5650 562.1188 174.4105 652.8911 261.4761 1.5706 1.6461 3.8091 -0.0985 1.6074 14.9864 -1.5715 10.7454
Car -1 -1 1.9078 154.6972 166.6405 279.2619 237.8491 1.6902 1.6715 4.0028 -10.3428 1.5431 19.2309 1.4144 10.6069
Car -1 -1 -0.9618 713.9972 175.5788 863.0658 242.5038 1.4919 1.5739 4.1145 4.5302 1.5683 18.1858 -0.7176 3.5917
Car -1 -1 -1.5803 1182.2222 191.0739 1241.0000 374.0000 1.4731 1.6185 4.0170 4.4379 1.6182 3.7972 -0.7172 2.1883
Car -1 -1 -1.9475 830.0710 153.5053 865.9578 171.8301 1.4700 1.5603 3.7480 19.7282 -0.0875 60.0109 -1.6299 -0.2376
Car -1 -1 1.7678 476.3028 176.8852 501.9991 193.5179 1.4786 1.6022 4.0349 -11.2340 1.8656 67.1701 1.6021 -0.3101
Car -1 -1 1.4726 719.2554 180.0110 745.6624 201.2396 1.4782 1.5495 3.9369 9.0362 2.0304 53.6162 1.6396 -0.5521
Car -1 -1 -2.0106 881.3356 152.7348 931.0325 174.5485 1.5067 1.6575 4.2420 21.2458 0.1174 51.9969 -1.6227 -0.6350
Car -1 -1 2.0222 233.6495 163.8257 284.8821 187.6889 1.6315 1.6693 4.0778 -24.9273 1.0146 51.3686 1.5704 -0.7318
Car -1 -1 -1.9283 870.0357 157.1787 916.0740 181.2175 1.5185 1.5987 3.7582 18.5312 0.5287 47.4677 -1.5561 -1.6583
Car -1 -1 -1.7390 598.9342 174.8459 623.5124 191.5449 1.5311 1.6518 4.2675 0.0656 1.7279 68.9286 -1.7380 -1.6838
Car -1 -1 -1.7066 703.7017 177.7936 744.2329 207.4088 1.4745 1.6172 3.8748 5.9943 1.7520 38.5248 -1.5523 -1.8526
Car -1 -1 -0.4942 862.9657 147.0008 951.3222 179.9393 1.7274 1.6960 4.0892 15.9442 0.3719 38.8949 -0.1052 -2.1707
Car -1 -1 1.8525 390.7325 183.9368 425.4347 204.2921 1.4843 1.6050 3.9059 -15.8479 2.3858 56.7060 1.5800 -2.1881
