Car -1 -1 2.0300 187.1395 174.3186 320.6217 236.2692 1.7113 1.7641 4.7899 -10.9037 1.7621 22.4435 1.5778 13.9875
Car -1 -1 -1.5928 589.9789 172.8408 655.8903 233.8956 1.5049 1.6257 3.7562 0.2531 1.5050 19.6680 -1.5800 12.2534
Car -1 -1 1.9447 297.2735 175.8551 376.6549 221.1023 1.6613 1.6436 3.8879 -10.7988 1.7892 28.7037 1.5849 11.3229
Car -1 -1 -1.0652 717.2085 139.6436 896.1728 242.7666 2.0218 1.8339 4.8132 4.5830 1.3711 16.5032 -0.7944 11.0343
Car -1 -1 -1.2290 857.9940 160.3691 1096.7850 308.6838 1.5717 1.6309 3.7534 4.9096 1.4398 9.5219 -0.7530 11.0151
Car -1 -1 -0.9567 682.5944 168.2069 800.7581 221.2632 1.5882 1.6879 4.2237 4.3477 1.4495 23.6770 -0.7751 9.1368
Car -1 -1 -1.4732 992.7104 174.9976 1241.0000 374.0000 1.5237 1.6282 3.8523 4.4121 1.5466 5.6381 -0.8092 8.9376
Car -1 -1 1.8238 397.5195 153.2255 484.4467 219.0055 2.5729 2.1075 6.5222 -7.2272 1.8055 31.5078 1.5984 4.4751
Car -1 -1 -0.8869 660.9706 169.3786 725.7012 196.4153 1.4670 1.5864 3.8467 4.7422 1.2788 41.0566 -0.7719 2.2082
Car -1 -1 -0.9132 652.7845 172.0861 703.3084 193.2371 1.4707 1.5930 3.8847 4.9191 1.4176 52.1293 -0.8191 1.5706
Car -1 -1 1.7650 497.7582 172.9160 522.0170 189.0242 1.4838 1.5476 3.9595 -9.4896 1.4902 68.4960 1.6274 0.8287
Car -1 -1 -1.0707 347.9263 151.4565 407.5637 179.3042 1.4764 1.5794 3.7101 -12.9142 0.3423 40.2224 -1.3814 -0.4494
