Car -1 -1 -1.2737 825.0195 173.8860 1083.9700 333.8428 1.4778 1.6348 4.2673 4.3296 1.4938 8.8054 -0.8167 12.3565
Car -1 -1 -1.5929 594.7474 176.1366 638.0014 217.2546 1.5492 1.6493 3.8184 0.1691 1.6921 29.4112 -1.5871 11.9874
Car -1 -1 -1.1182 750.6915 170.2155 949.7663 280.9801 1.5901 1.6420 3.9900 4.1775 1.5526 12.3521 -0.7920 11.2601
Car -1 -1 -1.4462 1031.8920 175.6320 1241.0000 374.0000 1.5165 1.6202 4.0245 4.7754 1.5456 5.5222 -0.7332 10.0561
Car -1 -1 -0.9328 703.2458 170.2402 842.9966 237.1998 1.6241 1.6508 3.9278 4.4027 1.5611 19.4041 -0.7097 9.7061
Car -1 -1 1.7232 490.4930 179.8867 523.9294 204.1351 1.4481 1.5698 3.6967 -6.5458 1.9152 46.0226 1.5820 8.4277
Car -1 -1 -1.0164 726.0265 177.4053 885.8025 253.8371 1.4541 1.5768 3.8809 4.3366 1.5665 15.8497 -0.7493 7.5152
Car -1 -1 -0.8830 687.3904 173.6894 794.0512 218.6892 1.5392 1.6238 4.1442 4.8493 1.5728 26.7100 -0.7034 7.4561
Car -1 -1 -0.7927 659.6141 173.7269 740.2028 204.8543 1.5253 1.6559 4.2305 4.6636 1.5733 37.4241 -0.6687 6.9720
Car -1 -1 1.7509 473.9916 174.6833 502.1023 193.4301 1.6101 1.7113 4.4732 -10.9052 1.7801 64.6540 1.5838 5.1836
Car -1 -1 -0.8143 645.5332 176.3299 709.4468 201.6432 1.4636 1.6056 3.9745 4.1291 1.6859 44.1576 -0.7211 4.7803
Car -1 -1 -0.9435 638.9569 168.9592 689.5127 190.8726 1.7140 1.7336 4.6034 4.4341 1.4097 58.7503 -0.8681 2.5421
Car -1 -1 -0.7517 636.7883 183.0826 688.5490 204.2796 1.5073 1.5706 3.9121 4.0049 2.3123 54.9194 -0.6789 -1.7930
