Car -1 -1 1.8078 385.5524 183.1453 457.2032 231.2392 1.5115 1.5906 3.7934 -6.5906 1.9015 25.4014 1.5540 13.0580
Car -1 -1 -1.5660 592.6465 174.9832 637.3514 218.6946 1.6095 1.6579 3.7129 0.1609 1.6998 28.6122 -1.5604 12.5458
Car -1 -1 -1.3431 914.6336 179.0121 1241.0000 374.0000 1.4885 1.6127 3.9529 4.3122 1.5597 6.3662 -0.7477 12.1307
Car -1 -1 -1.1486 797.6248 162.7424 1049.3439 309.2858 1.6000 1.6403 3.9701 4.3357 1.4900 9.8124 -0.7325 12.0793
Car -1 -1 -0.9848 725.9481 171.6127 881.4810 244.2822 1.5304 1.6324 3.9816 4.6233 1.5047 17.1204 -0.7210 11.1882
Car -1 -1 -0.8837 674.5011 173.0332 779.1408 216.5641 1.5590 1.6749 4.2538 4.5296 1.5668 27.8898 -0.7227 10.0594
Car -1 -1 -0.9252 654.8073 176.9216 730.6696 209.0778 1.4278 1.5989 3.8647 3.9600 1.6335 34.4795 -0.8108 6.7760
Car -1 -1 1.8131 445.0815 175.2199 482.7820 197.3732 1.6028 1.7403 4.7235 -11.1225 1.7917 55.1099 1.6139 6.4309
Car -1 -1 -0.8861 637.3550 165.2459 702.1546 195.4073 1.9548 1.8161 4.7238 4.0839 1.4621 49.0918 -0.8031 5.4552
Car -1 -1 1.7359 502.9122 176.2183 530.6305 195.4409 1.4747 1.6030 3.8283 -7.4794 1.7545 57.9743 1.6076 4.5663
Car -1 -1 -0.9777 771.3007 175.1559 952.2921 270.2441 1.5407 1.5405 3.3952 4.6759 1.5891 13.4009 -0.6420 4.1349
Car -1 -1 1.8002 420.6751 175.5272 450.6812 193.3537 1.4914 1.6431 4.1846 -15.2209 1.7333 63.0906 1.5635 3.9430
Car -1 -1 -0.6014 1081.0269 163.5885 1181.7849 193.7627 1.6566 1.7024 4.3941 29.1789 1.1483 40.5116 0.0228 2.0342
Car -1 -1 -3.7492 1158.3805 149.6343 1241.0000 175.3804 1.5166 1.6479 4.0676 35.7284 0.1492 43.4856 -3.0614 0.6539
