Car -1 -1 1.9292 255.1598 188.7516 384.0471 263.0978 1.4292 1.5501 3.5950 -6.5113 1.8321 16.4540 1.5524 14.5564
Car -1 -1 -1.3391 946.5479 150.7432 1241.0000 374.0000 1.6473 1.6747 3.8534 4.3340 1.5318 5.6440 -0.6842 12.4155
Car -1 -1 -1.5500 589.4815 174.5745 635.0305 218.0212 1.5726 1.6598 3.7744 0.0825 1.6447 28.1715 -1.5471 11.6373
Car -1 -1 -1.0449 766.1160 172.7596 961.4761 269.1516 1.4854 1.5873 3.8541 4.5977 1.4843 12.9688 -0.7042 11.1263
Car -1 -1 -0.9008 686.1613 171.9396 800.8649 221.3091 1.4921 1.6127 3.9321 4.3959 1.4648 23.7048 -0.7174 11.0070
Car -1 -1 -1.1427 848.0567 174.3417 1076.2861 311.3946 1.4782 1.5141 3.1057 4.5908 1.5011 9.3841 -0.6877 10.1245
Car -1 -1 -0.9513 661.7874 176.1182 749.2111 212.4487 1.4163 1.6193 4.0439 4.0548 1.5639 30.5208 -0.8193 7.2095
Car -1 -1 1.7869 429.8493 173.4931 470.0758 198.8423 1.7041 1.7781 4.8607 -11.2859 1.7518 51.0567 1.5693 7.0644
Car -1 -1 -0.8882 640.0222 165.0819 709.4979 197.8045 1.9369 1.7888 4.6407 4.0560 1.4772 44.9924 -0.7983 6.6004
Car -1 -1 1.8202 478.5108 178.7525 516.2035 202.1614 1.4676 1.6051 3.7769 -7.5047 1.8778 48.1759 1.6657 4.7597
Car -1 -1 1.7837 405.9666 174.9087 436.5006 195.1881 1.5863 1.6206 3.9093 -15.3728 1.7598 58.8273 1.5281 4.0451
Car -1 -1 -0.6267 1133.8187 157.7877 1241.0000 187.3181 1.4494 1.6415 4.2922 29.1186 0.7103 36.3359 0.0489 3.5462
