Car -1 -1 -0.9848 717.7510 175.9386 841.1553 237.8895 1.4947 1.5585 3.4752 4.5473 1.5853 19.3384 -0.7538 13.2429
Car -1 -1 1.9992 223.4694 182.4062 337.3961 239.0569 1.6109 1.6929 4.3696 -10.5815 1.9506 23.4413 1.5752 13.1085
Car -1 -1 2.1476 93.7639 188.8760 249.3196 259.7593 1.4921 1.5673 3.5991 -10.6997 1.9292 17.8383 1.6073 11.0726
Car -1 -1 -1.5816 593.7669 177.2727 635.4246 220.4797 1.6856 1.6471 3.6210 0.1275 1.8829 30.3339 -1.5774 10.8686
Car -1 -1 -0.9008 664.0320 176.0610 761.2150 218.3042 1.6009 1.6887 4.2536 4.2450 1.7427 29.7338 -0.7590 8.5215
Car -1 -1 -1.0003 677.0907 180.0478 777.2100 225.1889 1.4767 1.6381 4.1278 4.3029 1.7605 26.3470 -0.8385 7.2590
Car -1 -1 -0.9144 701.3310 176.3135 817.1600 230.3037 1.5530 1.5788 3.8344 4.7306 1.6717 22.8370 -0.7102 5.9303
Car -1 -1 -0.8175 657.8645 174.0220 739.9821 210.0684 1.7323 1.6409 4.3314 4.5437 1.7955 36.8200 -0.6947 1.3339
Car -1 -1 0.5458 100.3151 160.7746 200.5267 192.7153 1.5615 1.6248 3.9661 -22.9901 0.9713 36.1253 -0.0209 0.8581
Car -1 -1 -0.9242 636.1137 178.2949 682.0991 197.3563 1.5473 1.6301 4.3865 4.2342 2.0318 62.0090 -0.8560 0.7735
Car -1 -1 -1.0783 663.4576 180.2073 733.4597 214.5769 1.4633 1.5666 3.9356 4.1434 1.8277 33.6571 -0.9558 -0.3265
Car -1 -1 1.3241 789.6939 179.7264 828.8244 203.1217 1.4873 1.6274 4.0121 13.4693 1.9744 49.0779 1.5920 -1.5820
Car -1 -1 1.2500 880.8692 147.1625 923.0970 169.2984 1.4947 1.5571 4.1545 20.7601 -0.2640 51.5225 1.6330 -1.7003
