Car -1 -1 -1.2631 828.0051 174.3361 1102.2116 342.8293 1.4436 1.5968 4.1365 4.1807 1.4651 8.2498 -0.7940 13.3000
Car -1 -1 1.9568 290.4946 174.8665 379.5023 221.7654 1.7087 1.7361 4.5140 -10.8661 1.7956 28.7581 1.5955 12.3190
Car -1 -1 -1.1433 778.8073 176.5815 968.0509 278.1681 1.4171 1.5734 3.6977 4.4535 1.4895 12.0665 -0.7897 11.8423
Car -1 -1 -1.5845 592.3394 169.8027 649.5876 226.4777 1.6297 1.6464 3.6445 0.2646 1.5423 22.5691 -1.5728 10.5516
Car -1 -1 -1.0313 683.7724 152.3446 816.7168 222.1769 1.9838 1.8397 4.9988 4.5328 1.4015 22.9666 -0.8365 10.3491
Car -1 -1 -1.0301 752.2037 162.5530 910.9233 245.2159 1.6165 1.5993 3.8652 4.9381 1.4155 15.9928 -0.7307 9.0371
Car -1 -1 1.8911 357.2590 176.0909 418.4358 211.2346 1.5944 1.6335 4.1299 -10.7898 1.7620 35.1989 1.5936 8.6247
Car -1 -1 -0.8935 666.3564 169.2817 764.8820 211.0725 1.6197 1.6744 4.4011 4.4210 1.4816 30.0715 -0.7475 6.8648
Car -1 -1 1.8281 405.6514 177.9111 452.2246 205.0649 1.4830 1.6669 4.0479 -10.5584 1.7934 42.1958 1.5829 3.5303
Car -1 -1 -0.7724 651.9684 169.9735 709.5516 194.6667 1.5724 1.6039 3.7323 4.6723 1.3893 47.7341 -0.6748 0.7638
Car -1 -1 1.7343 481.5515 156.7409 527.5547 199.3599 2.7030 2.0959 6.2175 -7.0766 1.6814 48.8880 1.5906 0.0184
