Car -1 -1 -1.0701 708.1694 169.0514 857.1875 242.3859 1.5958 1.6949 4.3697 4.3396 1.5134 17.8840 -0.8321 11.8970
Car -1 -1 -1.5622 584.6665 176.0025 663.1240 253.4836 1.6013 1.6401 3.7138 0.2860 1.6838 16.9394 -1.5454 11.3282
Car -1 -1 -1.2032 784.0576 128.6673 1041.1988 305.0137 1.9868 1.8030 4.7729 4.5264 1.4893 10.4612 -0.7949 11.1839
Car -1 -1 1.8044 430.5804 180.1480 471.5453 204.9421 1.4642 1.6391 4.1071 -10.0835 1.9495 45.8923 1.5881 7.6349
Car -1 -1 1.9213 311.1404 185.7181 386.2231 225.5871 1.4533 1.6167 4.0014 -10.6577 2.0171 29.5961 1.5757 6.6720
Car -1 -1 2.4879 1103.2960 185.7786 1241.0000 227.9406 1.4459 1.5901 4.0554 20.3475 1.9276 26.0540 3.1509 6.0158
Car -1 -1 2.1760 0.0000 113.3794 311.1847 344.9862 2.6091 2.1149 6.3592 -7.2264 1.9395 11.3431 1.6088 6.0078
Car -1 -1 -0.9833 673.1083 172.1913 746.0983 207.0992 1.6131 1.6524 3.9113 4.8885 1.5828 35.3516 -0.8458 4.4959
Car -1 -1 -0.8131 656.6097 174.1047 716.2783 199.9521 1.5871 1.6358 3.8183 4.9044 1.6710 46.3451 -0.7077 3.9758
Car -1 -1 -0.9642 648.1980 174.5616 698.7975 197.1362 1.5803 1.6543 4.1039 4.6677 1.7109 52.9324 -0.8762 3.3028
Car -1 -1 -1.5376 608.3122 165.3686 627.6209 182.2990 1.4692 1.6025 3.8739 0.7181 0.8200 64.5803 -1.5265 1.6432
Car -1 -1 1.2213 664.8279 156.2218 699.3564 175.0945 1.5186 1.6204 3.9027 5.9465 0.1806 60.1491 1.3198 -0.0134
Car -1 -1 2.0441 401.6832 180.4649 446.0667 201.2876 1.4790 1.6081 4.0440 -14.1505 2.0818 54.9657 1.7922 -0.4396
Car -1 -1 -1.3096 555.9562 173.5000 591.7357 195.3527 1.5179 1.6032 4.0558 -2.6083 1.5671 52.3932 -1.3594 -1.3155
Car -1 -1 -1.7903 670.8176 158.5911 695.7850 175.0482 1.5435 1.5994 3.8245 7.0288 0.2061 69.6623 -1.6897 -1.9080
Car -1 -1 -1.1107 798.2972 158.9251 832.8880 175.2123 1.5426 1.5948 4.0921 20.0627 0.2237 70.3854 -0.8330 -1.9819
