Car -1 -1 2.1519 33.7978 191.2721 232.2661 271.9439 1.4487 1.6225 4.1760 -10.3450 1.9111 16.0042 1.5781 12.6802
Car -1 -1 -1.0103 720.2211 173.1163 840.7091 228.3005 1.4897 1.6350 3.9547 5.0919 1.4986 21.4639 -0.7774 11.4882
Car -1 -1 -1.5913 566.1770 165.2262 769.6904 373.9870 1.7196 1.6822 3.8638 0.5016 1.6571 7.9068 -1.5279 9.7755
Car -1 -1 1.7855 482.3395 178.0220 524.5847 207.6651 1.5537 1.5829 3.7284 -5.9475 1.8571 40.3969 1.6393 8.7546
Car -1 -1 1.9117 353.9747 180.6073 425.0884 218.6314 1.5369 1.6750 4.3697 -9.8009 1.9081 32.2874 1.6170 8.4726
Car -1 -1 1.8483 401.6611 177.3325 453.5418 210.8981 1.6801 1.6599 4.0161 -9.7459 1.9333 38.6889 1.6016 7.0104
Car -1 -1 -0.8781 687.1704 175.8313 767.2286 211.7074 1.5073 1.5805 3.6553 5.2579 1.6488 32.4070 -0.7173 6.4340
Car -1 -1 2.2154 230.7466 180.1414 314.4458 218.5551 1.5068 1.5167 3.3661 -14.3525 1.8363 30.7871 1.7791 5.8425
Car -1 -1 -0.8743 668.5944 176.2574 736.9086 204.9087 1.4547 1.6182 3.7682 5.0036 1.6476 38.9498 -0.7465 5.4187
Car -1 -1 -1.5714 1153.8939 131.7536 1241.0000 374.0000 1.5668 1.6831 4.2365 4.4819 1.4583 3.9409 -0.7219 4.5251
Car -1 -1 -1.5587 598.7873 179.1546 653.9228 231.6616 1.4860 1.5960 3.6501 0.4866 1.7009 22.7122 -1.5373 2.0359
Car -1 -1 1.9609 454.6815 179.2405 498.8893 202.4697 1.4629 1.5832 3.8539 -8.9533 1.9117 48.6140 1.7788 1.0192
Car -1 -1 -1.4918 515.6981 177.9821 538.3003 196.6338 1.5100 1.6066 4.0060 -7.0720 1.9623 61.5577 -1.6062 -0.2378
Car -1 -1 -1.9513 860.2038 171.5763 908.1044 196.8973 1.7376 1.7254 4.3004 19.5370 1.6503 51.6768 -1.5899 -1.0406
