Car -1 -1 -1.5928 597.3903 178.1389 695.4973 276.6422 1.6423 1.6642 3.7547 0.6040 1.7600 14.1242 -1.5501 11.5381
Car -1 -1 2.1238 51.4096 196.0604 281.7525 313.1897 1.5403 1.5765 3.6208 -7.1611 1.9864 12.0313 1.5869 11.3598
Car -1 -1 -1.0097 724.5571 176.8365 853.3404 239.8229 1.5631 1.6237 3.9604 5.0104 1.6853 20.1083 -0.7655 10.6138
Car -1 -1 -0.9052 688.7769 181.2512 767.7932 218.7943 1.4800 1.5379 3.4608 5.0674 1.8609 30.9560 -0.7429 8.1127
Car -1 -1 2.1812 0.0000 199.4037 191.4782 289.1883 1.4375 1.5797 3.8177 -10.4033 2.0456 14.5983 1.5621 7.6942
Car -1 -1 1.8471 391.8780 184.0511 444.8789 217.8769 1.5908 1.6215 3.9750 -9.8596 2.2004 37.2562 1.5884 7.4747
Car -1 -1 1.7814 491.0148 184.1410 532.8979 212.3705 1.4905 1.6070 3.9804 -5.6554 2.1764 41.7756 1.6468 7.0861
Car -1 -1 1.9336 338.8126 185.7455 418.3979 226.6584 1.5441 1.7154 4.6683 -9.8909 2.1427 31.1044 1.6258 7.0312
Car -1 -1 -0.9658 670.6755 180.1042 736.7543 211.2151 1.5021 1.5922 3.7088 4.8901 1.8998 37.6338 -0.8366 5.8114
Car -1 -1 1.8489 454.7500 183.3732 496.2285 208.3155 1.5123 1.6342 4.0844 -8.8553 2.2379 47.6350 1.6651 4.7353
Car -1 -1 2.1156 215.3900 183.2187 299.3667 221.8695 1.4423 1.5394 3.4428 -14.4442 1.8944 29.6635 1.6625 3.4652
Car -1 -1 1.6827 529.8491 187.7066 553.6704 206.8432 1.4720 1.5709 3.8139 -5.7042 2.7552 60.3983 1.5886 -0.9313
Car -1 -1 1.7000 558.6097 183.3053 583.8135 203.0473 1.4867 1.5529 3.8816 -3.1330 2.3624 58.4374 1.6465 -1.1812
Car -1 -1 -1.4922 565.1671 201.7888 598.8976 232.6367 1.4598 1.5649 3.5866 -1.5214 3.1128 39.3856 -1.5308 -1.8927
