Car -1 -1 1.9154 313.8488 190.0296 423.6049 254.1853 1.5485 1.6526 4.1749 -6.7966 2.0907 20.6510 1.5975 13.5491
Car -1 -1 -1.0779 756.7526 177.4427 920.9878 263.3771 1.5643 1.6307 3.9729 4.8966 1.6745 15.3086 -0.7684 12.2249
Car -1 -1 -1.6105 602.4790 182.1109 673.1004 253.8193 1.6160 1.6375 3.5284 0.5801 1.8762 18.4853 -1.5791 11.9234
Car -1 -1 -0.9517 699.7006 182.1452 788.0031 226.6385 1.4664 1.5066 3.3167 4.8507 1.8258 26.1800 -0.7685 9.8851
Car -1 -1 1.9132 425.6604 186.6607 475.8943 214.9916 1.5154 1.6283 4.1006 -9.4139 2.3758 42.8094 1.6967 7.7259
Car -1 -1 1.7612 488.4553 188.1459 531.2128 218.4263 1.4524 1.5862 3.6799 -5.3121 2.3061 38.3834 1.6236 7.6873
Car -1 -1 -0.9098 670.9675 182.9992 749.5728 220.7200 1.5660 1.6377 3.6650 4.5592 2.0541 32.8207 -0.7718 7.6269
Car -1 -1 1.9445 274.7493 192.6799 371.2225 241.3504 1.4815 1.6903 4.5384 -10.2676 2.2609 26.0805 1.5694 7.0233
Car -1 -1 2.1689 119.6830 190.4660 228.8487 238.9294 1.4482 1.5382 3.3853 -14.7489 2.0902 24.5520 1.6280 5.1937
Car -1 -1 1.8121 545.0002 183.8066 578.2172 204.9943 1.4862 1.6245 3.9488 -3.6638 2.3509 54.8519 1.7454 1.7580
Car -1 -1 -1.0469 861.5186 164.0794 911.5549 186.6724 1.5278 1.6059 3.7726 19.3847 0.9348 50.6003 -0.6811 0.5823
Car -1 -1 1.8082 395.4142 187.5831 437.9455 214.2619 1.4822 1.6292 4.0031 -11.8524 2.4288 44.3344 1.5469 -0.1511
