Car -1 -1 -1.6002 595.2302 180.2542 702.4709 285.3529 1.5694 1.6420 3.7946 0.5687 1.7222 12.9496 -1.5563 12.1907
Car -1 -1 2.1746 1.1050 196.2781 211.8979 283.6024 1.4616 1.6086 4.0315 -10.3500 2.0204 15.1778 1.5761 12.1882
Car -1 -1 -1.0000 722.6427 174.7973 847.2809 234.4374 1.5357 1.6060 3.9075 5.0222 1.5968 20.6306 -0.7612 11.6177
Car -1 -1 2.0105 232.0819 191.4553 367.8566 269.9925 1.5280 1.5605 3.3909 -7.0170 2.0002 16.5766 1.6100 11.1747
Car -1 -1 1.7447 506.1118 182.3398 543.3885 208.1204 1.4997 1.6502 4.1474 -5.3731 2.1280 45.6457 1.6275 9.0350
Car -1 -1 -0.9087 691.9457 179.1072 767.0610 216.5808 1.5196 1.5327 3.2984 5.2057 1.8076 31.4992 -0.7449 8.1629
Car -1 -1 2.1304 218.5641 181.6278 304.4628 222.2903 1.5430 1.5802 3.5375 -14.4423 1.9309 30.0197 1.6819 7.6671
Car -1 -1 1.9061 347.8262 185.4895 417.8225 224.9087 1.5282 1.6195 4.1848 -9.8417 2.1164 31.4447 1.6028 7.3363
Car -1 -1 1.8310 394.9227 179.8656 447.0206 215.9624 1.7498 1.6715 3.9648 -9.8509 2.1361 37.7313 1.5756 6.8313
Car -1 -1 1.9672 450.5236 183.7759 497.5163 207.7418 1.4569 1.6250 4.0745 -9.0163 2.2165 47.9923 1.7815 5.5703
Car -1 -1 -0.9564 669.5062 178.8312 738.1200 208.8277 1.4712 1.6298 3.9376 4.9710 1.8045 38.1835 -0.8269 4.7159
Car -1 -1 1.7926 566.5297 179.9276 595.6050 198.4100 1.4909 1.6086 4.2472 -2.4748 2.1225 62.1461 1.7528 1.5199
Car -1 -1 1.7796 426.8502 183.4995 462.5191 206.8439 1.4723 1.5954 3.9352 -11.2747 2.2292 49.2910 1.5547 -1.5615
