Car -1 -1 -1.5822 601.3957 183.7250 688.1600 269.9243 1.5512 1.6189 3.6526 0.6535 1.8100 15.2996 -1.5395 12.9632
Car -1 -1 -1.0268 732.7326 175.7555 859.7986 241.4541 1.5815 1.6007 3.7487 5.0295 1.6675 19.4146 -0.7733 10.8993
Car -1 -1 1.9299 329.4271 188.9678 410.4330 229.6236 1.4717 1.6936 4.6724 -10.0150 2.2030 30.3614 1.6112 9.8005
Car -1 -1 1.7753 470.7715 185.9506 518.3789 218.0393 1.5025 1.6583 4.0412 -5.9739 2.2213 37.5186 1.6174 9.2019
Car -1 -1 -0.8790 669.8692 182.6786 742.6194 214.2202 1.4808 1.6326 3.8199 4.9269 2.0102 36.9499 -0.7464 9.1566
Car -1 -1 2.2099 0.0000 202.2499 173.8352 299.1390 1.4691 1.6031 3.7564 -10.4233 2.1148 13.9585 1.5685 9.0477
Car -1 -1 -0.9308 690.1257 180.3239 770.8852 220.1860 1.5389 1.5765 3.4848 5.0542 1.8712 30.2930 -0.7655 8.3764
Car -1 -1 2.3654 0.0000 201.9938 104.4062 374.0000 1.5555 1.5790 3.8106 -7.2732 1.9261 7.2525 1.5786 7.9572
Car -1 -1 2.1516 202.8759 186.3734 289.9091 226.5446 1.4410 1.5183 3.3393 -14.4623 2.0137 28.8002 1.6862 6.9079
Car -1 -1 1.8671 384.3096 181.8696 442.3790 219.8928 1.7646 1.6874 4.2058 -9.9356 2.2491 36.6203 1.6022 5.7411
Car -1 -1 1.8045 544.0045 183.6510 576.0550 204.8616 1.4802 1.5635 3.8578 -3.7584 2.3258 54.4506 1.7356 2.1194
Car -1 -1 1.7616 511.0075 184.4189 539.1136 204.2720 1.5155 1.5860 3.9224 -6.9837 2.5008 59.4361 1.6446 1.7558
Car -1 -1 1.7959 451.8413 185.8649 489.3885 210.6309 1.4692 1.5792 3.8138 -9.0173 2.3478 46.7668 1.6054 0.9540
Car -1 -1 1.5745 623.6954 174.6712 648.1695 197.7406 1.4730 1.5729 3.7644 1.7092 1.5998 48.2817 1.6098 0.5383
Car -1 -1 1.6404 586.9834 181.9123 605.3119 198.0628 1.4875 1.5296 3.8861 -1.3490 2.3997 70.6510 1.6213 -1.0204
Car -1 -1 1.7562 424.3852 185.0609 459.8919 209.2638 1.4821 1.6151 3.9250 -11.1929 2.3315 48.1893 1.5280 -1.3967
