Car -1 -1 2.1573 24.5817 192.2802 229.1220 274.7599 1.4537 1.6395 4.2242 -10.3536 1.9374 15.8303 1.5781 11.5968
Car -1 -1 1.8719 390.5378 185.4304 462.1325 230.2620 1.4599 1.5482 3.5408 -6.6580 1.9506 26.3182 1.6241 11.2535
Car -1 -1 -1.6116 585.5160 178.0137 722.9049 313.8586 1.5678 1.6130 3.7396 0.4733 1.6555 10.3405 -1.5659 11.2001
Car -1 -1 -0.9871 720.4417 171.8480 845.3607 229.9882 1.5590 1.6411 4.0266 5.1294 1.5324 21.3186 -0.7510 11.0315
Car -1 -1 2.1205 233.1497 182.0126 310.7570 219.3931 1.4586 1.4954 3.2837 -14.3462 1.8706 30.7082 1.6835 6.9596
Car -1 -1 -0.9744 690.2226 175.7951 759.6525 212.0334 1.5138 1.5046 3.2170 5.1050 1.6519 32.0991 -0.8166 6.8060
Car -1 -1 1.9296 456.8532 180.5474 502.2992 204.1289 1.4788 1.6559 4.2204 -8.8127 2.0245 48.9213 1.7514 5.8940
Car -1 -1 1.8912 350.3583 182.5407 419.4915 221.3678 1.5514 1.6666 4.2772 -9.9394 2.0111 32.0575 1.5905 5.7862
Car -1 -1 -1.5971 600.8273 178.7031 644.0783 220.8929 1.5574 1.6281 3.8013 0.4030 1.8089 29.0719 -1.5832 4.2743
Car -1 -1 1.7150 532.7757 179.4404 561.8129 200.4460 1.4791 1.6076 4.0535 -4.6950 1.9929 54.1713 1.6285 3.3235
Car -1 -1 -0.8323 668.3036 175.6400 737.8984 204.4533 1.4586 1.5881 3.7562 4.9866 1.6154 38.6959 -0.7041 3.3092
Car -1 -1 1.8982 335.9411 180.5663 386.3062 208.2928 1.4658 1.5831 3.7695 -14.1394 1.9254 41.0803 1.5667 3.2836
Car -1 -1 1.7742 518.4095 180.7671 546.1747 199.3065 1.4758 1.5762 3.9639 -6.5806 2.1701 61.2303 1.6671 1.7170
Car -1 -1 1.5825 573.3239 189.5717 603.9127 219.2966 1.4909 1.6304 3.9991 -1.2125 2.4757 40.4679 1.5526 0.4252
Car -1 -1 -1.5714 616.2304 177.1850 645.8444 205.6322 1.5174 1.6034 3.7408 1.1546 1.7749 40.9515 -1.5432 -0.2296
Car -1 -1 1.6598 587.1475 178.1733 606.8378 194.2801 1.4861 1.5669 3.9250 -1.2516 2.0167 69.9126 1.6419 -0.4106
Car -1 -1 1.5279 637.6238 177.9772 656.0250 194.3222 1.4798 1.5729 3.9595 3.4556 1.9811 68.5541 1.5783 -1.0396
Car -1 -1 1.4455 842.2930 187.7286 876.9793 213.4235 1.4870 1.6038 4.0690 15.9730 2.4885 46.4059 1.7770 -2.1598
