Car -1 -1 -1.5868 600.6081 180.1714 677.8208 258.6362 1.6709 1.6824 3.7165 0.6218 1.8686 17.5861 -1.5514 12.2002
Car -1 -1 -1.0458 742.5808 176.7621 891.8537 252.1784 1.5675 1.6250 3.9990 4.9645 1.6715 17.1684 -0.7643 11.6946
Car -1 -1 1.8508 395.1990 188.2659 472.4429 236.1201 1.5603 1.6787 4.3615 -6.5621 2.1882 27.1646 1.6138 11.3262
Car -1 -1 1.9549 303.1413 189.4199 393.4780 235.4239 1.5368 1.7150 4.5521 -10.0844 2.2347 28.0711 1.6100 11.1333
Car -1 -1 2.3380 0.0000 203.8691 105.2969 329.6941 1.4681 1.6077 4.2451 -10.5187 2.0603 11.6210 1.6023 9.1148
Car -1 -1 -0.9125 694.4192 182.8756 780.6064 224.3207 1.4567 1.5124 3.4090 4.9213 1.8681 27.8887 -0.7378 8.9196
Car -1 -1 -0.8952 669.5449 182.6477 744.7224 216.9503 1.5051 1.6195 3.6906 4.6524 2.0001 34.5781 -0.7614 6.7301
Car -1 -1 1.7426 514.4550 184.9587 550.7645 212.0403 1.5329 1.5984 3.8382 -4.7658 2.3139 44.5630 1.6361 5.1181
Car -1 -1 2.2276 157.0055 186.1921 261.3917 231.4112 1.4744 1.5285 3.4937 -14.6226 1.9978 26.4525 1.7226 4.7445
Car -1 -1 1.5635 620.8845 175.2747 644.2904 196.8028 1.4712 1.6141 3.9834 1.5747 1.6520 51.7689 1.5939 2.3784
Car -1 -1 1.8639 362.2442 182.9592 423.4664 223.1357 1.7264 1.6799 3.9909 -10.1888 2.2310 34.0043 1.5728 1.7320
Car -1 -1 0.2422 563.2051 191.0580 622.7578 212.6307 1.4772 1.6264 4.0806 -1.2569 2.8391 52.7277 0.2184 0.8063
Car -1 -1 1.7896 502.4363 186.0792 533.7233 206.5307 1.4855 1.6066 4.1356 -7.2818 2.5753 57.2992 1.6632 0.7132
Car -1 -1 1.6790 565.1480 183.1284 589.5776 202.0680 1.4851 1.6329 4.0583 -2.7442 2.3823 60.9038 1.6340 0.4186
Car -1 -1 1.5231 660.4252 187.3743 685.0868 210.5624 1.4858 1.5355 3.8381 4.3402 2.5439 50.6145 1.6087 0.3140
