Car -1 -1 2.1514 37.6658 188.8903 233.2688 271.1389 1.4989 1.6070 4.1257 -10.3116 1.9015 16.0239 1.5796 11.6928
Car -1 -1 -1.0023 720.4074 169.6856 841.6991 226.8763 1.5457 1.6351 3.9600 5.1083 1.4604 21.4626 -0.7686 11.4782
Car -1 -1 1.9137 351.8219 179.0779 426.9906 215.6761 1.4828 1.7321 4.7513 -9.8454 1.7841 32.4667 1.6193 11.2619
Car -1 -1 -1.6128 568.8168 166.9399 776.0287 374.0000 1.6869 1.6771 3.7894 0.4865 1.6394 7.7408 -1.5501 10.4897
Car -1 -1 -0.8539 667.9515 173.6037 743.9771 203.4420 1.5278 1.6669 4.3029 5.2055 1.5709 39.0916 -0.7215 7.0949
Car -1 -1 1.8473 402.4630 177.8532 452.2176 209.9009 1.6047 1.6109 3.7851 -9.7540 1.8860 38.6384 1.6001 7.0875
Car -1 -1 1.7707 508.7585 178.4315 544.0315 202.3596 1.4495 1.5658 3.6427 -5.3729 1.8236 46.4640 1.6555 6.2184
Car -1 -1 2.1235 233.0419 176.5503 319.1200 217.5484 1.6414 1.6263 3.7997 -14.3866 1.8119 31.2263 1.6918 5.4613
Car -1 -1 1.8180 458.8294 177.9899 498.3477 201.3432 1.4800 1.6359 4.2844 -8.8762 1.8439 48.8819 1.6384 5.3388
Car -1 -1 -0.9145 687.8730 172.6446 762.9543 206.2675 1.4291 1.5570 3.4389 5.1768 1.4206 32.4120 -0.7562 5.1709
Car -1 -1 -1.5954 1159.6414 164.6095 1241.0000 374.0000 1.5590 1.6600 4.1140 4.3028 1.5390 3.7869 -0.7464 4.9794
Car -1 -1 1.9106 338.5633 175.9987 390.2758 203.3605 1.4798 1.6108 3.8743 -14.0624 1.6692 41.4153 1.5833 1.6380
Car -1 -1 -1.6179 597.0543 175.5529 660.6461 235.6317 1.5433 1.6146 3.8091 0.4089 1.6280 20.6305 -1.5981 0.5881
Car -1 -1 -1.4725 567.9980 187.1247 602.1367 215.8986 1.4911 1.5800 3.9421 -1.4201 2.3503 41.4061 -1.5068 0.3109
Car -1 -1 1.6542 582.2107 174.2305 601.5159 189.7534 1.4888 1.5853 4.0621 -1.7905 1.6298 71.6420 1.6292 0.2303
Car -1 -1 -0.9987 141.9030 163.6091 213.1597 193.9031 1.6589 1.6423 3.9430 -24.8186 1.1530 41.5075 -1.5376 -0.4392
Car -1 -1 -0.3689 806.5899 174.0323 856.2706 192.3985 1.5623 1.6175 3.7803 19.1173 1.6662 62.4377 -0.0718 -0.6551
