Car -1 -1 -1.0549 735.0052 178.5529 892.3899 259.2561 1.4667 1.5553 3.7352 4.3348 1.6022 15.2386 -0.7778 15.0600
Car -1 -1 -1.2612 878.3015 180.3837 1096.7258 325.4857 1.3827 1.4478 3.0462 4.5408 1.4896 8.6209 -0.7765 12.3852
Car -1 -1 -1.5696 594.1620 175.2026 662.0232 243.7929 1.6719 1.6676 3.7438 0.4390 1.7423 19.6058 -1.5472 12.1629
Car -1 -1 1.8778 395.0871 182.2132 484.3636 232.4321 1.5101 1.6948 4.5395 -5.7836 1.8636 24.8918 1.6495 11.5008
Car -1 -1 2.2582 0.0000 186.5543 219.6061 373.3008 1.6723 1.6362 3.9827 -6.7443 1.8776 8.7709 1.6027 11.2010
Car -1 -1 2.0493 269.3970 183.2328 375.5089 233.0183 1.5177 1.6566 4.2353 -9.8990 1.9106 25.0979 1.6736 11.0550
Car -1 -1 2.2037 0.0000 175.2590 192.1750 276.9403 1.7515 1.6875 4.1402 -10.5590 1.8075 14.6002 1.5775 5.6125
Car -1 -1 1.7914 557.2584 178.4228 592.5262 200.9495 1.4554 1.6232 3.8459 -2.4028 1.8547 49.6541 1.7431 5.0236
Car -1 -1 -1.3589 629.1050 176.4517 665.4744 200.8868 1.4793 1.5830 3.7240 2.4001 1.7204 46.2729 -1.3071 2.7989
Car -1 -1 -1.2829 672.4231 172.9789 700.3406 189.7622 1.4359 1.5467 3.4039 6.7394 1.4476 63.6255 -1.1773 2.0281
Car -1 -1 1.8632 437.7282 180.4972 487.0992 211.3635 1.4981 1.5587 3.6195 -7.7135 1.9189 37.8178 1.6620 1.1235
Car -1 -1 1.8562 411.1765 176.2990 458.3387 203.1260 1.4980 1.6426 4.0808 -10.3881 1.7132 42.8993 1.6186 -1.0417
Car -1 -1 1.4299 859.2497 175.9030 882.4728 191.4460 1.4783 1.6203 3.9672 25.8216 1.7900 71.5578 1.7762 -1.1870
