Car -1 -1 -1.2404 872.5023 171.0859 1145.2674 344.5593 1.5248 1.5718 3.6751 4.5725 1.5096 8.1495 -0.7291 14.3227
Car -1 -1 -1.5695 626.9461 173.8022 694.6373 241.5831 1.6282 1.6322 3.7453 1.3046 1.6564 19.3075 -1.5021 13.2640
Car -1 -1 2.1815 154.1751 182.2759 323.2926 256.3976 1.6085 1.6635 4.3085 -9.3222 1.8796 18.4786 1.7143 12.9120
Car -1 -1 1.8421 506.8849 173.0308 564.9286 213.9208 1.7072 1.6239 3.7527 -3.2705 1.7159 32.1251 1.7407 11.0791
Car -1 -1 2.3304 0.0000 194.5678 208.3488 374.0000 1.5882 1.6625 4.3231 -6.2431 1.8748 7.3053 1.6233 10.3150
Car -1 -1 1.9972 407.8229 180.2381 489.2495 217.9618 1.4559 1.6766 4.6103 -6.9110 1.8006 31.2231 1.7794 10.0156
Car -1 -1 -1.0053 691.4381 171.0513 747.4443 195.5264 1.4539 1.6084 3.8920 6.8081 1.3472 44.8561 -0.8547 8.2409
Car -1 -1 -2.0921 1065.3162 157.1257 1115.2703 176.0270 1.4759 1.6057 3.9482 38.7542 0.2481 58.3587 -1.5059 0.2015
Car -1 -1 2.2159 0.0000 181.8316 140.3246 250.8689 1.4556 1.5683 3.6217 -13.3934 1.6963 17.4999 1.5626 -0.1394
Car -1 -1 1.4869 547.5380 177.9093 573.3609 198.4905 1.4670 1.6161 3.9345 -3.8028 1.8638 54.5119 1.4173 -1.1166
