Car -1 -1 -8.5269 1032.6560 184.7577 1158.3214 233.0150 1.4812 1.6846 3.4289 16.3221 1.6354 23.7881 -7.9303 6.4718
Pedestrian -1 -1 -5.3978 564.8890 158.2381 657.5937 278.8423 1.8111 0.9886 1.1446 0.0417 1.4772 11.3733 -5.3925 5.2430
Car -1 -1 -5.4163 1095.3052 184.2233 1223.0000 234.2117 1.5674 1.6347 3.9309 19.1753 1.7070 24.4660 -4.7564 4.7048
Car -1 -1 -8.4367 954.2881 182.5273 1066.0360 230.7807 1.5186 1.6724 3.4486 13.6918 1.5933 24.1806 -7.9256 4.4370
Pedestrian -1 -1 -5.1003 306.5337 161.2753 355.3746 244.8233 1.8313 0.7416 0.9339 -6.2840 1.4103 16.0922 -5.4641 2.8091
Pedestrian -1 -1 -4.8967 284.5624 162.2228 322.6908 234.5217 1.7944 0.7321 1.0179 -7.7939 1.3411 18.1745 -5.2937 2.7410
Pedestrian -1 -1 -4.6244 330.1091 157.4175 359.4585 228.3282 1.9575 0.6907 1.0357 -7.4265 1.3206 20.1073 -4.9712 2.7043
Pedestrian -1 -1 -5.9958 900.0768 154.2419 1010.2961 316.8506 1.7625 0.5186 1.0460 3.9978 1.4783 8.2053 -5.5557 2.6215
Pedestrian -1 -1 -5.2444 350.2473 163.7362 395.6009 241.9068 1.7812 0.6332 0.9298 -5.5126 1.3996 16.6565 -5.5566 2.4008
Pedestrian -1 -1 -4.7817 280.5983 159.0609 316.2996 229.4682 1.8718 0.8356 1.0525 -8.4820 1.3022 19.4563 -5.1850 2.0379
Pedestrian -1 -1 -4.7069 210.1643 155.2708 249.7861 235.7240 1.9013 0.8372 1.0179 -9.2337 1.3054 17.3530 -5.1865 1.5369
Car -1 -1 -7.6658 604.3101 173.1979 645.2689 203.1696 1.4933 1.5306 3.4186 1.0643 1.1296 37.0615 -7.6356 1.5127
Pedestrian -1 -1 -5.8778 950.0707 159.0591 1033.7921 307.6782 1.7125 0.5452 0.7431 4.6499 1.4658 8.6073 -5.3960 1.4122
Pedestrian -1 -1 -4.7917 302.6456 157.0318 332.0930 224.0753 1.9016 0.7247 0.9994 -8.4496 1.2362 20.6629 -5.1726 1.3651
Pedestrian -1 -1 -5.1456 243.5065 160.3872 288.7534 234.7974 1.8043 0.7020 0.9257 -8.5309 1.3169 17.7107 -5.5857 1.2603
Pedestrian -1 -1 -7.3579 365.0077 161.3151 384.8186 201.0120 1.9183 0.6660 0.7037 -11.2668 0.9914 34.5740 -7.6684 0.7743
Pedestrian -1 -1 -4.3918 270.7726 156.4289 303.0938 224.2801 1.9183 0.6365 0.7748 -9.2084 1.2381 20.4060 -4.8080 0.5761
Car -1 -1 -8.3424 804.1651 162.9023 862.6127 194.2594 1.7350 1.6397 3.7875 13.2036 0.7614 41.1307 -8.0323 -0.7287
Pedestrian -1 -1 -4.5355 321.6137 159.7692 337.6682 195.9795 1.9610 0.6733 0.8855 -15.1151 0.8384 38.7892 -4.9025 -0.7882
Cyclist -1 -1 -8.0013 895.9617 164.5401 906.8140 195.4869 1.6764 0.3215 1.5739 16.3721 0.8120 39.1045 -7.6060 -1.2015
Car -1 -1 -8.0736 487.4889 168.4031 517.1437 188.8202 1.6039 1.6156 3.7496 -8.3832 0.6536 57.5816 -8.2156 -1.4958
Cyclist -1 -1 -7.9811 1208.9758 172.9460 1223.0000 217.0717 1.8009 0.4544 1.8975 25.8577 1.4928 29.7735 -7.2698 -1.5452
Pedestrian -1 -1 -7.9626 440.2266 168.8078 457.3307 206.8474 1.7753 0.7405 0.4842 -7.3904 1.2298 33.3457 -8.1770 -1.5467
Car -1 -1 -7.6361 459.9375 168.4831 496.0116 195.2883 1.6550 1.5995 3.2751 -8.1081 0.9132 45.3264 -7.8101 -1.5594
Car -1 -1 -4.4709 256.8143 172.0291 307.0139 200.4075 1.4645 1.5781 3.9384 -17.5640 1.0275 38.5671 -4.8933 -1.7491
Pedestrian -1 -1 -3.9047 1.0166 219.7933 65.5084 327.2564 1.0990 0.3587 0.4052 -6.2111 1.5357 7.6232 -4.5664 -1.7748
Car -1 -1 -6.9255 239.7200 170.1537 326.0311 201.4156 1.4918 1.5944 3.7659 -16.2389 0.9982 35.7721 -7.3465 -1.9047
