Car -1 -1 -8.4245 956.2233 181.6495 1068.1917 231.1324 1.5629 1.7315 3.4008 13.7507 1.6053 24.1602 -7.9113 7.2603
Car -1 -1 -8.5248 1033.9342 185.5272 1156.6816 232.0012 1.4238 1.6492 3.3457 16.3066 1.6053 23.7649 -7.9282 6.1942
Car -1 -1 -5.3968 1096.3086 184.6490 1223.0000 233.7802 1.5363 1.6298 3.9911 19.2033 1.6919 24.4633 -4.7361 4.1999
Car -1 -1 -7.9179 602.4526 172.9493 636.5984 203.5846 1.5286 1.5618 3.5623 0.7033 1.1520 37.0924 -7.8974 3.5022
Pedestrian -1 -1 -9.0654 878.8220 147.3145 1007.0853 330.3494 1.8456 0.7618 1.0816 3.6544 1.5114 7.7811 -8.6401 3.0505
Pedestrian -1 -1 -5.2168 419.8196 159.5238 490.7469 264.6526 1.8379 0.8483 1.1181 -2.8208 1.4715 13.0610 -5.4227 3.0007
Pedestrian -1 -1 -5.3901 473.0771 161.6241 532.8716 257.6205 1.7974 0.6993 0.9776 -2.0454 1.4444 13.8280 -5.5319 2.7184
Pedestrian -1 -1 -5.2482 371.5249 164.0152 425.4556 251.9301 1.7701 0.7216 0.9124 -4.3734 1.4386 14.8114 -5.5277 2.5456
Pedestrian -1 -1 -5.0798 341.4516 159.8155 392.1923 242.7695 1.8546 0.8233 0.9833 -5.5884 1.3925 16.4484 -5.3996 2.2532
Pedestrian -1 -1 -5.1554 286.1487 160.0195 350.1259 258.6266 1.8198 0.7789 1.0453 -5.6044 1.4422 13.6900 -5.5341 2.2477
Pedestrian -1 -1 -5.0323 300.0249 158.5569 350.8215 245.5435 1.8723 0.7836 1.0164 -6.3203 1.4003 15.8595 -5.4029 1.8404
Pedestrian -1 -1 -5.0045 278.3226 159.1061 325.4320 238.3784 1.8253 0.7767 1.0318 -7.3039 1.3330 16.9254 -5.4032 1.6838
Pedestrian -1 -1 -5.1044 337.3903 162.2815 386.6969 254.7369 1.7838 0.6547 0.8725 -4.9247 1.4327 14.1857 -5.4298 1.5807
Pedestrian -1 -1 -7.4901 327.7751 159.5367 349.4082 205.8199 1.8985 0.6630 0.6148 -11.0668 1.0388 29.3129 -7.8457 0.8408
Pedestrian -1 -1 -4.8821 327.7780 159.6656 357.2190 237.7760 1.8685 0.5421 0.8872 -6.5196 1.3705 17.4333 -5.2322 0.8162
Pedestrian -1 -1 -4.3237 279.2691 157.2884 301.4487 196.4924 1.8867 0.6948 0.9067 -15.3603 0.7698 34.4887 -4.7373 0.5279
Cyclist -1 -1 -4.7754 511.3025 164.3742 524.1452 198.2233 1.9106 0.6112 2.0806 -5.0798 1.0005 40.9885 -4.8960 0.3158
Cyclist -1 -1 -4.7251 306.7980 158.2887 319.6812 196.0272 1.8162 0.5729 1.5895 -14.4141 0.7474 34.8702 -5.1119 -0.2646
Car -1 -1 -8.3050 804.1490 161.8533 859.8502 193.0876 1.7283 1.6208 3.6980 13.1067 0.6967 41.0699 -7.9966 -0.2871
Pedestrian -1 -1 -7.9342 439.2618 169.9775 456.0549 206.7595 1.7107 0.7345 0.4894 -7.4168 1.2215 33.2256 -8.1500 -0.3269
Car -1 -1 -8.3205 951.3143 164.3003 1013.4742 195.5996 1.6160 1.6029 3.3786 20.3050 0.7797 38.2102 -7.8338 -0.3713
Car -1 -1 -7.5754 459.0775 167.5507 496.1455 194.9368 1.6906 1.5621 3.0033 -8.1166 0.8913 45.2220 -7.7499 -1.0701
Cyclist -1 -1 -7.8966 1212.8464 172.9501 1223.0000 214.9505 1.7157 0.4498 1.7774 25.8685 1.4075 29.7198 -7.1842 -1.2686
Pedestrian -1 -1 -7.8043 1189.6976 166.5730 1209.2893 211.6024 1.9057 0.6048 0.9288 25.5961 1.3165 30.4698 -7.1093 -1.5171
Car -1 -1 -7.9075 687.6011 170.5809 716.3846 195.5803 1.5554 1.6526 3.6295 6.2486 0.9383 45.8667 -7.7713 -1.6558
Pedestrian -1 -1 -4.1942 0.0000 222.1972 50.1129 330.5130 1.0785 0.3551 0.4134 -6.2269 1.5320 7.4504 -4.8677 -1.8731
Pedestrian -1 -1 -5.9515 549.5409 169.7873 559.1544 191.4832 1.8178 0.7629 0.5928 -4.2610 0.9202 59.6848 -6.0207 -1.8986
Car -1 -1 -7.8364 479.8892 163.2352 500.0610 185.2049 1.8931 1.6957 4.1635 -10.2179 0.4053 63.1061 -7.9943 -1.9009
Cyclist -1 -1 -8.1978 905.6920 165.8220 923.3591 198.1321 1.6603 0.3353 1.5710 16.2274 0.9062 37.1285 -7.7872 -2.1740
