Car -1 -1 -8.4143 956.2972 181.4982 1067.3431 231.4828 1.5794 1.7236 3.3972 13.7310 1.6162 24.1482 -7.9015 6.8647
Car -1 -1 -8.5165 1033.4603 184.9705 1157.7544 232.6424 1.4633 1.6669 3.4179 16.3308 1.6252 23.7933 -7.9197 6.2366
Car -1 -1 -5.4204 1093.9219 184.4939 1223.0000 233.9743 1.5487 1.6384 3.9736 19.1575 1.6986 24.4805 -4.7612 5.7972
Cyclist -1 -1 -4.2289 80.7518 164.0385 279.2842 369.0000 1.6615 0.5348 1.6474 -3.1373 1.5574 5.3172 -4.7346 5.1387
Pedestrian -1 -1 -5.4029 465.5503 163.8012 533.4416 261.3298 1.7573 0.7947 1.0338 -2.0465 1.4568 13.3813 -5.5494 4.0474
Car -1 -1 -7.9124 602.0383 173.5285 636.0652 203.6535 1.5031 1.5903 3.1365 0.6791 1.1555 36.8773 -7.8924 3.4706
Pedestrian -1 -1 -5.8550 763.8513 156.3660 848.2673 289.8945 1.7657 0.6098 0.9726 2.7574 1.4470 9.8951 -5.5897 3.0629
Pedestrian -1 -1 -4.6726 339.3558 157.7656 361.8766 220.3814 1.9202 0.6238 0.9988 -8.0325 1.2233 22.2518 -5.0126 2.0818
Pedestrian -1 -1 -4.7546 283.8701 156.7048 312.6257 234.0647 1.9018 0.6316 1.1142 -7.8670 1.3171 18.0207 -5.1579 1.9881
Car -1 -1 -8.3376 953.7725 162.7652 1015.4108 195.2409 1.6737 1.6073 3.2002 20.3390 0.7598 38.0433 -7.8484 1.8546
Pedestrian -1 -1 -4.8505 320.5570 160.8602 353.6822 232.0190 1.8175 0.6982 0.9355 -7.1070 1.3162 18.6363 -5.2073 1.7903
Pedestrian -1 -1 -4.5968 309.3089 158.5653 335.3940 218.0420 1.8676 0.6596 1.0535 -9.1368 1.1791 22.7953 -4.9713 1.6952
Pedestrian -1 -1 -4.6419 297.6571 158.0244 323.5491 221.3623 1.8737 0.6544 0.9836 -8.9727 1.2091 21.4862 -5.0304 1.5085
Pedestrian -1 -1 -5.3842 818.9791 158.6401 886.2812 284.6333 1.7555 0.5282 0.8186 3.5513 1.4513 10.3264 -5.0606 1.4388
Pedestrian -1 -1 -4.6459 209.8983 155.8358 239.9508 223.2008 1.8227 0.6739 0.8883 -10.6032 1.1557 19.6736 -5.1316 1.3938
Pedestrian -1 -1 -4.6484 274.4139 159.1652 298.6758 222.2232 1.7573 0.5708 0.9210 -9.1430 1.1630 20.2346 -5.0650 1.1737
Pedestrian -1 -1 -4.5149 242.9395 156.4407 274.5385 221.4820 1.7886 0.6431 0.8436 -9.7888 1.1273 19.9314 -4.9631 1.1262
Car -1 -1 -7.6618 459.0740 167.7842 494.1735 194.9534 1.6814 1.6134 3.2862 -8.2105 0.8945 45.4116 -7.8377 0.3150
Pedestrian -1 -1 -5.1977 381.5437 161.4108 399.3327 197.6894 1.9008 0.6520 0.7030 -11.4037 0.9008 37.5251 -5.4885 -0.0617
Car -1 -1 -8.3100 804.1271 161.8814 861.4241 191.0338 1.6103 1.6325 3.8413 13.1484 0.5820 41.0738 -8.0007 -0.6705
Pedestrian -1 -1 -4.4338 415.4238 184.9714 429.7468 216.3495 1.1333 0.4168 0.3809 -6.6831 1.2979 25.7903 -4.6826 -0.6996
Pedestrian -1 -1 -7.6925 328.6896 158.7588 342.9378 191.7896 1.8964 0.6644 0.7149 -15.6201 0.6483 41.0091 -8.0519 -0.7758
Pedestrian -1 -1 -4.0891 264.1049 167.3580 286.3831 200.3059 1.6844 0.6746 0.8526 -17.0952 1.0127 36.6302 -4.5206 -1.0364
Car -1 -1 -7.8821 480.1006 165.3097 500.2365 184.8236 1.6820 1.6638 4.1622 -10.2650 0.3726 63.1451 -8.0407 -1.0668
Pedestrian -1 -1 -3.8636 2.1582 217.5571 66.2042 328.5426 1.1355 0.3744 0.3860 -6.1903 1.5465 7.6084 -4.5245 -1.3808
Pedestrian -1 -1 -7.8944 309.3824 158.8306 322.8366 191.6420 1.8728 0.6952 0.6536 -16.6821 0.6361 40.7966 -8.2779 -1.4047
Car -1 -1 -7.9697 491.9803 167.4215 518.0700 188.7590 1.6760 1.6660 3.9451 -8.1737 0.6487 57.6567 -8.1080 -1.7084
Cyclist -1 -1 -4.8125 1210.2603 171.8922 1223.0000 215.4985 1.7769 0.4717 1.9255 25.8603 1.4264 29.7353 -4.1005 -2.0488
Pedestrian -1 -1 -3.2795 642.4980 166.4648 654.3588 189.5119 1.8827 0.5210 0.9090 3.5745 0.7361 58.0522 -3.2166 -2.1765
