Car -1 -1 -8.5220 1032.6729 184.5269 1155.4001 231.8627 1.4609 1.6682 3.3517 16.3209 1.6069 23.8477 -7.9265 7.2122
Car -1 -1 -8.4256 956.9782 181.2767 1067.8806 230.9444 1.5716 1.7211 3.3525 13.7551 1.6003 24.1492 -7.9120 6.8757
Car -1 -1 -5.4108 1094.9399 183.5750 1223.0000 234.6592 1.6059 1.6363 3.9598 19.1753 1.7214 24.4791 -4.7511 4.4171
Cyclist -1 -1 -4.9716 593.5911 154.3447 632.7794 227.9845 2.0963 0.7210 1.8278 0.1849 1.3520 21.1018 -4.9613 4.3472
Pedestrian -1 -1 -5.1924 463.3189 156.2145 532.8356 264.6553 1.8813 0.8538 1.0880 -2.0166 1.4603 12.9572 -5.3414 4.1457
Pedestrian -1 -1 -2.5263 708.1157 157.8816 797.2827 288.4834 1.7686 0.7282 1.0266 2.0711 1.4627 10.1978 -2.3301 3.7388
Pedestrian -1 -1 -5.6411 662.7889 153.0104 766.1339 297.1659 1.8067 0.8235 1.1052 1.4178 1.4626 9.5434 -5.4966 3.6581
Cyclist -1 -1 -4.6030 535.3041 166.2727 551.6422 201.9460 1.9202 0.6981 1.8488 -3.3965 1.1545 38.9920 -4.6874 2.7213
Pedestrian -1 -1 -5.5147 521.9539 156.4568 611.2789 287.9152 1.8153 0.8070 1.0461 -0.6187 1.4837 10.4107 -5.5705 2.6790
Pedestrian -1 -1 -5.4601 572.3105 161.5613 647.3730 281.0421 1.7454 0.7005 0.9471 0.0183 1.4691 10.9144 -5.4567 2.3608
Pedestrian -1 -1 -8.4903 404.3761 157.3895 475.2255 272.0029 1.8442 0.7308 0.9788 -2.8485 1.4727 11.9725 -8.7162 2.3583
Pedestrian -1 -1 -4.3378 261.2835 156.9852 297.5721 216.9581 1.9215 0.7450 1.0520 -10.7023 1.1684 23.1976 -4.7630 2.2402
Pedestrian -1 -1 -5.3404 481.3805 154.5875 561.1642 295.2362 1.8330 0.5921 1.0527 -1.2232 1.4957 9.8020 -5.4588 2.2189
Pedestrian -1 -1 -4.5473 245.5762 153.2227 268.3908 201.5767 1.9955 0.6954 1.0490 -14.6744 0.8700 29.7802 -4.9990 2.0212
Cyclist -1 -1 -4.6355 509.1789 167.4921 522.4455 199.5394 1.6996 0.5692 1.8998 -4.8570 1.0099 38.4593 -4.7583 1.9349
Pedestrian -1 -1 -2.2996 430.4869 157.0346 483.7196 254.9648 1.8752 0.5343 0.9563 -2.9855 1.4262 14.0381 -2.5028 1.8661
Car -1 -1 -7.6966 600.3212 173.7765 640.0697 203.6418 1.4896 1.5551 3.4932 0.8257 1.1544 37.1231 -7.6729 1.4057
Pedestrian -1 -1 -5.0443 396.6857 156.2622 447.1251 258.7256 1.9008 0.6539 1.0172 -3.6089 1.4516 13.7214 -5.2941 1.3372
Pedestrian -1 -1 -4.6506 194.9468 154.1978 215.8577 199.9600 1.9221 0.7424 0.5168 -17.0263 0.8176 30.0913 -5.1590 1.1560
Cyclist -1 -1 -4.7932 1207.0929 172.0598 1223.0000 215.4754 1.7745 0.5374 1.9428 25.8370 1.4297 29.8422 -4.0834 -0.0171
Pedestrian -1 -1 -6.5371 444.7078 168.7674 459.1815 206.1802 1.7268 0.8190 0.4732 -7.1908 1.1855 33.1060 -6.7473 -0.3045
Car -1 -1 -8.2356 806.7219 162.3370 859.1124 192.3035 1.6580 1.6136 3.7199 13.1491 0.6532 41.0334 -7.9260 -0.3579
Cyclist -1 -1 -7.8355 532.5571 171.6752 538.3093 197.1325 1.6480 0.3459 1.5999 -4.5840 1.0767 46.5811 -7.9312 -0.3636
Pedestrian -1 -1 -4.5271 644.3444 162.8898 653.1969 187.3705 1.9935 0.5670 0.9135 3.6092 0.5594 58.0899 -4.4636 -0.3770
Cyclist -1 -1 -3.0997 230.4293 164.4057 269.2335 199.9937 1.7111 0.6310 1.6714 -17.3944 0.9374 34.6227 -3.5597 -0.6283
Cyclist -1 -1 -2.6583 1.9143 162.7234 77.6013 224.2962 1.7441 0.6039 1.6194 -16.3797 1.2408 20.4710 -3.3237 -0.7118
Car -1 -1 -7.9433 260.8250 167.9664 299.3191 197.1972 1.5164 1.5993 3.7303 -17.8310 0.8663 38.6965 -8.3701 -0.8355
Pedestrian -1 -1 -7.9176 274.1900 156.2103 291.8644 201.5844 1.9031 0.6437 0.7248 -13.7461 0.8845 30.1255 -8.3398 -1.3524
Pedestrian -1 -1 -3.8820 0.0000 214.8947 66.4663 325.5163 1.1343 0.3686 0.4236 -6.2252 1.5179 7.6385 -4.5438 -1.8397
Car -1 -1 -4.7213 583.3339 174.1852 626.7003 213.8779 1.4994 1.6387 4.1309 -0.0473 1.2611 28.7807 -4.7212 -1.9301
Cyclist -1 -1 -7.7963 898.0317 164.1610 906.4511 194.3433 1.6464 0.3465 1.5526 16.5296 0.7553 39.3426 -7.3997 -2.0571
