Car -1 -1 -8.4176 956.9482 181.4693 1067.4806 231.2676 1.5749 1.7231 3.3570 13.7462 1.6106 24.1471 -7.9042 7.1518
Car -1 -1 -8.5312 1033.8954 184.7585 1159.1903 232.4818 1.4657 1.6972 3.3810 16.3547 1.6197 23.7799 -7.9335 6.5066
Car -1 -1 -5.3989 1095.7108 184.7400 1223.0000 233.9342 1.5434 1.6095 3.9144 19.1746 1.7024 24.5012 -4.7397 5.3521
Cyclist -1 -1 -4.3052 137.9646 165.9538 308.8452 369.0000 1.6677 0.5400 1.7680 -3.0871 1.5670 5.8151 -4.7693 4.9862
Car -1 -1 -7.9350 601.5336 173.8945 636.2824 203.4246 1.4728 1.5570 3.1786 0.6712 1.1435 36.8969 -7.9153 3.6577
Pedestrian -1 -1 -2.2116 462.6421 160.7385 524.3688 260.7361 1.8195 0.7343 0.9580 -2.1733 1.4603 13.4623 -2.3662 3.3585
Pedestrian -1 -1 -4.8534 278.8842 155.9415 315.9075 233.6412 1.9218 0.7300 1.0941 -7.9425 1.3147 18.1450 -5.2578 2.1649
Pedestrian -1 -1 -4.6843 337.2512 156.3862 362.4691 218.6023 1.9178 0.7191 1.0046 -8.1022 1.1748 22.3833 -5.0251 2.0210
Pedestrian -1 -1 -5.6255 759.1277 157.6537 844.1549 289.4995 1.7588 0.6379 0.9711 2.7211 1.4545 10.0114 -5.3663 1.9412
Pedestrian -1 -1 -5.4065 809.4415 157.4032 883.9714 283.9319 1.7693 0.5884 0.9097 3.4937 1.4467 10.4180 -5.0903 1.9253
Pedestrian -1 -1 -4.7148 320.7277 162.3700 350.9016 232.0076 1.7951 0.7324 0.9809 -7.1992 1.3281 18.8141 -5.0728 1.8976
Pedestrian -1 -1 -4.6606 299.4034 158.9565 321.4209 221.0453 1.8532 0.5701 0.9371 -9.0443 1.2104 21.6396 -5.0494 1.5418
Pedestrian -1 -1 -4.5998 210.2674 154.5368 240.1585 222.8313 1.8653 0.6482 0.7926 -10.6635 1.1565 19.7987 -5.0853 1.1423
Pedestrian -1 -1 -4.9438 308.5566 156.2912 336.7765 217.0897 1.9203 0.6389 1.0108 -9.1954 1.1559 22.9290 -5.3186 0.7148
Pedestrian -1 -1 -4.4204 239.9223 155.3431 273.4722 221.7840 1.8410 0.6224 0.8857 -9.9177 1.1442 20.0777 -4.8710 0.6637
Pedestrian -1 -1 -4.6102 386.1684 161.6694 399.9935 197.3619 1.8828 0.6347 0.7200 -11.3142 0.8896 37.7099 -4.8975 0.4284
Pedestrian -1 -1 -5.0374 273.4384 158.6490 305.3211 222.5119 1.7968 0.5885 0.8988 -9.1581 1.1823 20.4235 -5.4512 0.2820
Car -1 -1 -8.3059 804.0648 161.5277 858.3909 190.8657 1.6195 1.5821 3.5755 13.0156 0.5723 40.9138 -7.9983 -0.5715
Pedestrian -1 -1 -7.6585 309.8228 157.3800 325.0940 190.9730 1.9292 0.7017 0.6723 -16.6813 0.6016 41.0007 -8.0402 -1.6024
Pedestrian -1 -1 -5.4341 635.0185 165.5563 645.6542 186.6486 1.9443 0.4961 0.9304 3.3023 0.5667 65.6954 -5.3824 -1.8522
Pedestrian -1 -1 -4.3022 414.8400 183.7986 430.0260 216.8204 1.1909 0.4156 0.3873 -6.6833 1.3124 25.7687 -4.5512 -2.0180
Car -1 -1 -4.9411 354.0017 170.4349 390.0330 191.8661 1.5284 1.6597 4.1385 -17.3712 0.8106 52.6249 -5.2564 -2.1527
Cyclist -1 -1 -5.9292 0.0000 159.3940 70.4555 223.3909 1.7858 0.6794 1.6549 -16.5131 1.1972 20.3120 -6.6023 -2.1772
