Car -1 -1 -8.4158 956.6790 181.6426 1068.2311 231.2325 1.5667 1.7375 3.3976 13.7568 1.6088 24.1563 -7.9023 7.0534
Car -1 -1 -8.5214 1034.2687 185.6343 1156.8256 232.2128 1.4274 1.6566 3.3371 16.3187 1.6128 23.7703 -7.9245 6.2927
Car -1 -1 -5.3979 1094.4307 184.7359 1223.0000 234.2170 1.5486 1.6484 4.0609 19.2162 1.7080 24.5295 -4.7382 5.6131
Pedestrian -1 -1 -5.3505 396.8633 159.2630 462.6977 259.8104 1.8300 0.7315 1.0628 -3.3929 1.4439 13.4898 -5.5896 4.1200
Pedestrian -1 -1 -5.1969 447.7413 163.2699 509.2839 254.9126 1.7661 0.8170 1.0804 -2.6126 1.4344 14.3031 -5.3719 3.6732
Car -1 -1 -7.9093 603.0366 172.9613 636.4359 203.6950 1.5343 1.5548 3.5123 0.7154 1.1581 37.0791 -7.8885 3.5697
Pedestrian -1 -1 -1.9121 271.8907 159.7189 322.5276 254.2718 1.8265 0.6717 0.9114 -6.2408 1.4255 14.2212 -2.3157 3.1549
Pedestrian -1 -1 -5.8377 806.8317 148.6983 924.2770 317.2762 1.8305 0.8572 1.0384 3.0171 1.4856 8.3474 -5.5011 2.6592
Pedestrian -1 -1 -5.0749 335.3992 157.8616 384.4400 240.4631 1.9149 0.8112 1.0193 -5.9546 1.3905 17.0427 -5.4035 2.4723
Pedestrian -1 -1 -2.1100 316.3275 160.1833 369.4452 250.9960 1.8132 0.6285 0.9674 -5.4849 1.4079 14.6661 -2.4590 2.3213
Pedestrian -1 -1 -5.1329 290.9780 158.5536 341.2237 242.5201 1.8765 0.7510 0.9735 -6.7509 1.3864 16.4099 -5.5146 2.1957
Pedestrian -1 -1 -5.0025 357.8406 165.6323 396.6254 247.5833 1.7149 0.6126 0.7444 -4.9695 1.4041 15.2758 -5.3091 1.8235
Pedestrian -1 -1 -5.3352 306.6845 160.3232 358.8070 235.7354 1.8450 0.7509 1.0707 -6.9360 1.3517 17.9069 -5.6970 1.7533
Pedestrian -1 -1 -4.8031 271.6286 157.2784 312.0493 237.3778 1.8930 0.8143 1.1622 -7.7643 1.3445 17.4149 -5.2139 1.1810
Cyclist -1 -1 -4.6707 515.6540 164.7427 527.3611 197.1590 1.9661 0.6363 2.0130 -5.1844 1.0105 43.9105 -4.7857 0.5105
Cyclist -1 -1 -5.5073 270.8236 156.7594 308.9697 195.7425 1.9007 0.6207 1.8188 -15.6562 0.7433 35.0855 -5.9217 -0.2134
Car -1 -1 -8.3132 804.0095 162.2428 859.7324 192.1179 1.6531 1.6147 3.6633 13.0960 0.6430 41.0569 -8.0049 -0.2214
Cyclist -1 -1 -4.4897 1207.8646 170.7745 1223.0000 214.1122 1.7839 0.4866 1.6599 25.9359 1.3838 29.7932 -3.7772 -0.4827
Car -1 -1 -7.9563 685.3101 170.9444 717.0634 196.2103 1.5733 1.6415 4.0189 6.2156 0.9783 46.0618 -7.8214 -1.0633
Pedestrian -1 -1 -3.9373 850.7443 157.2063 871.9180 195.8268 1.9595 0.7310 0.7159 13.1613 0.7778 36.3588 -3.5911 -1.1274
Pedestrian -1 -1 -4.6213 338.1614 160.2513 355.4662 204.9957 1.8863 0.6314 0.7050 -11.0585 1.0329 30.2283 -4.9667 -1.3409
Pedestrian -1 -1 -4.2134 0.0000 226.6178 49.2887 331.1298 1.0384 0.3479 0.3915 -6.2184 1.5389 7.4445 -4.8867 -1.5329
