Cyclist -1 -1 -5.2512 607.4188 161.0933 714.2213 287.6611 1.7309 0.8070 1.7477 0.7433 1.4659 10.6313 -5.1817 7.4122
Cyclist -1 -1 -5.5477 662.9926 157.9377 785.3378 274.7956 1.7778 0.9306 1.8583 1.8973 1.4349 11.7721 -5.3904 6.5189
Car -1 -1 -8.5081 1033.5914 184.6427 1156.7772 232.3969 1.4687 1.6600 3.4013 16.3178 1.6186 23.7932 -7.9117 6.2972
Cyclist -1 -1 -4.5863 422.0700 167.2950 452.3153 224.7826 1.7457 0.7175 1.7015 -5.3220 1.3450 22.3534 -4.8151 5.5550
Car -1 -1 -5.3992 1096.4215 184.3089 1223.0000 234.1220 1.5636 1.6332 3.9303 19.2048 1.7064 24.4830 -4.7389 5.3118
Car -1 -1 -8.4404 954.4398 182.1561 1066.3567 230.4738 1.5224 1.6703 3.4473 13.7002 1.5835 24.1809 -7.9290 4.8391
Pedestrian -1 -1 -5.7650 898.9332 147.6161 1054.6064 363.1904 1.8229 0.7497 1.0635 3.4043 1.5452 6.6292 -5.3080 2.7140
Car -1 -1 -7.8839 604.6267 172.8502 635.9778 202.9095 1.5010 1.5363 3.3408 0.7468 1.1192 36.9834 -7.8621 2.6163
Pedestrian -1 -1 -6.1633 879.3474 136.4026 1001.4395 328.0671 1.9274 0.7537 1.1356 3.6129 1.4844 7.7264 -5.7397 2.5190
Pedestrian -1 -1 -5.6210 794.2720 148.0425 907.9916 308.8930 1.8558 0.8623 1.0280 3.0036 1.4817 8.8245 -5.3020 2.3608
Pedestrian -1 -1 -5.8920 755.0161 146.8589 867.8223 315.0432 1.8331 0.7340 1.0812 2.3741 1.4669 8.3281 -5.6224 2.1492
Pedestrian -1 -1 -4.1977 0.0000 150.0569 74.1823 255.8333 1.8600 0.6834 0.9389 -10.4227 1.3251 12.9480 -4.8616 2.0134
Pedestrian -1 -1 -4.2072 176.8106 149.7776 215.9817 214.3220 1.9918 0.6503 1.0316 -12.9307 1.0440 22.3384 -4.7238 2.0072
Cyclist -1 -1 -5.2065 612.4113 167.4691 657.5183 223.4537 1.7625 0.6944 1.8265 0.9287 1.3526 23.2327 -5.1654 1.4719
Pedestrian -1 -1 -4.5440 208.7080 151.3864 240.9766 214.5341 1.9723 0.7521 0.9852 -12.2101 1.0633 22.6687 -5.0303 0.9624
Cyclist -1 -1 -4.6676 1209.1654 171.0677 1223.0000 214.3144 1.7719 0.5254 1.9149 25.8830 1.3857 29.8466 -3.9569 0.7881
Car -1 -1 -8.1799 810.7770 163.4068 860.6801 193.5254 1.6734 1.6491 3.7088 13.3514 0.7238 41.1481 -7.8667 0.4177
Pedestrian -1 -1 -3.8775 178.1958 152.7463 202.3234 199.3561 1.9602 0.7294 0.5367 -17.6801 0.7932 30.1016 -4.4020 -0.0311
Pedestrian -1 -1 -3.8318 420.7601 160.9257 438.9239 190.1904 1.9258 0.6396 0.9957 -11.6736 0.6377 47.1187 -4.0712 -0.4584
Cyclist -1 -1 -4.5321 201.9926 165.0794 223.6099 202.9203 1.6695 0.5451 1.7561 -17.8222 0.9894 32.1135 -5.0327 -0.5802
Car -1 -1 -7.8976 478.0133 162.9478 499.4562 184.6501 1.8685 1.7111 4.2377 -10.3913 0.3572 63.1232 -8.0581 -1.4241
Cyclist -1 -1 -8.2746 890.0357 163.1403 908.7943 194.0043 1.6775 0.3394 1.5841 16.3098 0.7341 39.2267 -7.8817 -1.8005
Pedestrian -1 -1 -5.4553 642.3462 162.7930 654.8672 186.5261 1.9304 0.5471 0.9210 3.5887 0.4901 58.0411 -5.3921 -1.8766
Car -1 -1 -7.8263 614.4691 174.1607 656.9249 214.1945 1.5294 1.6246 3.9867 1.2899 1.2875 29.0592 -7.7807 -2.1690
