Car -1 -1 -8.4186 956.3488 181.8598 1065.3776 229.8513 1.5115 1.6152 3.4382 13.6873 1.5616 24.1274 -7.9067 6.6457
Cyclist -1 -1 -4.8994 469.1417 167.5147 504.6118 224.9893 1.7302 0.7933 1.7312 -3.7674 1.3396 22.2345 -5.0631 5.7549
Cyclist -1 -1 -4.7093 509.7833 164.1409 532.3003 220.7607 1.8163 0.7187 1.7743 -2.8327 1.2918 23.6038 -4.8254 5.3993
Pedestrian -1 -1 -5.6619 575.4457 154.1477 679.9210 301.3989 1.7940 0.8143 1.1011 0.2442 1.4734 9.2714 -5.6347 4.2044
Cyclist -1 -1 -5.3489 836.6144 133.2472 967.9911 291.2657 2.0771 0.8231 1.8135 4.1977 1.4564 10.2758 -4.9701 4.1603
Car -1 -1 -5.3943 1098.3456 184.8893 1223.0000 233.3031 1.5145 1.5972 3.9091 19.2166 1.6787 24.4448 -4.7329 4.1371
Pedestrian -1 -1 -5.5832 611.6919 149.1738 713.6447 287.0878 1.8885 0.9466 1.1614 0.7943 1.4599 10.4261 -5.5076 3.7562
Car -1 -1 -8.5079 1032.8833 185.5921 1156.5555 232.6945 1.4465 1.6301 3.4849 16.3623 1.6316 23.8859 -7.9120 3.3760
Pedestrian -1 -1 -8.8984 764.4005 148.0852 900.9865 348.6697 1.7982 0.7507 1.0506 2.1795 1.5081 6.9787 -8.6065 3.3178
Pedestrian -1 -1 -5.8998 1000.8314 144.6731 1172.3999 357.2213 1.8084 0.8790 1.1116 4.4996 1.5040 6.7234 -5.3298 2.9754
Pedestrian -1 -1 -2.3446 522.5533 156.1378 604.4515 279.1375 1.8286 0.8185 1.0074 -0.7069 1.4668 11.1533 -2.4043 2.6891
Pedestrian -1 -1 -5.2938 563.7026 155.7268 642.1874 274.7244 1.8487 0.8789 1.0144 -0.0934 1.4643 11.6504 -5.2998 2.5202
Pedestrian -1 -1 -4.4741 251.4313 154.3224 279.0250 206.7603 1.9266 0.7202 0.9739 -12.7672 0.9651 26.5273 -4.9160 1.9666
Pedestrian -1 -1 -4.3821 217.5498 152.7275 245.2877 206.5417 1.9660 0.6423 0.9342 -13.9381 0.9516 26.3408 -4.8619 1.8693
Pedestrian -1 -1 -4.4316 176.0083 151.9452 221.7446 230.8003 1.9537 0.6691 1.3453 -10.4998 1.2466 18.2497 -4.9442 1.8137
Pedestrian -1 -1 -5.9813 845.8198 161.3798 947.0892 320.8118 1.6931 0.5268 0.9512 3.2414 1.4904 8.0111 -5.6086 1.6219
Pedestrian -1 -1 -6.3632 1044.4540 148.9150 1176.9183 336.0172 1.7941 0.6555 1.0502 5.1313 1.4916 7.3229 -5.7704 1.3985
Pedestrian -1 -1 -5.7408 807.7097 150.2732 927.9673 336.7884 1.8170 0.6535 0.9995 2.7111 1.5230 7.4813 -5.4048 1.0616
Pedestrian -1 -1 -4.4910 544.3967 168.4795 559.5643 204.0083 1.7211 0.6075 0.6733 -2.6133 1.1389 34.6281 -4.5639 1.0592
Pedestrian -1 -1 -4.6899 505.0319 168.1096 514.6396 199.2897 1.8155 0.5393 0.9221 -5.6138 1.0941 41.6552 -4.8212 0.8255
Car -1 -1 -7.9818 604.7849 175.0117 643.4418 203.8164 1.4361 1.5818 3.5608 0.9402 1.1627 37.1026 -7.9550 0.8189
Car -1 -1 -8.0142 578.3777 174.9686 619.5485 203.8471 1.4318 1.5922 3.6163 -0.3804 1.1577 36.9719 -8.0227 0.3415
Pedestrian -1 -1 -7.6899 181.7458 153.2417 203.7755 199.9972 1.9687 0.7332 0.5297 -17.5972 0.8212 30.1480 -8.2117 0.1280
Car -1 -1 -8.3013 954.3904 165.0221 1014.6965 196.4944 1.6183 1.5943 3.2544 20.3211 0.8226 38.0163 -7.8122 -0.0181
Car -1 -1 -7.8024 256.3629 168.5034 293.1539 197.1995 1.4733 1.6016 3.6912 -17.8574 0.8575 38.3128 -8.2335 -0.1838
Pedestrian -1 -1 -4.7591 853.6216 159.1642 868.9226 197.4426 1.9399 0.7003 0.7878 13.1389 0.8588 36.3127 -4.4131 -0.4301
Cyclist -1 -1 -6.8133 682.8658 166.9697 712.5339 197.0533 1.8590 0.6803 1.7396 5.8072 1.0230 44.3433 -6.6823 -0.5918
Pedestrian -1 -1 -4.0992 868.6100 161.3968 884.7496 200.0158 1.8286 0.5652 0.4494 12.9806 0.9243 33.8392 -3.7344 -0.7319
Cyclist -1 -1 -7.9481 1212.2520 171.5687 1223.0000 215.0161 1.7679 0.4646 1.9196 25.8907 1.4047 29.6867 -7.2347 -1.5391
Car -1 -1 -7.4833 459.5815 162.7294 495.0915 184.1786 1.8150 1.6976 4.0698 -11.1309 0.3112 61.9893 -7.6582 -1.5782
Pedestrian -1 -1 -4.3029 414.5266 184.7090 429.9399 217.2437 1.1728 0.4254 0.3851 -6.6904 1.3277 25.7683 -4.5522 -1.6467
Pedestrian -1 -1 -3.8923 2.0071 218.6220 67.1498 326.6458 1.1070 0.3630 0.4109 -6.2111 1.5319 7.6408 -4.5529 -2.0024
Car -1 -1 -7.1544 272.6411 165.9967 341.3594 195.9124 1.5713 1.5654 3.5639 -16.4103 0.8096 39.0714 -7.5472 -2.1457
