Car -1 -1 -8.4200 957.4751 181.6081 1069.7606 231.2407 1.5672 1.7480 3.3998 13.7898 1.6080 24.1459 -7.9052 6.8248
Car -1 -1 -8.5229 1032.8116 185.0458 1157.0725 232.3239 1.4514 1.6654 3.4064 16.3158 1.6160 23.8023 -7.9268 6.3773
Cyclist -1 -1 -5.1772 565.7865 164.4151 658.5980 273.6522 1.6882 0.8456 1.7832 0.0319 1.4400 11.9135 -5.1728 5.6456
Cyclist -1 -1 -4.5027 442.3311 168.5820 471.8935 218.7506 1.7396 0.6905 1.7287 -5.3230 1.3266 25.3834 -4.7052 5.2251
Car -1 -1 -5.4213 1095.1639 184.2042 1223.0000 233.9007 1.5590 1.6174 3.8806 19.1409 1.6977 24.4526 -4.7620 5.1731
Cyclist -1 -1 -5.1744 625.6803 158.7289 713.8142 263.6470 1.7785 0.8700 1.8501 1.0996 1.4098 13.0056 -5.0903 5.1639
Pedestrian -1 -1 -9.0175 841.8965 147.7625 973.6469 348.3345 1.8236 0.7133 1.0115 2.9485 1.5264 7.0389 -8.6349 3.2753
Pedestrian -1 -1 -5.7384 704.6019 152.5758 813.4050 308.7600 1.7967 0.6942 1.1209 1.8470 1.4759 8.7692 -5.5362 2.7892
Pedestrian -1 -1 -2.6551 756.6288 151.4395 853.6035 299.3583 1.8200 0.8219 0.9618 2.5857 1.4629 9.3283 -2.3916 2.0318
Pedestrian -1 -1 -4.2324 32.3822 147.5321 98.5616 248.6452 1.8911 0.6404 0.9741 -10.5183 1.2748 13.7554 -4.8722 1.9491
Pedestrian -1 -1 -4.3582 188.4211 154.0378 222.7028 214.6407 1.9244 0.6791 0.9499 -13.0004 1.0844 22.9728 -4.8653 1.6334
Pedestrian -1 -1 -6.2818 826.4931 142.3105 936.8271 318.0623 1.8751 0.7959 1.1243 3.0966 1.4681 8.1122 -5.9282 1.4558
Pedestrian -1 -1 -4.4476 220.7885 154.4295 251.1309 213.8419 1.9129 0.6682 0.9061 -12.1728 1.0738 23.2770 -4.9219 1.3532
Car -1 -1 -7.5857 602.4552 174.7068 648.2515 203.5370 1.4331 1.5394 3.4303 1.0945 1.1453 37.0121 -7.5547 1.0596
Cyclist -1 -1 -8.2426 583.7574 167.5715 621.4058 219.8927 1.7426 0.6955 1.7366 -0.1345 1.3123 24.4848 -8.2463 0.3693
Pedestrian -1 -1 -8.0610 438.5861 170.3848 457.4824 207.7826 1.7386 0.7859 0.4831 -7.4042 1.2685 33.2517 -8.2763 0.3645
Car -1 -1 -7.7715 267.6760 167.8588 306.2407 196.1859 1.4837 1.6127 3.9244 -17.5666 0.8217 39.1505 -8.1884 -0.5580
Cyclist -1 -1 -4.6770 880.4271 156.0619 894.9609 196.7868 1.8774 0.5782 1.9466 13.4217 0.7510 33.6020 -4.2985 -0.7514
Car -1 -1 -8.3061 803.1893 163.2888 860.0317 193.6363 1.6811 1.6250 3.8475 13.1179 0.7278 41.1884 -7.9982 -0.8331
Pedestrian -1 -1 -3.3882 881.6506 175.9858 905.1915 233.5566 1.7445 0.6672 0.5211 8.8464 1.6080 21.7906 -3.0061 -0.8925
Pedestrian -1 -1 -3.9267 0.0488 219.0770 65.0120 326.4327 1.1007 0.3614 0.4095 -6.2297 1.5301 7.6369 -4.5890 -1.7335
Pedestrian -1 -1 -7.6749 181.0652 156.1282 202.1527 200.9518 1.8851 0.6940 0.5076 -17.6137 0.8603 30.0911 -8.1979 -1.7532
