Cyclist -1 -1 -5.4955 656.0347 159.8350 793.0147 302.1761 1.7149 0.7897 1.7534 1.5006 1.4664 9.4598 -5.3416 8.3146
Cyclist -1 -1 -4.5147 383.2119 168.0024 426.6996 238.7176 1.7202 0.7353 1.7490 -5.1342 1.4165 18.0986 -4.7847 5.7251
Cyclist -1 -1 -5.7609 762.9664 144.7643 901.1597 288.7499 1.9192 0.6764 1.8199 3.2205 1.4433 10.3197 -5.4653 5.5710
Car -1 -1 -5.4096 1095.7452 183.9920 1223.0000 234.1451 1.5758 1.6348 3.8964 19.1717 1.7066 24.4676 -4.7498 4.4669
Car -1 -1 -8.4747 1032.6359 185.4177 1157.8490 232.2586 1.4383 1.6140 3.6976 16.4249 1.6183 23.9706 -7.8787 4.2698
Car -1 -1 -7.9288 601.3130 173.6252 636.3659 203.6218 1.4969 1.5928 3.1757 0.6675 1.1540 36.9116 -7.9092 3.5475
Car -1 -1 -8.5436 955.5606 180.9164 1075.0762 229.7020 1.5414 1.5942 3.6165 13.9240 1.5571 24.2900 -8.0272 2.7860
Pedestrian -1 -1 -5.7804 824.2365 141.1534 953.1283 329.2429 1.8779 0.6587 1.1252 3.0156 1.4855 7.7009 -5.4192 2.7090
Cyclist -1 -1 -5.4692 661.5810 171.1200 717.7665 229.7440 1.6859 0.6296 1.7676 2.4847 1.4165 21.2306 -5.3527 2.6800
Pedestrian -1 -1 -5.8825 956.6161 141.1046 1096.8140 340.1848 1.8409 0.7772 1.0062 4.2075 1.4771 7.1740 -5.3693 2.6190
Pedestrian -1 -1 -5.7080 1008.2526 139.6604 1181.8461 369.0000 1.8185 0.7914 0.9490 4.1069 1.5035 6.0554 -5.1342 2.5096
Pedestrian -1 -1 -5.9482 870.2627 145.3659 983.1432 318.1194 1.8593 0.7173 1.0218 3.6792 1.4816 8.2195 -5.5398 2.1967
Pedestrian -1 -1 -4.3616 196.1403 153.1470 231.8741 217.0890 1.9260 0.6837 0.9279 -12.0820 1.1024 21.8058 -4.8595 1.7993
Pedestrian -1 -1 -4.3037 158.9891 151.9931 200.7189 217.2146 1.9307 0.7151 1.0757 -12.9527 1.0871 21.5085 -4.8373 1.7161
Car -1 -1 -8.3544 952.7527 162.7944 1014.9433 196.0703 1.7173 1.6092 3.1904 20.3267 0.8037 38.0946 -7.8661 0.8042
Pedestrian -1 -1 -3.2966 421.7992 162.1520 439.1478 191.7240 1.9054 0.5665 1.0221 -11.3637 0.7232 46.0137 -3.5353 0.6418
Pedestrian -1 -1 -7.9336 182.8780 152.0113 204.0263 198.1701 1.9373 0.7413 0.5275 -17.5472 0.7418 30.1024 -8.4548 -0.6715
Pedestrian -1 -1 -5.6367 188.6808 156.3660 218.2576 199.6154 1.8876 0.5813 0.9853 -17.7451 0.8345 31.2127 -6.1473 -0.6787
Pedestrian -1 -1 -6.6227 954.8707 163.2719 970.5947 195.8219 1.7842 0.7354 0.5623 19.7928 0.8400 39.1561 -6.1563 -0.7842
Pedestrian -1 -1 -5.7628 0.0000 167.7486 24.5941 269.4879 1.6547 0.4853 0.5019 -10.1577 1.4477 11.7823 -6.4592 -0.8103
Car -1 -1 -7.1734 820.9556 160.0936 890.4159 192.2110 1.7673 1.6779 3.9114 14.4134 0.6445 40.6434 -6.8333 -1.2355
Car -1 -1 -7.8700 480.0786 164.4318 499.8149 184.7771 1.7532 1.6782 4.1520 -10.2801 0.3685 63.1187 -8.0288 -1.3714
Pedestrian -1 -1 -4.1535 972.0182 164.1172 990.7606 198.8213 1.7785 0.5090 0.8054 19.4963 0.9391 36.6565 -3.6666 -1.6515
Car -1 -1 -7.7282 459.6302 168.2832 492.1466 195.2547 1.6669 1.6076 3.6505 -8.2822 0.9119 45.5600 -7.9050 -1.7087
Pedestrian -1 -1 -7.0171 865.9437 153.8918 887.9742 195.6701 1.9742 0.7201 0.6759 13.0030 0.7170 33.8683 -6.6519 -1.7713
Pedestrian -1 -1 -4.2767 0.0000 223.4948 49.1044 331.1808 1.0672 0.3558 0.3958 -6.2055 1.5336 7.4282 -4.9499 -1.8692
Pedestrian -1 -1 -4.4159 374.2619 187.5974 391.6982 227.3171 1.1594 0.4014 0.3661 -6.5941 1.3712 20.8874 -4.7156 -1.9247
Car -1 -1 -8.0099 257.9539 167.0739 301.7222 195.9480 1.5002 1.6172 3.8293 -17.8842 0.8028 38.7796 -8.4370 -2.1922
