Car -1 -1 -8.4159 956.5134 181.2695 1068.2559 231.3395 1.5835 1.7465 3.3924 13.7510 1.6119 24.1504 -7.9025 6.9159
Car -1 -1 -8.5296 1033.6171 185.3277 1157.0363 232.2573 1.4402 1.6739 3.3368 16.3193 1.6146 23.7821 -7.9330 6.3766
Car -1 -1 -5.4065 1095.8467 184.0001 1223.0000 233.9461 1.5703 1.6225 3.9055 19.1814 1.7015 24.4855 -4.7469 4.2242
Car -1 -1 -7.9444 600.4371 174.0607 636.4856 203.7412 1.4798 1.5914 3.2526 0.6465 1.1589 36.9311 -7.9253 3.2619
Pedestrian -1 -1 -6.9459 0.0000 147.2517 67.8418 250.3537 1.8891 0.6193 1.1958 -11.2114 1.2802 13.6079 -7.6216 2.1801
Pedestrian -1 -1 -4.2181 47.9581 144.7901 107.3762 233.2928 1.9542 0.7122 0.9609 -12.0568 1.1661 16.1366 -4.8484 2.1205
Pedestrian -1 -1 -4.6117 419.7900 161.9123 433.3212 198.2737 1.9982 0.6350 0.9656 -9.9469 0.9769 39.3785 -4.8554 1.1630
Pedestrian -1 -1 -3.9713 179.2754 152.4749 203.5862 198.6747 1.9436 0.7239 0.5330 -17.6189 0.7648 30.0833 -4.4945 0.2673
Pedestrian -1 -1 -4.0072 0.0000 142.3739 55.5229 230.3685 1.9279 0.6409 1.0015 -13.1938 1.0929 16.0000 -4.6850 -0.0993
Car -1 -1 -8.2750 805.3583 161.7832 860.2414 191.5559 1.6468 1.6230 3.7747 13.1529 0.6117 41.0745 -7.9656 -0.5981
Car -1 -1 -4.9861 722.2753 177.0370 768.8885 205.8458 1.4680 1.5632 3.4409 7.4467 1.2917 37.8051 -4.7916 -0.7174
Car -1 -1 -7.8604 267.7428 166.5009 301.8029 196.5812 1.5739 1.6391 3.9046 -17.7253 0.8415 39.1106 -8.2810 -0.8596
Cyclist -1 -1 -4.7173 1213.2875 172.0468 1223.0000 215.1077 1.7590 0.4665 1.8438 25.8685 1.4139 29.7354 -4.0051 -1.3992
Cyclist -1 -1 -5.5964 226.0188 161.2964 268.3305 198.6775 1.7869 0.6118 1.8721 -17.3781 0.8691 34.3040 -6.0597 -1.5568
Pedestrian -1 -1 -3.9759 3.3167 219.7017 67.6166 326.1700 1.0932 0.3607 0.4064 -6.1970 1.5290 7.6359 -4.6356 -1.6673
Car -1 -1 -6.2340 479.8894 172.7477 525.7581 190.6638 1.4968 1.5853 3.7790 -8.6307 0.8491 60.0310 -6.3743 -1.9269
Pedestrian -1 -1 -5.2383 635.3438 166.4948 645.3322 187.7540 1.9586 0.5064 0.9742 3.3015 0.6682 65.6885 -5.1866 -2.0360
