Car -1 -1 -8.4129 956.2444 181.2606 1068.4706 230.9760 1.5727 1.7579 3.4156 13.7573 1.6008 24.1659 -7.8996 7.1481
Car -1 -1 -8.5217 1034.7533 185.2434 1158.6542 232.0610 1.4384 1.7015 3.3418 16.3757 1.6099 23.7987 -7.9238 6.2054
Car -1 -1 -7.8928 603.7932 172.9200 636.3436 203.4610 1.5250 1.5658 3.5623 0.7334 1.1466 37.0990 -7.8715 3.3956
Car -1 -1 -5.3938 1094.3638 185.7066 1223.0000 233.9527 1.5000 1.6602 4.0991 19.2028 1.6958 24.4949 -4.7337 3.2529
Pedestrian -1 -1 -7.0839 24.1136 148.9915 97.7774 243.7536 1.8487 0.5696 1.1132 -11.0855 1.2344 14.3818 -7.7279 1.9370
Pedestrian -1 -1 -4.5309 415.8061 163.2688 433.5620 199.4363 1.9444 0.7542 1.0803 -9.8453 1.0182 38.5756 -4.7770 1.4399
Pedestrian -1 -1 -3.6467 1150.7345 150.1515 1223.0000 323.5361 1.8156 0.4988 0.8764 6.5464 1.4982 7.7273 -2.9624 1.2238
Pedestrian -1 -1 -4.2154 16.3895 143.0738 83.9140 235.6305 1.9518 0.7356 1.0746 -12.1784 1.1629 15.4980 -4.8695 1.1607
Pedestrian -1 -1 -1.8904 0.0000 147.2633 33.9350 234.8356 1.8477 0.6210 0.8433 -13.0403 1.1468 15.4050 -2.5807 0.5844
Pedestrian -1 -1 -4.1975 179.6691 152.3717 203.7747 198.5426 1.9486 0.7246 0.5187 -17.6165 0.7617 30.1026 -4.7204 0.4901
Cyclist -1 -1 -6.9544 682.5461 167.6723 711.1191 197.2861 1.8264 0.7094 1.7062 5.7558 1.0353 44.3493 -6.8245 -0.1518
Pedestrian -1 -1 -7.1992 1201.5046 163.7408 1223.0000 207.0892 1.8043 0.7073 0.6788 25.7923 1.1070 29.8463 -6.4903 -0.3148
Car -1 -1 -8.3154 952.3310 164.3643 1014.5728 196.8642 1.6757 1.6054 3.3982 20.3427 0.8439 38.1752 -7.8276 -0.5329
Car -1 -1 -8.2891 804.7960 161.6646 859.6795 192.9831 1.7330 1.6240 3.6788 13.1150 0.6909 41.0508 -7.9804 -0.6647
Pedestrian -1 -1 -6.5143 955.1838 163.4521 969.8978 196.5941 1.8145 0.7395 0.5704 19.7718 0.8813 39.1357 -6.0481 -0.8644
Pedestrian -1 -1 -2.7835 18.8736 164.3202 51.3772 224.1873 1.6864 0.6007 0.5479 -16.3806 1.2309 20.2866 -3.4532 -1.2593
Cyclist -1 -1 -3.8813 228.9066 164.7257 265.5903 199.8713 1.6875 0.5709 1.6586 -17.6230 0.9303 34.8254 -4.3442 -1.9581
