Cyclist -1 -1 -4.3598 511.0981 167.8262 540.5590 214.6873 1.8582 0.5944 1.8640 -3.4786 1.6586 29.5875 -4.4763 5.8351
Cyclist -1 -1 -4.1990 526.6376 172.9702 558.5174 210.8449 1.6653 0.5763 1.9122 -3.0831 1.6704 32.7212 -4.2928 5.6764
Cyclist -1 -1 -7.6035 857.0799 155.8532 929.5342 288.1549 1.7971 0.5898 1.8191 4.1803 1.5659 10.7147 -7.2417 4.7842
Cyclist -1 -1 -6.7287 577.6422 170.4595 615.6282 207.0367 1.8385 0.5470 1.8941 -0.7190 1.7179 36.9374 -6.7486 4.1170
Pedestrian -1 -1 -5.7718 359.1874 165.5093 395.2231 241.4269 1.8543 0.7130 0.5824 -5.8614 1.6746 18.0310 -6.0823 3.7145
Pedestrian -1 -1 -3.4128 749.0793 159.9628 784.2093 250.3822 1.8608 0.7880 0.5284 3.2509 1.5952 15.2600 -3.2078 3.2690
Pedestrian -1 -1 -7.4638 277.8311 167.9033 320.4268 245.1209 1.7750 0.6024 0.9643 -7.3929 1.6609 17.0722 -7.8673 2.7347
Pedestrian -1 -1 -4.8069 751.5607 160.4687 786.1482 238.1415 1.9290 0.7663 0.9945 3.9998 1.6211 18.4573 -4.5976 1.8578
Pedestrian -1 -1 -4.3386 1157.1748 149.3870 1241.0000 296.0674 1.7793 0.7713 0.6164 7.5468 1.4943 9.2411 -3.6698 1.3296
Pedestrian -1 -1 -7.4784 355.7589 169.3532 384.8488 221.3797 1.8434 0.6811 0.9918 -8.7003 1.7190 26.0796 -7.7977 1.2880
Pedestrian -1 -1 -4.4548 923.9861 165.5319 963.5870 252.1726 1.6635 0.6043 0.5061 6.5345 1.5227 14.2406 -4.0331 1.2004
Pedestrian -1 -1 -6.8208 951.2816 166.2771 991.0717 262.3220 1.6717 0.4887 0.4415 6.3573 1.5569 12.8212 -6.3703 1.0630
Car -1 -1 -7.9999 785.4683 172.1612 813.7426 192.4117 1.5385 1.6053 3.7999 14.8578 1.4856 56.7929 -7.7456 0.9172
Pedestrian -1 -1 -5.2568 766.9055 184.6273 794.0364 233.6756 1.2850 0.4289 0.6620 4.5445 1.6085 19.4674 -5.0316 0.7954
Pedestrian -1 -1 -7.2164 86.2381 179.3215 120.7465 237.1685 1.5215 0.5264 0.5599 -13.6136 1.6971 19.3306 -7.8237 0.5124
Pedestrian -1 -1 -7.8882 24.9992 179.6436 55.5102 239.2829 1.6196 0.6503 0.6348 -15.9617 1.8132 20.1501 -8.5518 0.4287
Pedestrian -1 -1 -7.6868 52.8310 178.8758 90.7745 242.9840 1.5483 0.6561 0.6425 -13.4233 1.7014 17.9427 -8.3222 0.3387
Car -1 -1 -7.5488 491.7731 175.5457 534.9536 199.3613 1.5334 1.7056 4.3036 -6.5674 1.7253 49.2368 -7.6811 0.3084
Car -1 -1 -5.8296 398.9861 174.5145 464.4266 197.7546 1.5224 1.6383 3.9682 -12.0384 1.6368 48.6571 -6.0712 0.1138
Pedestrian -1 -1 -6.2983 637.3873 171.6726 649.6257 195.0861 1.8496 0.4678 0.9622 2.6292 1.7560 57.2492 -6.2530 -0.1138
Car -1 -1 -6.5785 776.0110 174.8687 859.4532 204.6429 1.5023 1.6860 3.8288 10.6832 1.6089 37.4054 -6.3028 -0.3278
Pedestrian -1 -1 -4.6317 1172.3534 207.0762 1241.0000 374.0000 1.2891 0.4115 0.6356 4.4821 1.5651 5.4516 -3.9706 -1.0439
Car -1 -1 -4.7451 356.7241 175.7875 381.0506 198.5290 1.5614 1.5438 3.7177 -17.4550 1.7810 52.0693 -5.0672 -1.0439
Car -1 -1 -7.6099 561.5673 166.4636 612.3055 204.1282 2.0213 1.8322 4.6179 -1.2805 1.6781 41.1726 -7.6413 -1.1177
Pedestrian -1 -1 -5.3045 427.4413 167.4268 445.7622 199.7446 1.8444 0.6454 0.8860 -10.0628 1.5344 41.7169 -5.5400 -1.1271
Pedestrian -1 -1 -2.3963 411.3222 175.7247 434.5201 211.9635 1.5893 0.6528 0.7608 -8.3859 1.7189 32.1859 -2.6496 -1.5056
Car -1 -1 -4.7280 744.7337 176.2869 770.3370 199.6571 1.4346 1.5575 3.9161 9.5333 1.6676 46.9666 -4.5294 -1.6130
Cyclist -1 -1 -7.5670 343.6205 173.8223 371.7670 220.2677 1.6900 0.5218 1.7623 -9.5339 1.7274 27.1842 -7.9016 -1.9425
Cyclist -1 -1 -6.4085 771.8395 172.7763 802.0946 205.6323 1.7210 0.6413 1.4849 9.3206 1.7166 38.1952 -6.1715 -2.0299
Pedestrian -1 -1 -6.6534 812.5966 172.7946 826.1952 199.4828 1.7352 0.6454 0.6657 13.6800 1.7310 47.2630 -6.3737 -2.0658
