Pedestrian -1 -1 -4.2335 350.5193 170.7341 377.6642 216.4686 1.8901 0.7078 0.9825 -10.3819 1.8022 30.3582 -4.5607 2.4056
Pedestrian -1 -1 -7.6183 485.7166 170.9062 505.0425 210.6029 1.8739 0.6784 1.1027 -5.5363 1.7817 34.6367 -7.7761 1.4768
Pedestrian -1 -1 -6.0250 407.3503 176.2205 433.1551 227.6773 1.6902 0.6128 0.6986 -6.3659 1.8035 24.0475 -6.2816 1.2869
Cyclist -1 -1 -4.8784 757.1727 177.3604 778.3276 220.3788 1.5608 0.5272 1.5040 5.8683 1.7345 27.1010 -4.6681 1.1335
Cyclist -1 -1 -5.0065 838.6364 175.7971 863.9345 217.9238 1.5545 0.5088 1.4422 9.1224 1.6691 27.4534 -4.6895 0.8084
Pedestrian -1 -1 -8.0311 804.4904 166.1231 821.7676 207.5214 1.8237 0.6031 0.8267 9.0244 1.5269 32.2254 -7.7609 0.7404
Pedestrian -1 -1 -5.9186 687.1714 169.3660 700.6798 199.7804 1.8188 0.6959 0.6034 5.0371 1.6100 43.5972 -5.8048 0.6755
Car -1 -1 -7.4707 465.3913 175.2010 508.3716 198.5281 1.5564 1.6712 3.7967 -8.6127 1.7273 50.5843 -7.6389 0.5379
Pedestrian -1 -1 -3.0524 533.9593 172.3975 545.8918 195.3377 1.7480 0.4395 0.8734 -5.3878 1.7129 55.2026 -3.1496 0.5329
Pedestrian -1 -1 -6.5906 491.1718 172.4653 510.8804 205.7543 1.8381 0.5219 0.9759 -6.1230 1.8164 40.2914 -6.7409 0.2209
Pedestrian -1 -1 -8.5819 866.4534 171.6385 893.7634 221.3013 1.7039 0.6280 0.6353 9.3710 1.6619 25.1667 -8.2299 0.1625
Cyclist -1 -1 -8.0719 797.7670 171.7602 810.6769 199.5240 1.5821 0.3834 1.5928 11.2401 1.5195 41.9196 -7.8121 0.1182
Pedestrian -1 -1 -7.6895 702.5784 169.3217 717.8358 203.3396 1.8028 0.6483 1.0809 5.3616 1.6153 38.8507 -7.5539 0.0662
Cyclist -1 -1 -4.5260 778.1159 171.7039 794.2438 203.1421 1.6073 0.5602 1.4696 9.1659 1.5482 37.6736 -4.2896 0.0659
Pedestrian -1 -1 -2.4560 543.4448 170.6171 558.8732 198.9700 1.8265 0.6113 0.7929 -3.8625 1.6821 46.9573 -2.5381 -0.1662
Pedestrian -1 -1 -4.9928 884.0061 162.2042 915.9919 225.9955 1.7695 0.6497 0.7621 8.1500 1.4738 20.4240 -4.6186 -0.1878
Pedestrian -1 -1 -7.4439 454.6970 176.2845 470.6614 207.4134 1.6189 0.5872 0.7177 -7.7999 1.8013 38.0270 -7.6452 -0.2031
Car -1 -1 -8.0340 752.1988 167.9825 782.1509 188.2213 1.5522 1.6322 3.9594 12.4224 1.1783 57.3429 -7.8219 -0.2656
Car -1 -1 -3.0601 732.8074 168.8552 838.9951 225.0846 1.7078 1.6249 3.1999 5.6241 1.5860 23.1836 -2.8257 -0.2763
Pedestrian -1 -1 -4.6650 786.9764 185.2415 802.9252 230.9453 1.2447 0.4105 0.5083 5.1088 1.5950 20.1173 -4.4205 -0.5470
Pedestrian -1 -1 -8.1208 923.5737 163.4940 955.9277 226.1522 1.7238 0.6455 0.7548 9.2055 1.4660 20.2726 -7.7005 -0.6800
Pedestrian -1 -1 -6.6388 388.9973 175.9750 405.4584 208.2988 1.6767 0.6529 0.6439 -11.2362 1.8426 37.9686 -6.9250 -0.8948
Pedestrian -1 -1 -7.3955 804.1664 168.2163 834.0760 224.1830 1.7494 0.6553 0.7514 6.6342 1.6041 23.0520 -7.1193 -0.9609
Car -1 -1 -7.6438 568.9962 169.9529 596.5487 188.7234 1.6380 1.6629 4.1287 -2.4444 1.3845 65.1415 -7.6814 -1.1279
Cyclist -1 -1 -7.4639 720.3317 174.0465 751.5665 219.3751 1.7285 0.5960 1.7571 4.9364 1.7767 28.4637 -7.2946 -1.2090
Pedestrian -1 -1 -3.2107 788.9355 170.0051 799.5456 203.0920 1.6651 0.5405 0.4835 9.3084 1.5214 36.6192 -2.9642 -1.6926
Car -1 -1 -7.1309 139.7040 179.0542 203.5805 207.1457 1.4831 1.4773 2.9383 -24.5045 1.8433 40.3684 -7.6738 -1.7322
Pedestrian -1 -1 -7.7133 421.9436 176.9834 435.2912 206.7605 1.6681 0.6512 0.6316 -10.3071 1.9037 40.8662 -7.9592 -1.7503
Pedestrian -1 -1 -8.0035 327.2970 172.5851 339.6704 200.3822 1.7619 0.6273 0.8095 -17.7561 1.7445 46.2397 -8.3685 -1.7957
Cyclist -1 -1 -2.2401 369.1874 176.2572 394.2369 206.4298 1.9103 0.6737 1.6341 -14.7762 2.1332 46.5859 -2.5460 -1.8380
Car -1 -1 -7.8555 699.9937 167.1565 723.2504 190.7717 1.6793 1.6410 3.9873 7.4809 1.2738 53.3947 -7.7174 -2.0872
Pedestrian -1 -1 -7.9363 710.2417 169.9245 720.7053 194.9769 1.7760 0.6824 0.7008 7.4978 1.5680 51.5207 -7.7930 -2.1003
