Cyclist -1 -1 -4.2994 513.8851 169.5170 544.6953 213.2943 1.8089 0.5724 1.9579 -3.4742 1.6707 30.8338 -4.4112 5.0987
Cyclist -1 -1 -7.5912 897.3788 151.3244 982.7458 302.7577 1.7900 0.6005 1.7523 4.2727 1.5352 9.3997 -7.1772 4.4506
Cyclist -1 -1 -4.2832 498.0762 167.4826 529.9714 215.6712 1.7987 0.5206 1.8001 -3.7348 1.5979 27.8685 -4.4157 4.3536
Cyclist -1 -1 -6.7910 578.8142 170.3681 617.6990 208.7891 1.8664 0.5801 1.8842 -0.6166 1.7454 35.7744 -6.8087 3.8534
Pedestrian -1 -1 -3.5136 756.5010 157.9095 800.5184 257.4865 1.8518 0.7586 0.5807 3.1678 1.5736 13.8373 -3.2941 3.8292
Pedestrian -1 -1 -7.3565 247.1270 166.6607 299.5489 251.3854 1.8081 0.6143 1.0649 -7.4759 1.6757 15.9499 -7.7889 3.3535
Pedestrian -1 -1 -5.9566 331.8016 165.4532 368.7029 247.8227 1.8481 0.6962 0.6039 -5.9979 1.6817 16.5417 -6.2999 3.0563
Pedestrian -1 -1 -6.6661 983.0287 164.1294 1034.0809 270.4571 1.6476 0.5947 0.5222 6.2876 1.5121 11.5036 -6.1773 2.1949
Pedestrian -1 -1 -4.6628 958.3859 162.2499 997.0132 260.1709 1.6817 0.5872 0.7159 6.4972 1.4993 12.8472 -4.2045 1.6051
Pedestrian -1 -1 -4.9854 753.4660 160.6905 803.3922 242.6322 1.8649 0.8966 1.0085 3.8879 1.5878 16.9485 -4.7646 1.5684
Pedestrian -1 -1 -6.2420 786.5071 173.2375 803.7759 206.4846 1.6023 0.6861 0.7915 9.0003 1.6209 35.2244 -5.9943 0.9165
Pedestrian -1 -1 -8.1079 821.6130 167.9383 840.8862 210.9406 1.8212 0.6681 0.5536 9.4118 1.6127 30.8475 -7.8150 0.8691
Pedestrian -1 -1 -6.6960 879.7374 172.2083 909.3765 216.3313 1.5889 0.7458 0.7707 10.3475 1.5654 26.3730 -6.3264 0.1869
Pedestrian -1 -1 -3.2139 633.1133 168.2789 646.6611 193.1570 1.9183 0.4775 1.0160 2.2850 1.5652 55.8907 -3.1736 0.1747
Cyclist -1 -1 -2.7972 387.8245 173.6790 430.3036 213.1365 1.6580 0.6549 1.6163 -8.5906 1.6932 30.7202 -3.0680 0.0817
Cyclist -1 -1 -2.3355 508.5833 172.3246 532.2991 199.1057 1.8827 0.6998 1.6975 -6.4309 1.8451 51.5292 -2.4594 0.0217
Pedestrian -1 -1 -7.7137 0.0000 181.3432 40.1023 251.0993 1.5375 0.6530 0.7331 -13.5593 1.7371 16.5032 -8.3937 0.0194
Car -1 -1 -6.0732 412.3336 174.7377 481.4723 198.9090 1.5423 1.6591 4.1403 -10.6219 1.6670 47.0240 -6.2944 -0.0373
Pedestrian -1 -1 -5.5867 417.5725 166.1124 438.4164 199.7961 1.8591 0.5912 0.9774 -10.2030 1.4867 40.3026 -5.8334 -0.1126
Cyclist -1 -1 -7.8211 873.7606 166.7526 884.6338 209.9045 1.6700 0.3611 1.6422 10.6877 1.4336 28.7523 -7.4690 -0.3567
Car -1 -1 -7.2015 484.0607 172.2957 538.0161 196.6848 1.5308 1.5726 3.7124 -6.4734 1.4954 47.2896 -7.3372 -0.7357
Cyclist -1 -1 -7.8261 1071.4177 165.0492 1091.5457 221.3279 1.7199 0.5015 1.6227 14.8979 1.4811 22.8617 -7.2549 -0.9070
Pedestrian -1 -1 -6.8786 1128.5464 160.3000 1176.8096 254.8922 1.6317 0.4892 0.4860 9.4882 1.4148 12.6990 -6.2485 -0.9123
Pedestrian -1 -1 -7.4024 783.7292 170.1139 801.8961 204.5100 1.7256 0.6269 0.7630 9.2578 1.5878 36.6916 -7.1576 -1.1986
Pedestrian -1 -1 -3.1328 820.0508 172.0898 839.9199 225.2915 1.6242 0.4888 0.5824 6.7640 1.6006 22.3470 -2.8431 -1.4907
Pedestrian -1 -1 -7.5787 845.6384 167.2229 864.6548 210.3050 1.8102 0.6212 0.6317 10.4062 1.5733 30.7529 -7.2558 -1.6638
Pedestrian -1 -1 -7.2933 173.1175 179.8439 219.1270 244.3697 1.5738 0.7206 0.7299 -10.4000 1.7521 18.0611 -7.8097 -2.1261
