Pedestrian -1 -1 -4.9200 783.7325 161.5580 813.5018 226.8126 1.7875 0.6480 0.8077 5.2172 1.4777 20.1814 -4.6712 1.7012
Car -1 -1 -4.7488 714.5573 173.2155 752.9263 206.8161 1.4282 1.5573 3.7246 5.5067 1.4452 32.6576 -4.5837 1.5378
Pedestrian -1 -1 -5.8214 465.4007 170.3572 487.1250 206.5273 1.7831 0.6055 0.8888 -6.7073 1.6597 35.9839 -6.0048 1.4732
Pedestrian -1 -1 -5.0431 813.9465 164.4135 841.6974 226.9665 1.6809 0.5335 0.6725 5.9019 1.4538 19.7368 -4.7572 1.0401
Pedestrian -1 -1 -7.1632 181.8508 165.6418 215.4142 222.2923 1.8079 0.7274 0.6038 -13.3762 1.5774 23.3874 -7.6780 0.8610
Pedestrian -1 -1 -4.1515 443.0996 165.2987 460.9309 197.7487 1.9365 0.6179 0.9972 -9.5846 1.4853 43.6327 -4.3668 0.7154
Pedestrian -1 -1 -4.4583 744.2472 163.2386 757.8978 195.2907 1.8620 0.5534 1.0176 8.2753 1.3031 42.4941 -4.2677 0.5545
Pedestrian -1 -1 -4.4070 501.4249 166.8965 513.5549 194.7078 1.8971 0.5546 0.9971 -7.0968 1.4904 49.7551 -4.5482 0.2383
Pedestrian -1 -1 -4.6802 776.1822 162.3476 789.9534 203.5669 1.8347 0.5845 0.6900 7.7616 1.3667 32.5252 -4.4484 0.1148
Cyclist -1 -1 -6.9212 698.1749 166.0561 730.7183 199.0094 1.7545 0.6347 1.7039 5.6247 1.3923 39.1012 -6.7798 0.0634
Pedestrian -1 -1 -4.5558 512.1061 165.3946 524.6660 194.7321 1.8744 0.6590 0.9920 -5.9468 1.3975 46.6043 -4.6823 -0.0448
Pedestrian -1 -1 -6.3966 432.4631 171.2833 446.1025 196.2102 1.7048 0.6141 0.8516 -11.8111 1.5971 49.7798 -6.6287 -1.1418
Pedestrian -1 -1 -3.1067 563.6288 165.8081 573.2574 186.0988 1.8989 0.5104 0.8864 -3.9234 1.2392 67.7913 -3.1646 -1.4754
Car -1 -1 -7.9355 431.1413 170.7588 458.9750 193.9310 1.5953 1.6393 3.7868 -11.8850 1.4507 51.7256 -8.1605 -1.6900
Pedestrian -1 -1 -6.8183 476.4206 168.0158 490.5857 195.1095 1.8345 0.6368 0.7315 -8.6811 1.5066 49.3340 -6.9919 -1.9039
Car -1 -1 -3.9192 324.4159 166.3979 377.1738 189.2433 1.8027 1.6864 4.0477 -21.2123 1.2929 59.1234 -4.2625 -2.1693
Cyclist -1 -1 -8.3928 678.0011 163.2077 704.4432 199.0264 1.8496 0.5034 1.8612 4.2489 1.3512 38.2104 -8.2833 -2.1854
