Cyclist -1 -1 -7.7672 661.8510 167.1736 697.1614 257.8795 1.7757 0.5851 1.8790 1.4231 1.6642 15.1014 -7.6761 6.8706
Cyclist -1 -1 -6.2368 637.8373 163.4382 675.6451 204.7791 2.0350 0.7159 1.8514 2.2969 1.5712 35.9742 -6.1741 1.4027
Car -1 -1 -5.2620 1202.4066 173.7835 1241.0000 289.1241 1.4662 1.6647 4.2878 11.5739 1.4836 11.4847 -4.4859 1.2904
Car -1 -1 -8.8661 1041.4351 173.4615 1241.0000 258.0473 1.5081 1.6121 4.0416 11.3974 1.5223 15.0713 -8.2284 0.7886
Pedestrian -1 -1 -3.2494 1140.9038 172.4600 1179.4761 244.1520 1.5686 0.6609 0.6150 12.3098 1.5596 16.2275 -2.6097 0.5156
Pedestrian -1 -1 -5.4332 484.5899 178.3662 501.4604 211.0580 1.7110 0.6292 0.6251 -6.2562 2.0071 38.3541 -5.5943 0.0351
Pedestrian -1 -1 -8.2261 773.8588 174.3981 797.3713 213.2767 1.6892 0.6916 0.9998 7.7228 1.7584 31.9353 -7.9915 0.0231
Pedestrian -1 -1 -3.2509 728.9052 173.0525 749.7147 210.2825 1.6895 0.5569 0.8809 5.8773 1.6984 33.0537 -3.0770 -0.4976
Car -1 -1 -2.7635 589.6000 175.0725 649.5148 197.4121 1.5333 1.6433 3.9334 0.6496 1.6955 51.3314 -2.7514 -0.6159
Pedestrian -1 -1 -7.7028 719.6738 173.7726 736.8249 212.0941 1.6856 0.6378 0.8583 5.2496 1.7271 32.2686 -7.5436 -1.0629
Pedestrian -1 -1 -7.9096 475.9308 173.6891 489.8875 210.2634 1.7676 0.6337 0.7078 -6.2623 1.8087 35.3075 -8.0843 -1.0894
Cyclist -1 -1 -6.8884 309.2590 165.7051 406.5753 256.8993 1.7378 0.5211 1.9087 -5.1380 1.6013 14.6730 -7.2202 -1.0951
Car -1 -1 -7.4468 788.9843 189.3415 1031.7349 333.2604 1.3572 1.5210 3.5947 3.8180 1.6041 9.0186 -7.0591 -1.2482
Cyclist -1 -1 -8.3874 742.3919 173.7593 771.5201 210.9431 1.7381 0.5753 1.7129 7.0067 1.7824 34.6742 -8.1903 -1.6617
Pedestrian -1 -1 -8.3209 175.0009 165.1792 234.6418 260.3620 1.6406 0.7064 0.6706 -7.3037 1.5080 12.9172 -8.8270 -1.8255
Pedestrian -1 -1 -7.2639 709.8203 172.7144 730.3569 210.1944 1.7435 0.7091 0.6637 5.1538 1.7367 34.0494 -7.1156 -1.9244
Pedestrian -1 -1 -7.4775 679.5462 171.7114 694.8508 204.0967 1.8056 0.6569 0.6747 4.3167 1.7416 40.6801 -7.3730 -2.1970
