Cyclist -1 -1 -7.4590 730.3833 163.6876 800.2728 263.7505 1.7421 0.5986 1.9231 2.8878 1.5822 13.5246 -7.2541 6.0017
Pedestrian -1 -1 -8.8769 768.2496 169.2289 795.1359 216.2216 1.7163 0.6470 0.7461 6.3416 1.5836 26.8451 -8.6480 1.2080
Pedestrian -1 -1 -7.6095 451.9250 162.2551 472.2350 209.8111 1.8832 0.6145 0.8428 -5.9853 1.4632 29.0067 -7.8116 0.4941
Pedestrian -1 -1 -5.9328 459.9926 173.9314 474.9339 212.9073 1.7012 0.5220 0.4975 -6.3237 1.7489 31.8064 -6.1280 0.3929
Cyclist -1 -1 -7.3767 119.9169 155.6558 227.8268 319.4111 1.7292 0.3321 1.6783 -5.1109 1.5473 8.4660 -7.9065 0.3779
Pedestrian -1 -1 -7.2678 742.4262 163.7200 759.7140 201.4297 1.8340 0.6382 0.5490 6.9022 1.3895 35.5119 -7.0778 0.1648
Pedestrian -1 -1 -7.3567 554.3657 163.4608 569.5632 193.8410 1.8729 0.5725 0.9303 -3.0289 1.2935 45.0242 -7.4238 -0.1321
Cyclist -1 -1 -4.8762 625.0939 165.9283 641.2932 200.7157 1.8665 0.6008 1.7942 1.2268 1.4946 39.6426 -4.8459 -0.5012
Car -1 -1 -4.8461 1055.9366 178.4558 1159.0815 252.0226 1.4881 1.4892 3.2563 11.3057 1.6310 16.6575 -4.2586 -0.7898
Car -1 -1 -4.5610 606.7296 167.4087 642.0630 194.7470 1.7571 1.7455 4.3834 0.9881 1.4068 48.6826 -4.5412 -1.2119
Pedestrian -1 -1 -8.4697 813.4466 174.2153 842.5413 220.6207 1.6076 0.6715 0.7515 7.6487 1.6563 25.4873 -8.1819 -1.3371
Cyclist -1 -1 -3.5792 714.1229 164.2986 744.0722 195.8122 1.8949 0.7111 1.6546 7.2173 1.3802 43.9538 -3.4179 -1.4011
Pedestrian -1 -1 -7.3940 800.3945 172.9536 824.4562 217.3390 1.6239 0.5933 0.7512 7.4963 1.6274 26.8783 -7.1254 -1.4059
Pedestrian -1 -1 -7.7316 0.0000 143.6046 69.3077 268.6532 1.8026 0.7256 0.7654 -8.7351 1.3807 10.9161 -8.3947 -1.5476
Pedestrian -1 -1 -3.3825 751.7375 169.5713 769.3571 214.0957 1.7223 0.5973 0.5456 5.8395 1.5950 28.2195 -3.1811 -1.6530
Pedestrian -1 -1 -7.2891 790.7293 173.1400 812.2683 215.7142 1.6148 0.5163 0.6862 7.3324 1.6257 27.7952 -7.0344 -1.7493
Car -1 -1 -5.5824 1210.4852 184.3105 1241.0000 249.2946 1.4689 1.6280 3.9292 18.3998 1.8039 19.0728 -4.8232 -2.1048
Pedestrian -1 -1 -8.3883 779.4958 172.4818 800.9061 213.6348 1.7003 0.6269 0.6460 7.4981 1.6846 30.2110 -8.1478 -2.1389
Car -1 -1 -6.7899 632.2651 171.9625 696.0167 196.7674 1.4966 1.5996 3.6501 3.3457 1.4425 45.0259 -6.7166 -2.1390
Pedestrian -1 -1 -8.2686 1180.8254 172.3606 1241.0000 308.9320 1.6202 0.6168 0.5544 7.4914 1.6140 8.9085 -7.5863 -2.1741
Pedestrian -1 -1 -5.3484 572.3392 164.6794 582.8989 186.0336 1.8816 0.5256 0.8648 -2.9000 1.1610 64.0781 -5.3937 -2.1925
