Cyclist -1 -1 -7.8254 668.6829 163.9392 696.7977 247.3245 1.7748 0.5898 1.8252 1.6079 1.5847 16.2992 -7.7298 5.8098
Pedestrian -1 -1 -4.7569 78.1002 183.6910 185.5019 374.0000 1.5333 0.6332 0.8235 -3.6631 1.6224 5.4359 -5.3281 2.2836
Car -1 -1 -4.7981 802.6219 190.7285 953.9731 317.2007 1.2703 1.4881 3.7644 3.3843 1.5629 9.8179 -4.4764 1.2938
Pedestrian -1 -1 -4.3836 640.2993 165.7930 651.5560 191.2893 1.9021 0.5678 0.9636 2.6815 1.3750 54.3805 -4.3349 0.2153
Pedestrian -1 -1 -8.4061 516.2211 175.7543 531.6645 205.9885 1.7495 0.6506 0.6575 -5.0819 1.9210 42.2989 -8.5255 -0.0368
Cyclist -1 -1 -7.9909 729.0455 174.2694 742.6916 207.6821 1.6220 0.4335 1.7160 6.2253 1.6939 35.9637 -7.8214 -0.3225
Pedestrian -1 -1 -2.1289 269.8213 163.7407 306.3077 246.4851 1.7837 0.5352 0.5325 -7.1561 1.5870 15.9251 -2.5454 -0.5943
Pedestrian -1 -1 -7.5883 757.8426 175.1349 770.8849 205.7884 1.6881 0.5382 0.7393 8.5763 1.8165 40.2549 -7.3804 -0.6108
Car -1 -1 -7.0340 628.7942 169.6567 673.0631 189.3342 1.5889 1.6210 3.5173 3.3940 1.3304 60.0111 -6.9781 -0.8471
Car -1 -1 -8.0287 1160.8700 173.8560 1241.0000 266.1450 1.4348 1.5798 3.8056 11.4003 1.4558 13.3053 -7.3316 -0.9870
Car -1 -1 -7.0818 756.2192 183.0257 960.2347 274.5805 1.3676 1.4767 3.2976 4.2625 1.5635 12.5063 -6.7613 -1.2752
Pedestrian -1 -1 -3.5238 348.7995 156.7118 382.7822 218.3338 1.9066 0.5341 0.8826 -7.7679 1.4069 22.8144 -3.8488 -1.3806
Pedestrian -1 -1 -7.5607 200.2952 153.9676 233.3448 218.2259 1.8446 0.6961 0.6254 -11.5325 1.3022 21.0890 -8.0560 -1.7698
Car -1 -1 -5.2800 946.1416 175.1881 1069.4749 233.0968 1.4900 1.5559 3.1747 11.0342 1.5608 20.3400 -4.7895 -1.8506
Car -1 -1 -5.4099 706.7899 172.5439 764.3097 197.3932 1.5342 1.5819 3.7968 8.0228 1.5147 46.5850 -5.2408 -2.1458
