Cyclist -1 -1 -7.4890 720.9525 165.7325 788.3913 264.9017 1.7376 0.6309 1.8733 2.7033 1.6125 13.6045 -7.2980 6.6223
Pedestrian -1 -1 -6.0732 767.1135 170.2485 788.6121 217.0118 1.7349 0.6517 0.6708 6.2860 1.6379 27.2055 -5.8491 1.0285
Pedestrian -1 -1 -4.7158 625.9508 167.8430 637.9081 200.9107 1.8177 0.6571 0.9058 1.1792 1.5420 40.1240 -4.6871 0.5998
Pedestrian -1 -1 -7.7772 142.1958 153.5417 220.9853 310.1002 1.7760 0.7583 0.6516 -5.1638 1.5566 8.6433 -8.3028 0.0144
Cyclist -1 -1 -5.8643 734.7142 163.2746 773.1672 200.5549 1.8109 0.6424 1.7623 7.0986 1.3453 35.8182 -5.6707 0.0019
Pedestrian -1 -1 -8.0378 555.4084 166.2754 567.2914 195.7673 1.8301 0.5865 0.9108 -3.0912 1.4216 45.2893 -8.1059 -0.0358
Pedestrian -1 -1 -7.5066 789.0059 173.8646 807.3540 216.0670 1.6265 0.5135 0.6283 7.3196 1.6663 28.2321 -7.2561 -0.0683
Cyclist -1 -1 -6.3148 439.5319 169.1023 473.4299 205.4176 1.8676 0.6324 1.7093 -8.0454 1.6743 37.6178 -6.5245 -0.1144
Pedestrian -1 -1 -2.5115 464.2379 175.2197 474.9176 214.3454 1.7324 0.4560 0.2474 -6.3153 1.8386 32.2380 -2.7039 -0.1388
Car -1 -1 -3.8206 1007.4183 175.9900 1213.5070 246.5076 1.5404 1.6103 3.7922 11.5198 1.6174 16.8146 -3.2286 -0.2186
Pedestrian -1 -1 -7.5379 454.4744 164.5175 475.0395 211.2960 1.8779 0.5781 0.8800 -5.9640 1.5430 29.4371 -7.7365 -0.6027
Pedestrian -1 -1 -8.2330 756.4750 172.6644 775.9977 216.6552 1.7257 0.5890 0.5630 6.1522 1.7180 28.6328 -8.0241 -1.3832
Pedestrian -1 -1 -3.2399 756.4688 158.3103 765.6450 191.2160 1.8274 0.4947 0.4543 8.4062 1.0194 40.3405 -3.0362 -1.5981
Pedestrian -1 -1 -6.9747 797.2161 172.3191 824.7184 217.7476 1.6833 0.6369 0.7684 7.5234 1.6632 27.1840 -6.7081 -1.8891
Car -1 -1 -4.8696 621.6581 168.3273 657.4177 196.4072 1.7036 1.6498 4.0304 1.7967 1.4287 45.8749 -4.8311 -2.1293
