Pedestrian -1 -1 -8.1279 749.5586 183.6525 790.0147 257.3030 1.4622 0.5897 0.8966 3.2408 1.6923 14.9282 -7.9192 2.1193
Pedestrian -1 -1 -4.7133 545.8973 170.0485 562.3958 211.0121 1.6966 0.6819 0.9112 -2.3952 1.5801 30.3656 -4.7919 1.1305
Pedestrian -1 -1 -7.0323 702.5197 166.9363 734.5881 219.5181 1.7597 0.6507 0.8758 3.6630 1.5614 24.6635 -6.8872 0.9384
Pedestrian -1 -1 -2.9453 232.4803 150.7133 270.7448 211.2428 1.9399 0.5277 1.0332 -11.7167 1.2300 23.5135 -3.4033 0.9302
Pedestrian -1 -1 -4.8446 561.7701 168.1409 586.0494 221.0901 1.7613 0.7012 0.9641 -1.2815 1.6042 24.5391 -4.8969 0.7500
Pedestrian -1 -1 -4.9998 740.3086 174.0774 778.0166 247.4518 1.7213 0.6968 0.7599 3.5262 1.7511 17.3505 -4.8035 0.6505
Pedestrian -1 -1 -7.8735 459.2858 167.3841 473.6607 203.0632 1.8575 0.7294 0.5939 -7.5866 1.5725 37.9328 -8.0700 0.6278
Pedestrian -1 -1 -4.6345 814.1671 181.7051 839.2855 247.7580 1.5179 0.5312 0.5428 5.0639 1.7307 17.0221 -4.3510 0.3138
Pedestrian -1 -1 -6.7487 620.9351 172.3237 640.8295 208.3617 1.7686 0.6056 0.8010 0.9959 1.7422 35.8536 -6.7218 0.1357
Pedestrian -1 -1 -3.0846 638.2727 166.3920 648.6893 215.7258 1.7812 0.5221 0.3522 1.1774 1.5476 26.3287 -3.0410 -0.2613
Pedestrian -1 -1 -3.2434 248.0772 171.8671 273.9231 241.9351 1.5983 0.5069 0.4943 -8.1814 1.5755 16.8041 -3.6907 -0.4367
Cyclist -1 -1 -7.7859 667.0401 173.7075 681.6592 211.3344 1.7068 0.5781 1.5477 2.9600 1.7472 33.5752 -7.6993 -0.4961
Pedestrian -1 -1 -4.0034 469.9850 164.4427 488.2967 193.3735 1.8813 0.7156 0.9891 -8.6498 1.3341 47.5284 -4.1827 -0.7198
Cyclist -1 -1 -4.6783 834.0441 185.9861 857.4213 252.6791 1.3954 0.4617 1.3919 5.2230 1.7018 16.1181 -4.3711 -1.0056
Pedestrian -1 -1 -3.6683 737.4573 178.3593 775.3722 250.8825 1.5801 0.5618 0.6334 3.2197 1.7058 16.1454 -3.4759 -1.0578
Pedestrian -1 -1 -7.2792 467.1187 166.1972 478.9904 193.6509 1.9008 0.6243 0.5327 -9.5813 1.4396 50.3217 -7.4667 -1.1829
Cyclist -1 -1 -7.6708 445.0743 169.2249 467.5531 213.7137 1.7344 0.5743 1.7553 -6.2105 1.5926 29.0135 -7.8803 -1.1985
Pedestrian -1 -1 -3.0694 724.4910 164.9894 733.1979 209.9191 1.7997 0.4798 0.3154 4.7617 1.4844 29.1714 -2.9097 -1.4469
Pedestrian -1 -1 -5.8275 395.7216 170.4427 423.2904 233.2595 1.6827 0.6108 0.5073 -5.5124 1.6178 19.6750 -6.0978 -1.6526
Pedestrian -1 -1 -2.5368 517.5305 168.7480 527.1775 188.8307 1.8407 0.5079 0.7224 -8.1022 1.4641 66.5268 -2.6578 -1.7288
Pedestrian -1 -1 -2.8704 497.1548 167.3513 509.2077 192.0102 1.8894 0.5618 0.7979 -8.2596 1.4675 55.6143 -3.0174 -1.8982
Pedestrian -1 -1 -8.0199 699.7227 165.0677 714.0626 209.9659 1.8128 0.5201 0.3852 3.8931 1.4981 29.3342 -7.8898 -1.9273
Cyclist -1 -1 -7.8851 558.1729 171.8789 571.7598 215.2764 1.6562 0.4793 1.6106 -1.8223 1.6187 28.3605 -7.9493 -2.1854
