Pedestrian -1 -1 -4.8364 618.6438 167.6169 638.6844 214.1809 1.7485 0.6478 0.9765 0.6627 1.5515 27.6123 -4.8133 1.6192
Pedestrian -1 -1 -7.1041 837.2047 167.9107 878.2943 235.4312 1.8242 0.6633 0.8697 6.8124 1.6903 19.9925 -6.7809 1.5632
Pedestrian -1 -1 -8.0385 792.3889 183.3281 823.8375 247.8932 1.4646 0.5615 0.8373 4.5920 1.7167 16.9480 -7.7792 1.1571
Cyclist -1 -1 -4.5225 604.3237 170.6418 623.8504 205.9524 1.6163 0.5805 1.8738 0.1629 1.5147 34.0026 -4.5183 0.8538
Pedestrian -1 -1 -7.5747 755.3925 166.6760 777.6819 216.6365 1.8153 0.6621 0.6163 5.7362 1.5905 26.6436 -7.3655 0.7920
Pedestrian -1 -1 -5.0537 846.6154 180.5699 873.7596 239.1142 1.4986 0.4747 0.6569 6.4930 1.7038 18.8893 -4.7282 0.3844
Cyclist -1 -1 -4.6823 355.9833 170.7569 376.8894 231.8348 1.6014 0.4934 1.5419 -6.6975 1.5461 19.7271 -5.0060 0.2088
Pedestrian -1 -1 -3.8789 779.0986 171.5849 815.0854 238.3701 1.7510 0.6395 0.6816 4.9666 1.7174 19.3601 -3.6322 0.1052
Pedestrian -1 -1 -4.6960 678.7308 168.5331 690.4465 202.7247 1.7821 0.6029 0.9106 3.9025 1.5566 38.0942 -4.5951 0.0794
Pedestrian -1 -1 -6.0204 527.5610 163.4738 541.6308 188.3563 1.8608 0.6001 0.9300 -5.7043 1.1590 54.3275 -6.1248 -0.2743
Pedestrian -1 -1 -7.5153 518.2048 162.2945 536.6503 197.4983 1.9005 0.7327 0.9411 -4.5527 1.3301 39.4922 -7.6297 -0.2799
Cyclist -1 -1 -4.4913 715.0750 171.1123 732.5146 206.0941 1.6717 0.5433 1.4400 5.5257 1.5882 35.2510 -4.3376 -0.5763
Car -1 -1 -6.7225 1106.7865 153.8121 1241.0000 205.7681 1.5730 1.6387 3.6377 18.2407 0.9962 23.0475 -6.0593 -0.6471
Pedestrian -1 -1 -8.4762 783.7083 178.0359 816.7657 241.9480 1.5675 0.5312 0.6361 4.7304 1.7004 18.1526 -8.2261 -0.7602
Pedestrian -1 -1 -4.5247 536.6378 163.2349 546.9638 190.4009 1.9229 0.5716 0.9317 -4.9013 1.2417 51.5634 -4.6192 -0.9870
Pedestrian -1 -1 -4.0398 564.4692 166.1510 576.6069 189.5353 1.9161 0.5506 0.9178 -3.2865 1.3665 59.6551 -4.0949 -1.0180
Pedestrian -1 -1 -3.4979 773.2104 162.4564 782.6224 205.5302 1.8374 0.4567 0.2489 7.1748 1.3936 31.0217 -3.2731 -1.2502
Car -1 -1 -7.6543 292.8383 173.8804 353.5375 213.8174 1.4903 1.5548 3.6821 -11.4795 1.5340 28.9734 -8.0287 -1.4150
Pedestrian -1 -1 -4.6009 621.5811 183.7941 635.2106 219.1703 1.2303 0.4399 0.4034 0.6042 1.6195 25.4638 -4.5782 -1.4362
Pedestrian -1 -1 -8.2218 337.0946 155.6716 360.4908 206.6202 1.8596 0.6097 0.6915 -9.7478 1.2322 26.7972 -8.5678 -1.5031
Pedestrian -1 -1 -3.1489 693.3790 167.5581 701.0244 212.5196 1.7639 0.4797 0.2950 3.4057 1.5558 28.5609 -3.0321 -1.5634
Pedestrian -1 -1 -3.6454 747.6349 162.0244 760.0496 206.1222 1.8994 0.5107 0.3214 6.2091 1.4326 31.3701 -3.4523 -1.8264
Pedestrian -1 -1 -4.4343 1217.3660 175.6169 1241.0000 264.2492 1.7955 0.5301 0.6339 13.0535 1.8543 15.0377 -3.7298 -2.0388
Car -1 -1 -7.9127 586.5071 169.5699 610.4238 189.6739 1.5388 1.6478 4.2607 -0.9791 1.2871 57.4132 -7.9300 -2.0499
Pedestrian -1 -1 -7.6213 348.5395 166.0278 366.7719 210.8615 1.7116 0.5492 0.5629 -9.7828 1.4507 27.8543 -7.9564 -2.1625
Car -1 -1 -7.4936 586.5881 172.8931 625.1954 194.4998 1.5193 1.6091 3.7451 -0.2909 1.5220 52.7783 -7.4995 -2.1971
