Cyclist -1 -1 -7.6855 679.6399 168.1848 711.9378 232.2597 1.7793 0.6228 1.9717 2.4751 1.6493 21.0700 -7.5710 5.7450
Pedestrian -1 -1 -8.4311 1069.1575 158.8714 1141.2589 269.4308 1.7050 0.6301 0.7608 7.8255 1.4891 11.5102 -7.8464 3.1308
Pedestrian -1 -1 -5.2666 477.0292 172.2413 508.7691 234.9418 1.6955 0.5824 0.7058 -3.2924 1.6786 19.9684 -5.4285 2.1151
Pedestrian -1 -1 -5.6598 122.7803 156.6509 174.7655 242.3583 1.8325 0.6284 0.7265 -10.1178 1.4857 15.7624 -6.2230 1.3070
Pedestrian -1 -1 -5.6558 152.1767 159.9192 196.9509 239.8342 1.8116 0.6048 0.6563 -10.1141 1.5181 16.6875 -6.1939 1.1081
Pedestrian -1 -1 -8.3153 473.4113 164.4756 498.7799 212.1884 1.9091 0.6771 0.9292 -5.1038 1.5736 29.4460 -8.4859 0.4309
Pedestrian -1 -1 -8.0137 823.8430 172.2867 843.3601 210.4104 1.6158 0.6718 0.8487 9.5721 1.5915 31.0478 -7.7178 0.4235
Pedestrian -1 -1 -3.2624 798.6857 171.4821 813.4414 198.2585 1.7427 0.4929 0.8784 12.8069 1.6531 47.2652 -2.9998 0.2384
Pedestrian -1 -1 -7.5177 456.5392 165.6263 477.9142 208.5259 1.7931 0.7167 0.6390 -6.0798 1.4907 30.5257 -7.7131 0.1077
Car -1 -1 -2.5311 238.1793 181.6373 355.8722 222.3470 1.4453 1.5793 3.8821 -11.8501 1.7913 27.2860 -2.9376 -0.0893
Car -1 -1 -4.6898 725.7642 176.5037 768.1696 215.2282 1.4511 1.5935 3.9510 5.5954 1.6107 29.5296 -4.5049 -0.2324
Cyclist -1 -1 -6.8105 943.4674 180.3607 1056.1486 268.8170 1.4303 0.5196 1.6144 6.4193 1.5581 12.0157 -6.3307 -0.6300
Pedestrian -1 -1 -7.5996 1130.5417 157.1534 1176.0266 242.5473 1.7293 0.6208 0.6484 11.2834 1.4111 15.0573 -6.9663 -0.6802
Car -1 -1 -7.7667 745.6086 177.8541 801.0956 221.8512 1.4308 1.6510 3.4447 5.8450 1.6223 25.7863 -7.5469 -0.8876
Pedestrian -1 -1 -3.0309 462.0248 162.3082 475.9687 202.9231 1.8417 0.5372 0.5706 -6.4900 1.3632 33.0099 -3.2238 -0.9232
Car -1 -1 -4.9069 587.9211 174.7731 616.6329 195.1053 1.5409 1.5664 3.7608 -0.6715 1.6977 57.0631 -4.9190 -0.9938
Pedestrian -1 -1 -7.7971 119.8963 158.6275 149.9343 235.3996 1.8187 0.5768 0.5133 -11.5397 1.4814 17.4593 -8.3743 -1.3819
Pedestrian -1 -1 -7.1691 94.8637 152.6253 117.9136 190.4664 1.9027 0.6655 0.7031 -25.6191 0.8853 36.6556 -7.7758 -1.5729
Car -1 -1 -8.2933 861.7602 171.7601 954.4819 217.4196 1.5335 1.6484 3.7265 10.6382 1.4965 26.1414 -7.9112 -1.7928
Pedestrian -1 -1 -3.6224 944.0559 180.5595 990.3198 258.9435 1.4371 0.5287 0.5998 6.6494 1.5845 13.5574 -3.1758 -1.8221
Pedestrian -1 -1 -8.0070 550.9208 170.9571 569.0167 211.4964 1.7593 0.6857 0.7584 -2.2486 1.6766 31.7581 -8.0776 -1.9373
Car -1 -1 -7.7948 801.2164 170.1050 829.3646 195.7332 1.6587 1.6205 3.7051 13.8566 1.4805 48.7141 -7.5196 -1.9435
Pedestrian -1 -1 -4.3969 512.2211 169.6656 530.2012 206.4168 1.8253 0.6398 0.9406 -4.5091 1.6666 36.3587 -4.5199 -2.1920
