Cyclist -1 -1 -4.9213 629.3315 162.5236 653.2560 210.3252 1.8417 0.5867 1.7936 1.1877 1.4434 28.7324 -4.8810 2.1939
Pedestrian -1 -1 -6.8857 832.2170 164.8757 874.2145 228.2727 1.7685 0.5678 0.9851 6.8698 1.5457 20.5390 -6.5678 1.5721
Cyclist -1 -1 -7.3642 1188.4493 173.0163 1241.0000 299.6126 1.6341 0.3322 1.5147 8.4226 1.6361 9.7526 -6.6673 0.9965
Pedestrian -1 -1 -8.0157 799.2840 178.8535 827.8863 238.9424 1.4280 0.5353 0.8701 4.9336 1.5787 17.6998 -7.7489 0.9811
Pedestrian -1 -1 -8.1823 372.1582 170.4967 391.4706 214.4511 1.7195 0.5252 0.7285 -9.1154 1.6270 28.6764 -8.4878 0.2535
Cyclist -1 -1 -4.0194 856.7451 176.6327 908.6210 234.9563 1.4621 0.5133 1.3623 7.0298 1.5628 18.7242 -3.6660 0.0920
Pedestrian -1 -1 -4.7732 622.2194 165.6360 636.6847 201.0707 1.7032 0.6502 0.8697 0.9021 1.3560 35.1283 -4.7482 -0.3007
Pedestrian -1 -1 -7.0777 768.4360 164.2024 787.3271 212.4749 1.8075 0.5648 0.4201 6.3208 1.4833 27.3687 -6.8536 -0.3272
Cyclist -1 -1 -7.8447 386.5662 168.9942 399.2037 226.9704 1.6139 0.3348 1.5667 -6.3269 1.5062 20.8851 -8.1358 -0.3607
Pedestrian -1 -1 -4.7424 536.6234 161.9606 548.9417 196.1393 1.8668 0.6504 0.8945 -3.7576 1.2715 39.8929 -4.8361 -0.4535
Pedestrian -1 -1 -4.6674 829.6726 173.2216 846.4108 226.1006 1.5916 0.4619 0.7411 6.9549 1.6028 22.1496 -4.3676 -0.7658
Pedestrian -1 -1 -7.9776 793.2017 174.2281 819.8830 235.6699 1.5704 0.5871 0.6847 5.0735 1.6067 18.8373 -7.7192 -0.8383
Pedestrian -1 -1 -4.5024 789.9725 166.9724 821.3135 230.8505 1.7354 0.6997 0.7820 5.4069 1.5754 20.1096 -4.2441 -0.9043
Pedestrian -1 -1 -3.1335 705.3858 163.3307 720.2427 207.1902 1.7525 0.6284 0.5885 4.1152 1.3717 29.1848 -2.9953 -1.3198
Pedestrian -1 -1 -4.3499 552.9797 162.6962 565.1910 188.7652 1.8896 0.6061 0.9190 -3.7546 1.1530 52.8263 -4.4208 -1.3447
Pedestrian -1 -1 -4.5453 690.2314 162.0271 703.7548 197.2470 1.8714 0.5927 0.8419 4.6456 1.2958 38.8255 -4.4275 -1.4902
Pedestrian -1 -1 -6.0145 363.7073 166.9725 382.1373 214.3374 1.8093 0.6427 0.5250 -9.2067 1.5843 27.8958 -6.3309 -1.5706
Pedestrian -1 -1 -2.8638 543.9266 162.8956 557.0052 187.4488 1.8798 0.5375 0.8913 -4.6135 1.1171 55.5920 -2.9465 -1.6854
Pedestrian -1 -1 -8.1668 728.0880 169.2190 750.6520 220.4497 1.6674 0.5611 0.6420 4.2228 1.5488 23.8416 -7.9943 -2.0533
