Cyclist -1 -1 -7.2600 987.7320 163.5447 1098.6896 283.5222 1.7076 0.5270 1.8228 6.5039 1.5748 10.9044 -6.7348 2.8300
Cyclist -1 -1 -7.9893 789.3477 176.2069 814.8652 234.3742 1.5386 0.4461 1.7085 5.2757 1.6356 20.0608 -7.7365 1.7435
Pedestrian -1 -1 -6.1416 547.8345 163.4344 564.2036 195.8530 1.8389 0.7282 0.8413 -3.1244 1.3043 41.3199 -6.2170 1.3674
Pedestrian -1 -1 -7.3216 811.9768 166.8172 844.8802 223.9772 1.7256 0.6051 0.8971 6.7071 1.5431 22.3096 -7.0338 1.3161
Cyclist -1 -1 -7.7870 629.5331 168.2667 644.1295 201.1793 1.7131 0.6717 1.6362 1.3973 1.4740 38.4043 -7.7513 0.8968
Pedestrian -1 -1 -5.0726 636.4838 162.0915 657.8977 207.3734 1.9552 0.6118 1.0379 1.5874 1.4902 31.7423 -5.0237 0.8181
Pedestrian -1 -1 -7.3188 416.6187 164.6766 445.8256 221.2817 1.8070 0.6603 0.6940 -5.8560 1.5456 23.4609 -7.5612 0.5333
Pedestrian -1 -1 -5.9325 566.7955 163.9594 580.1810 188.0159 1.8628 0.5612 0.9052 -2.8742 1.1738 56.2749 -5.9836 -0.3678
Pedestrian -1 -1 -8.0887 783.3836 168.7726 810.6807 226.5490 1.7528 0.6270 0.8731 5.7314 1.6287 22.3303 -7.8413 -0.4390
Pedestrian -1 -1 -3.4749 784.3644 153.3703 795.2456 192.9965 1.8491 0.5172 0.3449 8.4150 0.9396 33.9421 -3.2341 -0.7537
Pedestrian -1 -1 -3.1754 710.5228 164.9111 720.7842 205.8486 1.7709 0.5791 0.4221 4.5707 1.4270 31.5227 -3.0332 -1.0255
Cyclist -1 -1 -4.0014 1024.2540 177.1243 1091.2253 241.0277 1.5514 0.5760 1.5301 11.1764 1.6613 18.0961 -3.4559 -1.1314
Pedestrian -1 -1 -4.4790 698.9909 161.1953 713.4086 195.4317 1.9253 0.6431 0.8196 5.4418 1.2694 41.0736 -4.3486 -1.2348
Pedestrian -1 -1 -7.2175 769.1857 161.0614 789.5380 205.9988 1.8157 0.6191 0.5284 6.8938 1.3390 29.5615 -6.9911 -1.5207
Car -1 -1 -4.8595 1217.5367 179.5646 1241.0000 302.2679 1.4884 1.7403 4.0305 10.7085 1.6117 11.1403 -4.1076 -1.5752
Pedestrian -1 -1 -4.7162 858.5310 176.2391 876.2919 229.0179 1.4978 0.4772 0.6881 7.4130 1.5976 20.9315 -4.3809 -1.9239
