Pedestrian -1 -1 -7.7514 607.3284 176.3028 626.1635 220.0741 1.6556 0.6421 0.8813 0.2204 1.7907 27.8396 -7.7442 2.6036
Pedestrian -1 -1 -7.8887 588.4965 172.6248 606.1757 221.6537 1.7441 0.6059 0.9273 -0.5106 1.7357 26.1471 -7.9088 2.2556
Pedestrian -1 -1 -5.0331 763.1269 170.8271 783.9257 211.5148 1.8569 0.6803 0.9230 7.5271 1.7641 33.4237 -4.8140 2.0498
Pedestrian -1 -1 -4.6113 926.9520 156.0062 1032.6693 357.6215 1.7772 0.8500 0.5309 3.4319 1.6284 6.8086 -4.1629 1.2949
Pedestrian -1 -1 -4.7215 746.0197 170.1899 759.7108 211.4501 1.8875 0.6117 0.9045 6.5883 1.7654 33.5085 -4.5296 1.1115
Pedestrian -1 -1 -4.5217 598.1436 174.3575 615.7549 213.7738 1.7791 0.6473 0.9217 -0.1772 1.8489 33.1188 -4.5277 1.0228
Pedestrian -1 -1 -6.8346 978.8593 164.2032 1036.4999 247.2067 1.7610 0.7456 0.8282 8.5896 1.5772 15.7052 -6.3427 0.9974
Pedestrian -1 -1 -5.1200 812.2350 181.8506 907.4686 332.6325 1.5172 0.7920 0.5493 2.5617 1.6157 7.6089 -4.8083 0.8602
Car -1 -1 -4.6787 0.0000 191.8414 29.9443 340.3739 1.4445 1.5688 3.7522 -8.7122 1.7441 9.4558 -5.4092 0.7352
Pedestrian -1 -1 -6.2981 661.7000 174.1063 673.6807 200.5229 1.8027 0.5764 0.8108 3.9297 1.8890 49.5808 -6.2200 0.6106
Pedestrian -1 -1 -7.3191 563.7142 175.3396 585.3245 222.2193 1.6489 0.4776 0.7128 -1.3145 1.7392 25.8511 -7.3701 0.4935
Pedestrian -1 -1 -7.9653 575.9980 177.6993 590.0005 208.6880 1.7134 0.7085 0.7077 -1.5530 1.9872 40.4227 -8.0040 -0.1624
Car -1 -1 -4.7445 734.3207 177.2015 761.8984 200.9173 1.4839 1.6560 4.4122 9.1684 1.7886 48.3002 -4.5585 -0.1695
Cyclist -1 -1 -5.3112 770.2113 172.7731 800.4963 209.9772 1.7852 0.6232 1.6473 8.5740 1.7810 35.5034 -5.0767 -0.3774
Pedestrian -1 -1 -5.6670 973.4543 180.1080 1004.4156 241.0439 1.3587 0.4623 0.4404 8.5916 1.5269 16.4622 -5.1939 -0.4895
Pedestrian -1 -1 -6.5916 752.1016 175.8996 768.7719 204.0742 1.6491 0.5865 0.8241 8.8511 1.8302 42.6396 -6.3888 -0.7167
Car -1 -1 -4.1428 637.7567 180.5036 681.4572 201.5542 1.5120 1.5081 3.8436 3.8046 2.1188 55.2691 -4.0749 -1.3138
Pedestrian -1 -1 -5.9209 294.4969 182.6476 341.0926 289.8296 1.5750 0.5833 0.4787 -4.4816 1.7274 10.9531 -6.3015 -2.0486
Car -1 -1 -4.8128 624.4387 180.3211 646.1487 197.8540 1.4635 1.5363 3.8342 2.1876 2.1444 63.8640 -4.7792 -2.0713
Car -1 -1 -8.4012 558.4636 172.2690 608.9393 200.3698 1.7419 1.5751 3.6781 -1.7739 1.7053 46.6938 -8.4394 -2.1082
