Pedestrian -1 -1 -4.8559 374.6229 174.1916 426.3483 282.9635 1.6971 0.6943 0.8816 -3.4952 1.7197 11.8159 -5.1383 3.5043
Pedestrian -1 -1 -5.0389 788.9498 161.8825 844.7582 263.5028 1.8428 0.7453 0.9196 3.8182 1.6435 13.5653 -4.7712 2.5059
Pedestrian -1 -1 -4.5509 311.5749 171.0479 387.2477 328.7457 1.6939 0.6735 0.9054 -3.0122 1.6742 8.2556 -4.8916 2.3225
Pedestrian -1 -1 -5.1944 414.5754 180.2148 464.7766 262.7886 1.5907 0.6811 0.8196 -3.4855 1.7440 14.5270 -5.4266 2.2510
Pedestrian -1 -1 -4.2864 58.0692 146.8685 221.5212 374.0000 1.7671 0.6610 0.8754 -3.3510 1.5991 5.1345 -4.8419 2.1259
Pedestrian -1 -1 -4.9006 756.9750 160.8273 804.9080 264.8022 1.8916 0.7117 0.9146 3.1516 1.6725 13.5960 -4.6786 1.7823
Pedestrian -1 -1 -7.6489 27.1248 171.8236 110.7365 321.2179 1.5963 0.6393 0.5932 -6.1169 1.5850 8.1119 -8.2795 1.7036
Pedestrian -1 -1 -5.5107 561.6145 175.6841 580.9048 215.0532 1.7495 0.6785 0.5530 -1.7897 1.8787 32.5647 -5.5658 1.4739
Pedestrian -1 -1 -6.4213 275.6771 169.3563 331.1211 315.3854 1.7069 0.5896 0.5504 -3.8123 1.6657 8.8278 -6.8189 0.7812
Pedestrian -1 -1 -5.4261 416.4632 175.6518 441.6725 224.1573 1.8219 0.5530 0.7907 -6.9681 1.9304 27.6073 -5.6716 0.6941
Pedestrian -1 -1 -7.6807 448.2695 177.6709 460.5016 207.5327 1.8631 0.6172 0.8595 -9.8652 2.1701 45.6003 -7.8930 0.0377
Car -1 -1 -7.0353 98.9923 161.4476 225.0631 212.7577 1.7315 1.6658 3.7976 -16.2968 1.3463 26.4009 -7.5840 -0.0857
Pedestrian -1 -1 -7.1938 147.9104 176.6414 251.9462 349.1848 1.6381 0.6680 0.6148 -4.1435 1.6776 7.2210 -7.6996 -0.4082
Pedestrian -1 -1 -8.3710 485.5934 177.8558 499.6331 206.1743 1.7941 0.5757 0.7888 -7.5793 2.1186 46.3717 -8.5325 -0.4503
Pedestrian -1 -1 -2.9863 435.6329 176.7989 461.1141 224.6959 1.7796 0.7087 0.8400 -6.1435 1.9304 27.2526 -3.2065 -0.4630
Cyclist -1 -1 -7.5726 13.4913 184.8909 70.9669 272.9754 1.6295 0.4256 1.7513 -11.4154 1.8857 14.4844 -8.2313 -0.5170
Pedestrian -1 -1 -7.7766 581.4730 175.5591 590.7714 202.0753 1.7965 0.5729 0.8607 -1.6646 1.9831 49.4166 -7.8105 -1.0002
Car -1 -1 -3.1653 178.8915 175.0000 274.1953 209.8677 1.5786 1.6835 3.9486 -18.3713 1.6862 34.5732 -3.6508 -1.2700
Cyclist -1 -1 -8.1003 768.1768 170.8263 803.9293 239.6519 1.7607 0.4915 1.8125 4.6532 1.7086 19.3685 -7.8688 -1.3384
Pedestrian -1 -1 -5.5243 388.7016 164.4933 412.5973 223.5116 1.9912 0.5389 0.5725 -7.2162 1.7089 24.7150 -5.8059 -1.4088
Pedestrian -1 -1 -3.0702 260.3155 175.3515 274.5133 210.9512 1.7052 0.7016 0.5738 -16.6796 1.8277 35.0528 -3.5117 -1.5497
Car -1 -1 -5.0026 504.7329 182.5048 539.2514 203.5336 1.4931 1.5682 3.9024 -6.8041 2.2601 55.2621 -5.1250 -1.6214
Pedestrian -1 -1 -5.8314 367.5370 169.8519 394.4951 248.1601 1.8865 0.5566 0.4300 -5.6605 1.8139 17.6890 -6.1374 -1.6260
Car -1 -1 -8.0884 475.0956 180.0447 511.0661 205.7988 1.6105 1.5824 3.5566 -7.8688 2.1095 48.1527 -8.2500 -1.6772
Cyclist -1 -1 -6.8156 21.4896 182.6697 131.2754 273.7468 1.6868 0.4783 1.7680 -10.6963 1.8956 14.4646 -7.4437 -1.7015
Pedestrian -1 -1 -8.1363 495.4434 177.5565 507.7845 205.6741 1.7964 0.5858 0.8174 -7.0595 2.1041 46.7582 -8.2858 -2.1655
Car -1 -1 -4.3657 507.0719 180.8180 541.0458 199.8941 1.4639 1.5680 3.7924 -7.0242 2.1380 59.0842 -4.4839 -2.1767
