Pedestrian -1 -1 -4.7776 473.1755 172.9152 503.1362 243.6961 1.6767 0.6663 0.8091 -3.0240 1.6779 17.5638 -4.9463 3.2143
Pedestrian -1 -1 -8.0546 499.2524 178.0350 530.0996 235.5781 1.5926 0.7141 0.8594 -2.7756 1.7439 20.5874 -8.1877 3.1684
Pedestrian -1 -1 -4.5648 437.5197 170.4681 479.8614 259.2097 1.7243 0.7182 0.8138 -3.0704 1.6776 14.4471 -4.7713 2.2633
Pedestrian -1 -1 -4.9606 703.1892 164.7501 733.9287 227.0708 1.9183 0.7350 0.9807 3.3628 1.6686 22.7356 -4.8164 2.1887
Pedestrian -1 -1 -8.3952 574.4720 173.0925 593.2614 206.2891 1.8279 0.6822 0.8994 -1.4997 1.8411 40.3003 -8.4327 1.6709
Pedestrian -1 -1 -4.8266 724.4141 167.3209 750.9250 226.9720 1.8463 0.7270 0.8545 3.9742 1.6748 22.7798 -4.6568 0.8017
Cyclist -1 -1 -8.2002 731.3665 177.6008 757.9304 221.7917 1.5811 0.4210 1.6746 4.9522 1.7631 26.8605 -8.0205 0.4681
Pedestrian -1 -1 -3.3515 432.5456 170.1029 461.3754 249.9680 1.7565 0.5208 0.5349 -3.7192 1.6957 16.2173 -3.5742 0.3649
Cyclist -1 -1 -4.6310 458.7779 171.0537 480.7689 233.5028 1.7817 0.5039 1.7377 -4.2094 1.7300 21.4768 -4.8229 0.0674
Pedestrian -1 -1 -5.5878 711.9567 161.7756 737.4230 205.7677 2.0236 0.5365 1.0841 5.3229 1.5137 33.7745 -5.4333 0.0637
Cyclist -1 -1 -7.8615 463.8940 175.1409 479.1078 217.6037 1.7405 0.6157 1.6525 -5.9122 1.8398 30.5397 -8.0516 -0.1410
Pedestrian -1 -1 -6.0928 472.5909 172.3257 479.7099 210.4664 1.8601 0.4511 0.2633 -6.6092 1.8340 35.4153 -6.2764 -0.6017
Car -1 -1 -4.3440 526.3482 181.7562 559.5466 201.2741 1.4947 1.5304 3.5333 -5.4658 2.2446 58.9033 -4.4366 -1.1214
Car -1 -1 -6.9981 744.5283 178.3711 861.8948 223.5431 1.4467 1.6233 3.8146 6.6741 1.6501 25.0639 -6.7414 -1.1596
Car -1 -1 -4.3772 538.6455 180.1972 576.7244 201.2047 1.4808 1.5938 4.1712 -3.9424 2.0591 54.6346 -4.4494 -1.4788
Pedestrian -1 -1 -6.4430 588.2283 176.5442 599.3607 199.3149 1.7836 0.6000 0.7932 -1.3094 2.0768 57.0044 -6.4664 -1.5029
Pedestrian -1 -1 -4.6867 673.0804 194.9285 689.0986 241.4176 1.1232 0.3868 0.4215 1.7129 1.6772 17.8850 -4.5938 -2.0616
