Pedestrian -1 -1 -4.4898 657.1160 172.6469 682.9644 220.1454 1.5586 0.6853 0.8999 1.9729 1.5515 24.2082 -4.4102 1.3123
Pedestrian -1 -1 -4.8845 1049.0323 189.3033 1097.5212 284.3590 1.4786 0.5459 0.6961 7.5044 1.7569 11.7957 -4.3301 0.9635
Pedestrian -1 -1 -7.6043 574.8972 167.2128 592.4545 201.0531 1.7037 0.6930 0.9133 -1.3794 1.4194 36.8455 -7.6419 0.9193
Pedestrian -1 -1 -1.9857 275.7086 146.5289 316.5148 224.4722 1.8874 0.5886 0.9863 -7.8951 1.2496 18.0232 -2.3934 0.8870
Pedestrian -1 -1 -7.2192 866.8516 173.3761 899.9929 234.6203 1.6228 0.6071 0.5925 7.3529 1.6369 19.5417 -6.8650 0.5592
Car -1 -1 -4.8148 745.1951 175.0212 789.7130 209.5052 1.4487 1.5580 3.8136 6.9975 1.5521 32.5396 -4.6053 0.0636
Pedestrian -1 -1 -7.6558 700.9634 173.1411 729.3209 232.3949 1.5899 0.6591 0.6379 2.8352 1.5976 19.7742 -7.5162 -0.0439
Pedestrian -1 -1 -4.9114 685.9722 167.0684 697.1094 195.1439 1.9137 0.5920 0.9080 5.5771 1.5191 49.6612 -4.8006 -0.0703
Pedestrian -1 -1 -4.7175 947.1396 175.4711 990.7828 277.2094 1.6779 0.6533 0.7254 6.0976 1.7242 12.3913 -4.2705 -0.0805
Pedestrian -1 -1 -6.4944 595.9399 166.9603 610.5486 194.0693 1.8610 0.5191 0.9212 -0.5003 1.4561 49.8877 -6.5048 -0.1728
Pedestrian -1 -1 -4.3086 579.8924 162.1806 597.2567 194.5404 1.8658 0.6961 0.9553 -1.2849 1.2501 42.1748 -4.3392 -0.3174
Pedestrian -1 -1 -3.0921 299.0004 172.7321 327.5625 252.4019 1.4891 0.4187 0.4828 -5.7084 1.4866 13.7640 -3.4790 -0.4276
Pedestrian -1 -1 -3.4204 634.9359 166.9143 646.9794 189.6461 1.9544 0.4879 0.9421 2.6514 1.4434 62.3822 -3.3784 -0.7077
Car -1 -1 -4.1498 187.2375 166.1753 316.3400 221.5500 1.4614 1.6197 3.6984 -10.3033 1.2848 20.9695 -4.6018 -0.8411
Pedestrian -1 -1 -8.4675 781.1762 171.6298 811.5425 228.2040 1.6545 0.6378 0.6143 5.5008 1.6184 21.5018 -8.2210 -0.9030
Pedestrian -1 -1 -5.3891 538.2684 159.4032 559.1786 200.7291 1.9951 0.5747 0.9143 -3.0457 1.3454 35.3627 -5.4748 -1.0833
Pedestrian -1 -1 -4.6863 835.1484 172.0309 850.0103 214.9643 1.7051 0.5578 0.5081 9.3006 1.6721 28.9867 -4.3793 -1.1922
Car -1 -1 -7.9716 555.3975 172.6502 587.7153 196.9387 1.4700 1.5952 3.8487 -2.5087 1.4574 45.7031 -8.0265 -1.2142
Cyclist -1 -1 -8.0622 973.2729 183.2403 1039.1543 311.2744 1.5967 0.4270 1.6953 5.4028 1.7531 10.0137 -7.5807 -1.3547
Pedestrian -1 -1 -2.7410 676.9474 168.9777 688.3534 190.1035 1.8742 0.4923 0.8924 6.4658 1.5300 64.4421 -2.6418 -1.3996
Pedestrian -1 -1 -3.9788 887.6628 160.6494 911.5074 221.9929 1.8341 0.5166 0.4295 8.7386 1.4689 21.9004 -3.6043 -1.5928
Pedestrian -1 -1 -8.0437 297.0421 163.3483 320.7751 220.0105 1.6740 0.5581 0.5941 -9.1131 1.3928 21.7178 -8.4369 -1.6205
Pedestrian -1 -1 -4.9523 1094.0623 215.6853 1133.9354 291.2053 1.0725 0.3700 0.5369 7.5642 1.7393 10.9211 -4.3600 -1.9693
Cyclist -1 -1 -7.5491 542.8678 169.2496 572.6538 218.0953 1.6706 0.5647 1.7226 -1.8827 1.5470 25.5812 -7.6224 -2.0502
