Pedestrian -1 -1 -8.1693 609.5332 175.2620 632.7016 216.5187 1.6050 0.6914 0.8387 0.3917 1.7019 28.6310 -8.1565 2.7127
Pedestrian -1 -1 -4.5018 593.2810 170.7038 613.8453 217.8627 1.7613 0.6220 0.8372 -0.2851 1.6807 27.4199 -4.5128 2.1263
Pedestrian -1 -1 -4.8634 745.1726 167.5966 761.4737 207.6828 1.9057 0.6497 0.8268 6.8527 1.6555 34.7294 -4.6707 1.9152
Pedestrian -1 -1 -5.0303 762.0381 168.0318 779.3460 207.2662 1.8593 0.5712 0.8507 7.6700 1.6305 34.6451 -4.8147 1.7281
Pedestrian -1 -1 -7.6815 605.4003 171.0954 619.6725 209.3290 1.7992 0.5411 0.8724 0.0837 1.7161 34.4307 -7.6797 1.3724
Pedestrian -1 -1 -4.8273 791.0604 181.2266 862.3514 310.5274 1.5313 0.7751 0.5848 2.6112 1.6388 8.9405 -4.5533 1.1143
Pedestrian -1 -1 -4.8133 892.2149 152.4209 979.8862 330.5973 1.8431 0.8082 0.5230 3.4598 1.6314 7.8329 -4.4124 0.7621
Pedestrian -1 -1 -5.4232 664.8338 172.6061 678.7133 198.4468 1.7938 0.5066 0.8967 4.2987 1.7763 50.6003 -5.3394 0.4514
Pedestrian -1 -1 -6.2179 572.4749 170.7299 587.1617 218.1561 1.7503 0.5434 0.5141 -1.1685 1.6716 26.9059 -6.2616 0.1009
Car -1 -1 -4.4102 643.9642 179.4960 676.2422 198.6843 1.5125 1.5771 4.0322 4.2141 2.0894 60.5371 -4.3415 -0.5634
Pedestrian -1 -1 -4.9163 877.3820 168.4860 906.9098 234.7992 1.7248 0.5877 0.7399 7.4406 1.6108 19.1787 -4.5521 -0.5834
Cyclist -1 -1 -4.8600 579.9533 174.4301 594.7104 205.3635 1.7509 0.6213 1.6084 -1.3566 1.8437 41.7748 -4.8927 -0.8316
Cyclist -1 -1 -7.9535 777.5265 174.5883 788.2860 207.3585 1.6146 0.3629 1.6226 8.6926 1.7040 36.4664 -7.7218 -0.8388
Pedestrian -1 -1 -8.1212 1059.6141 150.9400 1132.8900 292.8697 1.8379 0.7090 0.4753 6.4480 1.5538 9.6766 -7.5481 -0.8431
Car -1 -1 -4.7116 649.0253 178.8767 669.5167 198.8305 1.4782 1.5498 3.8682 3.8364 1.9671 56.6291 -4.6448 -0.8937
Pedestrian -1 -1 -5.1460 957.0031 173.5869 989.6934 238.3227 1.5284 0.4308 0.7342 8.7099 1.5461 17.4153 -4.6896 -1.1052
Car -1 -1 -8.3234 683.5510 174.9934 723.0073 195.6227 1.6126 1.6012 3.8923 7.5509 1.7933 58.9413 -8.1970 -1.3015
Car -1 -1 -4.6056 32.0231 192.8673 185.1041 314.1219 1.3731 1.4310 3.4412 -7.2531 1.7194 10.6400 -5.1926 -1.4561
Car -1 -1 -7.8386 652.9335 174.9249 676.2701 198.4606 1.6350 1.6307 3.9863 3.9727 1.7914 52.5453 -7.7640 -1.4815
Cyclist -1 -1 -4.4220 485.2591 176.1378 527.5333 253.4056 1.5694 0.4968 1.4797 -2.2564 1.6431 15.4890 -4.5651 -1.5702
Car -1 -1 -2.7519 0.0000 180.4279 150.9710 374.0000 1.4842 1.6015 3.7262 -5.8335 1.5562 5.4157 -3.5499 -1.6396
Pedestrian -1 -1 -7.3705 337.1676 183.1015 381.2744 277.9040 1.5392 0.5100 0.5283 -4.2462 1.7147 12.0789 -7.7024 -2.0305
