Pedestrian -1 -1 -4.6842 491.2155 172.3152 518.3522 239.3426 1.7256 0.6866 0.8056 -2.8153 1.7115 19.0164 -4.8300 3.1479
Pedestrian -1 -1 -4.9404 726.3475 167.1874 755.8968 223.8289 1.8534 0.7784 0.9212 4.3213 1.6676 24.0900 -4.7657 2.7571
Pedestrian -1 -1 -7.9728 515.3090 177.8512 541.8333 232.3781 1.5813 0.6945 0.7858 -2.4778 1.7329 21.4715 -8.0870 2.7053
Pedestrian -1 -1 -4.5099 466.3095 170.9260 501.8289 251.3314 1.7238 0.6249 0.7878 -2.8131 1.6822 15.8717 -4.6833 2.6085
Pedestrian -1 -1 -4.9612 707.8245 165.0096 734.7473 223.9837 1.9271 0.6698 0.9538 3.6591 1.6704 24.0854 -4.8130 1.2863
Pedestrian -1 -1 -2.2925 586.1223 173.8989 604.8336 205.8050 1.8078 0.6303 0.9103 -0.8730 1.8683 41.4656 -2.3139 1.2266
Pedestrian -1 -1 -6.4935 450.5140 171.5448 483.0468 244.8910 1.7279 0.6786 0.6430 -3.5168 1.6968 17.4370 -6.6903 0.8579
Pedestrian -1 -1 -5.9866 1176.9008 162.7126 1241.0000 298.5463 1.6005 0.7247 0.4938 7.3820 1.4807 8.9102 -5.3114 0.6630
Pedestrian -1 -1 -5.0306 720.9774 162.8307 740.7565 206.4578 2.0699 0.6461 1.0354 5.7813 1.5940 34.7945 -4.8678 0.3962
Car -1 -1 -6.7434 750.4965 175.9915 863.9612 220.4086 1.5121 1.6163 3.5797 6.9916 1.6293 25.8730 -6.4830 -0.4038
Cyclist -1 -1 -4.6928 742.4933 173.2722 757.0385 218.3816 1.6916 0.5286 1.5201 5.3606 1.7080 27.8711 -4.5054 -0.8480
Cyclist -1 -1 -2.4562 552.3446 176.2412 577.7880 202.3537 1.7747 0.6852 1.7127 -3.1504 2.0129 50.0189 -2.5192 -0.8486
Pedestrian -1 -1 -6.5416 599.7636 177.6776 611.3089 200.1677 1.8028 0.5365 0.8236 -0.3888 2.1952 58.3640 -6.5487 -0.8888
Pedestrian -1 -1 -5.3538 963.9778 167.2262 1042.1858 284.5615 1.6424 0.6055 0.8608 5.6838 1.5633 10.5728 -4.8729 -1.0019
Pedestrian -1 -1 -6.9969 1196.5966 153.5609 1241.0000 307.7138 1.7251 0.5334 0.4542 7.1739 1.5089 8.3462 -6.3048 -1.0399
Pedestrian -1 -1 -4.0815 494.8361 175.5616 524.1962 230.5576 1.6916 0.6613 0.6447 -3.2039 1.7781 22.6775 -4.2209 -1.1878
Cyclist -1 -1 -6.8876 570.3611 176.0380 595.4438 202.1983 1.7780 0.6592 1.6557 -1.9048 2.0016 49.9840 -6.9260 -1.3364
Pedestrian -1 -1 -5.6178 476.8273 175.6020 499.3397 215.7031 1.7447 0.7317 0.6753 -5.4373 1.8679 31.9420 -5.7855 -1.3383
Car -1 -1 -4.2058 543.4142 182.9138 580.1992 201.6361 1.5370 1.5991 3.7771 -4.2288 2.4503 63.4843 -4.2725 -1.6073
Car -1 -1 -4.6168 431.8509 174.3938 458.4070 195.3385 1.5230 1.6056 3.8309 -12.5055 1.6439 54.7644 -4.8405 -1.8138
Car -1 -1 -8.0255 652.7797 173.1591 686.9973 201.7467 1.7695 1.6115 3.5195 3.7882 1.7896 46.5262 -7.9453 -2.1470
Car -1 -1 -4.9456 673.7875 178.6596 713.5268 205.3858 1.4435 1.5230 3.3631 4.7309 1.7912 41.4958 -4.8334 -2.1700
