Pedestrian -1 -1 -4.6982 621.3371 174.1321 633.3234 213.1656 1.6511 0.5049 0.8136 0.7037 1.7064 30.9632 -4.6763 1.5029
Pedestrian -1 -1 -4.5345 818.4473 163.0914 880.2681 284.1392 1.7729 0.8210 0.5088 3.5898 1.6296 10.9840 -4.2276 1.3929
Pedestrian -1 -1 -4.9906 740.6281 168.0250 757.9034 204.9886 1.9456 0.6641 0.9589 7.3843 1.6911 38.4861 -4.8030 1.3712
Pedestrian -1 -1 -4.6377 751.5710 177.3485 792.2102 268.6914 1.5923 0.6805 0.5034 2.8551 1.6748 12.9485 -4.4266 1.3047
Pedestrian -1 -1 -6.5294 922.1877 164.0078 963.8022 229.4683 1.7545 0.6482 0.8987 9.0473 1.5171 19.7372 -6.1058 0.8921
Pedestrian -1 -1 -4.1327 602.8288 171.2964 624.7541 213.1106 1.7826 0.5914 0.8332 0.1241 1.7159 31.2706 -4.1294 0.7769
Pedestrian -1 -1 -3.3380 672.5728 172.9350 686.1935 197.3342 1.8039 0.5093 0.9257 5.1273 1.8096 53.6464 -3.2437 0.7564
Cyclist -1 -1 -7.9204 776.4520 176.1923 786.5770 206.9806 1.6400 0.4221 1.6799 9.3413 1.8263 39.4833 -7.6903 0.6023
Pedestrian -1 -1 -7.5802 580.5616 169.9346 599.8678 214.2783 1.8144 0.6698 0.5744 -0.8607 1.6947 29.8829 -7.6094 0.3431
Pedestrian -1 -1 -3.3029 608.6097 169.6806 630.4605 209.9269 1.8963 0.5130 0.9686 0.4096 1.7464 34.3224 -3.2917 0.0551
Cyclist -1 -1 -5.6303 1133.1675 175.5632 1241.0000 284.0015 1.4339 0.4760 1.5055 8.3667 1.4755 10.3685 -4.9657 -0.0615
Car -1 -1 -7.9178 822.9943 178.2586 880.2826 226.2868 1.4318 1.5491 3.2325 7.8071 1.6219 23.6631 -7.6034 -0.3342
Car -1 -1 -3.5213 0.0000 191.6468 247.7113 285.9123 1.3824 1.4638 3.5858 -8.8473 1.7757 13.2232 -4.1020 -0.4701
Car -1 -1 -4.4006 177.7682 180.2334 324.9071 270.3396 1.4404 1.4940 3.3180 -6.6187 1.5967 13.5645 -4.8473 -0.5235
Car -1 -1 -8.1739 694.5125 174.4259 726.1254 194.1391 1.6256 1.5873 3.7087 8.5286 1.7642 61.7819 -8.0377 -0.7778
Pedestrian -1 -1 -6.9909 570.1303 169.1012 595.0579 215.0190 1.8156 0.6052 0.8011 -1.1460 1.6669 29.0234 -7.0306 -0.8443
Car -1 -1 -7.2651 590.7199 173.7232 637.2640 198.5083 1.6812 1.5855 3.5521 0.2842 1.7446 50.9914 -7.2600 -0.8909
Pedestrian -1 -1 -6.4049 749.6556 176.4430 763.9998 202.6945 1.6886 0.5041 0.8550 9.4820 1.9224 46.7751 -6.2066 -0.9582
Cyclist -1 -1 -7.2315 586.6318 174.0671 615.5602 211.1001 1.7574 0.4671 1.7703 -0.4627 1.8177 35.1566 -7.2451 -0.9998
Pedestrian -1 -1 -4.9945 758.3328 170.9882 774.4554 205.7154 1.8241 0.6339 0.8110 8.2646 1.7258 38.3278 -4.7842 -1.2497
Car -1 -1 -4.8122 650.9528 177.6315 675.4183 197.0587 1.5233 1.6193 3.9505 4.3311 1.9306 59.5561 -4.7404 -1.6831
Car -1 -1 -7.2763 642.0624 170.9490 680.6044 190.5532 1.7163 1.6110 3.8961 4.6454 1.5493 65.2094 -7.2059 -1.7584
Car -1 -1 -7.1491 703.1525 177.5303 770.1421 206.1740 1.5132 1.6316 3.8143 7.1109 1.7878 40.5683 -6.9773 -1.7722
Pedestrian -1 -1 -2.7898 571.7248 175.7489 604.6356 245.4433 1.6314 0.5495 0.6388 -0.5705 1.7019 17.2806 -2.8233 -1.8773
Cyclist -1 -1 -4.9550 1097.1071 171.9899 1161.0747 267.9565 1.5029 0.4926 1.5365 8.6183 1.4891 12.1053 -4.3483 -1.9025
Pedestrian -1 -1 -5.3461 914.8179 170.7665 944.9409 227.2525 1.5824 0.4749 0.6772 9.0753 1.5236 20.5956 -4.9369 -1.9333
Pedestrian -1 -1 -8.3891 946.1076 158.0183 998.9503 261.2893 1.7835 0.6813 0.4822 6.3338 1.5270 12.7297 -7.9373 -2.0096
