Cyclist -1 -1 -4.5452 902.9872 180.4738 941.7401 254.8474 1.4245 0.5176 1.3632 6.3138 1.5868 14.6802 -4.1471 4.3981
Cyclist -1 -1 -4.5341 935.8651 170.2679 977.0942 247.1545 1.6350 0.5326 1.8630 7.7717 1.5797 16.2572 -4.0958 4.1273
Pedestrian -1 -1 -5.1391 744.4127 154.5174 801.0363 273.2009 1.9459 0.6332 0.8711 2.7106 1.6450 12.3237 -4.9287 2.2819
Pedestrian -1 -1 -5.2196 796.5237 153.8169 860.1421 273.1728 1.9321 0.6491 0.9390 3.6231 1.6236 12.2105 -4.9388 2.2278
Pedestrian -1 -1 -7.6245 272.1983 169.1545 364.1596 355.3702 1.6642 0.6785 0.6151 -2.7866 1.6309 6.8024 -8.0009 1.4816
Cyclist -1 -1 -4.6696 877.2516 172.6933 893.4349 217.3142 1.6406 0.5135 1.6445 10.4127 1.6344 27.3863 -4.3104 1.4314
Pedestrian -1 -1 -6.0154 257.5505 166.4978 307.2115 280.7706 1.6769 0.5993 0.5436 -5.0048 1.5833 10.9259 -6.4364 1.2285
Pedestrian -1 -1 -7.8205 668.5901 174.4297 686.0027 216.2924 1.8492 0.7505 0.9695 2.9885 1.9209 32.4400 -7.7302 1.0294
Pedestrian -1 -1 -4.7937 798.3275 166.6127 813.1549 208.8776 1.8903 0.5798 0.8308 8.8324 1.6108 32.7306 -4.5329 0.9948
Pedestrian -1 -1 -4.1695 923.3140 177.0493 958.9322 236.3543 1.4502 0.4793 0.7873 8.2673 1.5577 18.1248 -3.7483 0.7631
Pedestrian -1 -1 -7.8116 785.3642 178.1469 798.7323 214.5271 1.5409 0.5329 0.6805 7.8006 1.7715 31.0793 -7.5685 0.1788
Pedestrian -1 -1 -5.0567 990.1429 183.8260 1033.5293 271.8423 1.3326 0.4382 0.5174 6.2203 1.5082 11.2839 -4.5646 -0.5703
Pedestrian -1 -1 -8.7459 776.1616 168.6536 797.4089 209.1674 1.8121 0.4982 0.8005 7.9776 1.6239 32.7421 -8.5095 -0.6112
Pedestrian -1 -1 -3.6608 731.4866 174.1280 745.6000 218.1350 1.7673 0.4716 0.3787 5.1703 1.8192 29.2789 -3.4884 -0.6523
Pedestrian -1 -1 -7.4906 701.1443 179.0501 715.7515 210.9504 1.7414 0.6381 0.5791 5.4145 2.0877 39.9526 -7.3575 -1.0746
Pedestrian -1 -1 -5.5412 160.4191 149.8481 184.8371 209.1075 1.8370 0.5368 0.3976 -13.7865 1.1236 22.6703 -6.0825 -1.1331
Pedestrian -1 -1 -6.3063 571.8975 180.0854 582.4290 202.6546 1.7920 0.5289 0.8296 -2.6576 2.3736 57.7692 -6.3526 -1.1604
Cyclist -1 -1 -3.7233 671.6151 173.5336 705.7555 208.2809 1.9260 0.6453 1.8705 4.4085 1.9647 40.7367 -3.6169 -1.3920
Cyclist -1 -1 -6.8523 692.9163 176.9037 738.4326 222.6973 1.6919 0.6018 1.6457 3.9669 1.8487 27.3813 -6.7106 -1.4737
Pedestrian -1 -1 -8.1194 319.2511 166.7167 361.1805 270.1274 1.7105 0.5627 0.4841 -4.6528 1.6086 12.2951 -8.4747 -1.5563
Pedestrian -1 -1 -6.7186 1135.2047 164.0163 1171.5754 217.4312 1.7625 0.7789 0.7112 18.2123 1.4706 24.2611 -6.0808 -1.9579
Pedestrian -1 -1 -5.4896 1100.0747 187.7022 1157.1692 294.2996 1.2838 0.3795 0.4381 6.4106 1.4740 9.0077 -4.8871 -1.9837
Pedestrian -1 -1 -8.1020 690.1741 173.2301 706.5043 214.5892 1.8587 0.5961 0.6393 3.9690 1.8757 32.7883 -7.9832 -2.0172
Pedestrian -1 -1 -8.2018 776.1075 177.2843 798.8937 221.5600 1.5473 0.5384 0.8207 6.2801 1.7078 25.7414 -7.9658 -2.1883
