Cyclist -1 -1 -4.6603 926.7388 176.8433 962.1316 264.1542 1.4765 0.5185 1.6724 6.0529 1.5536 13.1428 -4.2380 6.1207
Cyclist -1 -1 -4.6570 962.0206 170.4007 996.1767 253.8627 1.5999 0.5429 1.7856 7.5031 1.5526 14.7418 -4.1949 5.5977
Pedestrian -1 -1 -5.1574 761.1799 153.0258 826.7366 285.3520 1.9122 0.6263 0.9048 2.7151 1.6254 10.9342 -4.9215 2.4483
Pedestrian -1 -1 -5.3656 822.4856 148.8356 896.7773 282.9892 1.9291 0.6655 0.8673 3.6982 1.5834 10.8944 -5.0476 2.4295
Pedestrian -1 -1 -7.8011 255.4653 169.4575 348.9295 374.0000 1.6333 0.6665 0.7630 -2.5816 1.6070 5.9860 -8.1935 1.4341
Cyclist -1 -1 -4.6672 942.5665 172.4430 968.5698 242.1899 1.5536 0.4954 1.4808 8.0245 1.5442 16.8430 -4.2300 0.6308
Pedestrian -1 -1 -5.0729 796.9455 169.5682 816.9495 210.0288 1.7595 0.5852 0.8526 8.6402 1.6163 31.8308 -4.8107 0.4095
Cyclist -1 -1 -4.5274 822.6241 176.6459 841.8373 213.2939 1.5570 0.5520 1.4540 9.6928 1.7268 31.5872 -4.2328 0.4016
Car -1 -1 -7.0871 1009.6412 173.7974 1173.9834 227.6192 1.4137 1.5910 3.8887 13.4025 1.4414 20.2037 -6.5085 0.3690
Pedestrian -1 -1 -5.5910 210.7482 159.9979 276.9803 296.7669 1.7847 0.5338 0.5934 -4.9911 1.6166 9.7426 -6.0540 0.2823
Pedestrian -1 -1 -7.8492 771.3622 170.9335 784.0750 203.2815 1.7565 0.6736 0.6559 9.1611 1.6519 39.5763 -7.6238 0.1083
Pedestrian -1 -1 -6.9987 731.6987 174.1474 750.7545 217.6546 1.6682 0.4479 0.5758 5.0516 1.7188 28.0268 -6.8229 -0.0295
Pedestrian -1 -1 -6.7669 724.5460 166.1737 753.6076 214.0106 1.9274 0.6305 0.9903 5.2342 1.6579 29.5226 -6.5938 -0.4181
Pedestrian -1 -1 -7.8177 1117.9084 159.2456 1148.9515 213.8040 1.7412 0.8036 0.4809 16.9720 1.3066 23.4631 -7.1977 -0.5187
Pedestrian -1 -1 -7.9659 667.8658 173.7962 685.5925 217.1242 1.8472 0.6475 1.0677 2.8475 1.8885 31.3252 -7.8767 -0.5906
Cyclist -1 -1 -6.8651 864.9592 162.2847 919.7509 214.0867 1.8484 0.7053 1.7630 10.2315 1.4710 26.2789 -6.4981 -0.7418
Pedestrian -1 -1 -3.4964 1208.6587 151.4637 1241.0000 267.5682 1.7591 0.5168 0.5613 9.7529 1.4347 11.2701 -2.7963 -0.8908
Pedestrian -1 -1 -4.8953 1046.7705 182.6719 1089.6952 281.5177 1.3203 0.4095 0.5052 6.2906 1.4604 10.0080 -4.3480 -1.1038
Pedestrian -1 -1 -3.6101 699.6526 176.9323 716.7513 209.7900 1.7449 0.5883 0.7229 5.2422 1.9663 38.8135 -3.4774 -1.3027
Pedestrian -1 -1 -5.2488 1172.6256 177.6142 1241.0000 309.1151 1.3654 0.4165 0.4670 6.3785 1.4180 7.7693 -4.5803 -1.5548
Car -1 -1 -6.8836 761.2200 160.6497 831.9147 190.5499 1.7720 1.7249 3.9074 11.3973 1.0484 44.2406 -6.6333 -1.8136
Car -1 -1 -8.2075 1201.6145 162.1359 1241.0000 374.0000 1.4477 1.4764 3.0198 6.7815 1.3743 6.5961 -7.4307 -1.8775
Pedestrian -1 -1 -5.6007 566.7494 176.9672 579.0902 200.5630 1.8331 0.6166 0.7466 -2.9404 2.1586 56.6863 -5.6528 -1.9973
Car -1 -1 -7.4214 1018.6091 178.0095 1193.8202 253.9078 1.3901 1.5996 3.8214 10.3819 1.5098 15.1186 -6.8293 -2.0053
Car -1 -1 -4.3382 328.3598 175.1676 400.0008 213.3436 1.6150 1.7126 4.0593 -11.1335 1.7267 32.8450 -4.6630 -2.1591
