Cyclist -1 -1 -4.5322 398.0443 158.7004 461.9151 293.5075 1.8213 0.5942 1.8283 -2.6788 1.6298 10.6790 -4.7731 6.6240
Cyclist -1 -1 -4.4296 244.4278 165.2541 367.0504 357.9643 1.6703 0.5744 2.0204 -3.0431 1.6042 7.2880 -4.8134 5.8696
Pedestrian -1 -1 -8.0734 514.4258 172.9552 537.9659 228.0943 1.6866 0.5545 0.8669 -2.6754 1.6896 22.5733 -8.1907 1.9831
Pedestrian -1 -1 -8.0927 531.9496 174.4102 555.4579 228.2681 1.6617 0.5708 0.7691 -2.1425 1.7114 22.7444 -8.1862 1.7319
Pedestrian -1 -1 -4.9385 637.6575 169.1706 655.8538 209.4264 1.9179 0.6772 0.9680 1.7323 1.7421 34.9119 -4.8899 1.4830
Pedestrian -1 -1 -3.7972 822.3450 168.6862 860.2133 237.3180 1.7018 0.8046 0.5353 5.8272 1.5982 18.3617 -3.4953 1.4821
Pedestrian -1 -1 -4.6075 624.0376 168.3968 639.1080 209.0681 1.9437 0.6453 0.8581 1.0082 1.7304 34.9514 -4.5795 1.4748
Car -1 -1 -4.7021 636.7676 177.9799 659.8136 200.5359 1.5437 1.6055 3.8970 2.7602 1.9290 52.2818 -4.6502 1.4681
Pedestrian -1 -1 -7.0173 718.7725 172.6694 735.7396 199.7294 1.7756 0.5830 0.9707 7.7439 1.7632 47.8536 -6.8583 1.1370
Pedestrian -1 -1 -8.7456 699.9519 173.0870 714.0487 197.8785 1.7887 0.5144 0.8924 7.0357 1.8056 52.5696 -8.6137 0.2081
Pedestrian -1 -1 -7.7079 633.5866 175.7251 642.2371 200.9145 1.8002 0.5125 0.8151 1.9878 2.0090 52.1144 -7.6704 -0.0837
Cyclist -1 -1 -7.4521 467.9905 172.9503 492.3065 214.2119 1.7026 0.3974 1.6646 -5.5435 1.7065 30.6333 -7.6301 -0.3225
Pedestrian -1 -1 -6.1385 400.2995 176.9609 409.6478 202.8710 1.8403 0.6902 0.5513 -14.7316 2.1366 51.7453 -6.4149 -1.5492
Car -1 -1 -6.9889 871.6662 179.3339 1069.0765 257.4485 1.4482 1.6019 3.4074 7.2838 1.5915 14.7839 -6.5397 -1.6159
Pedestrian -1 -1 -6.6137 863.6343 174.2560 896.9407 249.4209 1.6025 0.4999 0.5401 5.8029 1.6331 15.6472 -6.2655 -1.6196
Pedestrian -1 -1 -4.8804 698.9313 199.8258 719.7255 255.1892 1.0848 0.3523 0.3888 1.9449 1.6353 14.5348 -4.7511 -2.1351
Car -1 -1 -4.9788 642.1048 174.3270 672.7101 195.1073 1.6519 1.5906 3.7291 3.8566 1.7774 59.6267 -4.9149 -2.1937
