Cyclist -1 -1 -4.4104 187.1210 143.3495 356.5088 374.0000 1.7663 0.5674 1.8882 -2.4669 1.5857 5.3805 -4.8231 4.8745
Pedestrian -1 -1 -7.7989 502.8088 173.1100 524.3823 235.5127 1.6584 0.5375 0.8382 -2.6648 1.6652 19.6178 -7.9329 1.7802
Pedestrian -1 -1 -3.8574 878.6075 168.2420 926.4636 252.8755 1.6812 0.7789 0.5232 5.9332 1.5893 14.7880 -3.4835 1.7628
Pedestrian -1 -1 -4.9024 654.8256 169.7253 673.9855 215.1399 1.9106 0.6563 0.8969 2.2765 1.7786 30.8384 -4.8301 1.5384
Pedestrian -1 -1 -4.6234 635.3423 171.1818 652.2829 215.9512 1.8886 0.6471 0.9444 1.4120 1.8177 30.9484 -4.5789 1.4200
Pedestrian -1 -1 -8.1278 516.6573 176.0346 544.4444 237.3254 1.6379 0.5678 0.7752 -2.2348 1.7269 19.7965 -8.2395 1.0562
Pedestrian -1 -1 -8.5654 734.2186 171.8402 750.4398 201.4401 1.8243 0.5648 0.8669 8.2133 1.7615 44.9873 -8.3865 0.9419
Pedestrian -1 -1 -5.8750 453.2617 169.2657 481.3774 217.8957 1.7964 0.6594 0.8424 -5.3931 1.6636 27.0652 -6.0703 0.8516
Pedestrian -1 -1 -5.3113 712.3557 173.4242 726.0267 200.0556 1.7913 0.5526 0.8183 7.3870 1.8301 49.0415 -5.1631 0.0870
Pedestrian -1 -1 -5.3253 699.5158 175.3260 717.6063 205.1841 1.7130 0.5904 0.9741 5.7050 1.8588 42.0588 -5.1920 -0.0969
Pedestrian -1 -1 -8.1434 519.4018 175.5858 536.8315 208.5879 1.8026 0.8460 0.5121 -4.5643 1.9548 39.8787 -8.2571 -0.1059
Pedestrian -1 -1 -2.7558 645.1368 173.3216 658.5786 197.1925 1.7987 0.6368 0.8430 3.1547 1.8343 54.8566 -2.6991 -0.2019
Pedestrian -1 -1 -7.1339 942.8536 174.5280 984.8983 271.1100 1.5781 0.4538 0.4429 5.8744 1.6066 12.0965 -6.6922 -0.2911
Car -1 -1 -4.7805 629.9794 177.6243 658.2119 202.5830 1.5916 1.6241 4.0832 2.2369 1.9280 48.8597 -4.7355 -0.4861
Car -1 -1 -4.6323 349.4140 181.6490 381.3033 208.2655 1.5262 1.5781 3.6405 -15.1220 2.0937 44.6250 -4.9575 -0.7022
Car -1 -1 -4.5469 662.8636 181.2904 698.7570 206.0257 1.3639 1.5646 3.6058 4.2277 1.8897 43.0550 -4.4502 -0.9682
Car -1 -1 -4.1502 752.2386 179.4534 808.6937 204.0894 1.4378 1.5702 3.9624 10.6544 1.8679 45.1060 -3.9202 -1.0649
Car -1 -1 -7.8398 1144.2515 172.8848 1221.2026 227.3643 1.4665 1.6657 4.0643 17.0271 1.4672 21.5316 -7.1777 -1.2772
Car -1 -1 -7.5049 0.0000 194.6090 70.3013 374.0000 1.4393 1.5010 3.4698 -3.0399 1.5667 2.3558 -8.3622 -1.5452
Pedestrian -1 -1 -5.6292 686.9808 173.1213 701.0470 200.9988 1.8079 0.7529 0.5769 5.4716 1.8252 47.2720 -5.5152 -1.5542
Car -1 -1 -5.5647 1158.1420 142.8633 1241.0000 206.5573 1.8425 1.6974 3.9016 19.8634 0.9746 22.9249 -4.8572 -1.7514
