Cyclist -1 -1 -4.6895 989.3874 168.2355 1024.6353 261.6097 1.6004 0.5348 1.8557 7.2745 1.5209 13.3063 -4.1992 5.7682
Cyclist -1 -1 -4.7731 957.4637 177.4146 1000.1774 273.1065 1.4247 0.5055 1.3344 5.8140 1.5017 11.5232 -4.3168 4.9378
Pedestrian -1 -1 -5.2398 783.4440 149.8697 861.0023 298.2354 1.8729 0.6307 0.8714 2.7519 1.5824 9.6100 -4.9702 2.8497
Pedestrian -1 -1 -5.3652 853.4457 145.2994 938.0579 295.6016 1.8853 0.6649 0.8360 3.7067 1.5394 9.5469 -5.0062 2.7157
Car -1 -1 -6.9873 1032.7491 175.6911 1229.4207 230.7788 1.3664 1.5625 4.1956 13.5663 1.4445 18.9659 -6.3741 2.4230
Cyclist -1 -1 -4.4406 939.1090 173.2086 990.7094 249.9020 1.5237 0.5177 1.8410 7.4452 1.5313 15.2058 -3.9935 1.5901
Pedestrian -1 -1 -7.8481 185.0201 160.9825 294.5874 374.0000 1.5889 0.6378 0.7497 -2.6340 1.5133 5.0553 -8.3083 0.8690
Pedestrian -1 -1 -6.3809 783.6104 174.2238 809.7863 222.4042 1.5436 0.6587 0.7617 6.0313 1.5887 23.5210 -6.1335 0.5063
Pedestrian -1 -1 -3.5191 738.6820 166.9662 750.1074 216.8765 1.8470 0.4654 0.2651 4.9734 1.6288 26.9554 -3.3392 0.2980
Pedestrian -1 -1 -8.1600 795.0457 166.5193 815.5615 210.1012 1.8535 0.6865 0.6466 8.3501 1.5838 31.0249 -7.9000 0.0327
Pedestrian -1 -1 -5.8392 564.2187 175.2444 575.7252 199.5320 1.8530 0.5706 0.7080 -3.1076 2.0380 55.5265 -5.8953 -0.3163
Car -1 -1 -7.9852 1139.2656 163.0618 1221.8694 214.3641 1.5170 1.6055 3.5208 18.2357 1.2271 23.2608 -7.3267 -0.3758
Pedestrian -1 -1 -6.0139 141.0433 157.1812 227.8489 313.1995 1.7556 0.5803 0.7496 -5.0442 1.5790 8.4942 -6.5366 -0.4319
Cyclist -1 -1 -8.1143 888.2300 168.4281 918.5251 218.9558 1.7060 0.5372 1.7564 10.2074 1.5563 25.2660 -7.7349 -0.5181
Car -1 -1 -7.9719 766.9697 149.6742 803.5071 180.5078 1.7762 1.6752 3.9770 10.5103 0.4406 43.6380 -7.7372 -0.8122
Pedestrian -1 -1 -3.6259 701.7137 180.1382 715.4621 210.8230 1.5783 0.5025 0.5369 5.0964 1.9608 37.5960 -3.4928 -0.8476
Pedestrian -1 -1 -5.3643 1073.2460 183.0899 1136.9299 293.2050 1.3029 0.4280 0.4958 6.0048 1.4319 8.8490 -4.7841 -0.8953
Pedestrian -1 -1 -4.3046 768.6599 175.5845 786.2449 213.8326 1.6613 0.5606 0.6103 7.3408 1.7830 31.8108 -4.0805 -0.9417
Car -1 -1 -6.0756 1143.4117 159.5804 1241.0000 303.3795 1.4971 1.6377 4.0673 9.8101 1.3586 9.6593 -5.2979 -0.9778
Pedestrian -1 -1 -3.9615 1144.5508 164.7199 1181.4310 219.3255 1.6581 0.6465 0.6321 17.0225 1.4108 22.2830 -3.3159 -1.1543
Pedestrian -1 -1 -7.3533 89.3703 160.5988 227.1227 374.0000 1.6216 0.5680 0.6205 -3.1271 1.5427 4.9490 -7.8937 -1.3670
Pedestrian -1 -1 -7.7341 667.0646 173.6743 686.1024 216.4458 1.7525 0.6885 0.9217 2.7395 1.7870 30.1066 -7.6449 -1.5664
Pedestrian -1 -1 -7.8164 782.6384 173.9281 795.9462 209.5171 1.7107 0.6077 0.6123 8.6789 1.7632 35.0832 -7.5763 -1.6778
Pedestrian -1 -1 -3.7109 828.8052 174.2101 852.2958 214.9861 1.6875 0.5205 0.7799 9.6152 1.7446 30.2365 -3.4064 -2.1108
