Car -1 -1 -7.0395 777.3805 172.9868 849.3595 200.8868 1.4881 1.6112 3.7785 11.2710 1.4955 40.0925 -6.7678 2.4132
Pedestrian -1 -1 -5.0462 651.2640 162.7079 676.7124 216.6831 1.9072 0.6267 0.9801 1.8960 1.5484 26.0501 -4.9751 2.3536
Pedestrian -1 -1 -5.1394 676.1057 165.0724 704.3004 217.5118 1.8409 0.6858 0.9128 2.8230 1.5674 25.8710 -5.0326 1.8056
Pedestrian -1 -1 -7.9091 498.1739 169.1064 525.7294 242.5423 1.6169 0.5730 0.7970 -2.2780 1.5341 16.3323 -8.0463 1.4320
Pedestrian -1 -1 -4.0795 997.5043 155.9351 1077.2311 280.2529 1.7122 0.8637 0.4958 6.1074 1.4788 10.4328 -3.5628 1.2517
Pedestrian -1 -1 -7.9450 476.5179 166.5957 505.4575 242.4776 1.6546 0.5638 0.8675 -2.7352 1.5178 16.2238 -8.1101 0.5514
Pedestrian -1 -1 -7.8848 753.2541 166.2667 765.9310 199.3932 1.8883 0.6861 0.8882 8.5888 1.5125 41.6253 -7.6831 0.5066
Pedestrian -1 -1 -6.0418 435.9721 162.0662 462.6339 220.0442 1.8044 0.6444 0.6880 -5.1172 1.4684 22.7859 -6.2607 -0.1247
Pedestrian -1 -1 -8.3235 717.8578 170.8670 737.1721 202.9938 1.6552 0.6857 0.8452 6.0938 1.5525 37.6809 -8.1649 -0.3636
Cyclist -1 -1 -7.8812 746.2836 172.4603 752.1757 197.2972 1.6603 0.3465 1.5573 9.4256 1.6337 49.0309 -7.6928 -0.7893
Pedestrian -1 -1 -5.5934 727.9429 168.3544 744.7270 198.7656 1.8585 0.5788 0.8470 7.7736 1.5833 44.6056 -5.4224 -0.8434
Cyclist -1 -1 -7.2475 230.6841 166.3653 301.7756 247.0810 1.7086 0.6059 1.6362 -7.7002 1.5709 16.1304 -7.6869 -0.9277
Pedestrian -1 -1 -8.3354 516.2636 170.8153 535.3370 207.8959 1.8071 0.7923 0.5017 -4.1938 1.7074 35.5932 -8.4523 -1.2184
Car -1 -1 -7.9615 284.6646 167.5867 327.6359 200.0680 1.5613 1.6233 3.7439 -15.5378 1.3078 36.7144 -8.3595 -1.2748
Car -1 -1 -3.4701 693.4598 176.5074 761.7590 201.0712 1.5345 1.6436 4.0349 7.5345 1.7758 46.5676 -3.3111 -1.2799
Pedestrian -1 -1 -8.0483 758.5130 173.5462 770.9490 201.5259 1.7153 0.6165 0.7520 9.5333 1.7582 44.6335 -7.8397 -1.3325
Cyclist -1 -1 -7.8956 796.4365 170.8537 810.1780 221.6346 1.5825 0.3560 1.4976 6.1751 1.5199 23.2554 -7.6398 -1.4449
Car -1 -1 -7.7746 503.8167 170.8916 541.0817 205.0544 1.6859 1.6173 3.9966 -4.5535 1.5887 37.6360 -7.8946 -1.5977
Car -1 -1 -7.3823 263.3296 170.3892 329.1214 201.1711 1.5914 1.6493 3.9922 -17.0609 1.4637 39.3479 -7.7892 -1.9667
