Pedestrian -1 -1 -2.8365 313.1423 172.6569 324.4679 199.5646 1.9018 0.7365 0.5508 -20.3807 1.3475 50.3602 -3.2171 -0.4050
Car -1 -1 -7.7803 557.8350 168.8352 578.7103 185.5625 1.5394 1.6824 4.0032 -3.4334 0.4658 67.0919 -7.8294 -0.7905
Pedestrian -1 -1 -4.0828 205.0722 196.5773 222.0093 228.6466 1.1829 0.4041 0.3891 -14.7109 1.7912 26.5196 -4.5826 -1.0743
Pedestrian -1 -1 -5.1186 818.0004 159.3703 837.0740 195.2559 1.6788 0.5782 0.8341 10.5242 0.6905 33.5214 -4.8153 -1.1084
Cyclist -1 -1 -4.9812 1140.4744 128.9245 1208.2881 231.7179 1.6590 0.4951 1.5570 9.7567 0.8270 12.2248 -4.3184 -1.2745
Cyclist -1 -1 -7.1166 424.5911 172.1983 445.9196 195.5496 1.7394 0.4693 1.8182 -12.8471 1.1210 53.5763 -7.3489 -1.4333
Cyclist -1 -1 -6.8930 237.7547 179.4312 285.5525 223.5798 1.7795 0.6763 1.7079 -14.2879 1.7366 29.4084 -7.3394 -1.5554
Car -1 -1 -7.4976 796.5365 168.8509 837.8185 190.2346 1.4862 1.6147 3.8671 15.3880 0.6766 51.1698 -7.2055 -1.6864
Pedestrian -1 -1 -3.6306 723.9201 165.9536 754.6357 227.7575 1.7253 0.5296 0.6887 3.7742 1.3195 20.0935 -3.4461 -1.7887
Car -1 -1 -8.1036 327.6176 175.8433 375.0479 206.0800 1.6578 1.6678 3.9332 -14.7109 1.4026 40.8621 -8.4450 -1.9723
Cyclist -1 -1 -7.9393 232.3834 181.7754 250.3654 223.7602 1.6921 0.5280 1.7169 -15.1626 1.7469 29.4167 -8.4093 -1.9754
Pedestrian -1 -1 -3.7455 0.0000 205.2346 19.4920 261.8878 1.3446 0.4360 0.4163 -14.7241 1.9581 17.2665 -4.4410 -1.9916
Cyclist -1 -1 -2.5711 263.8949 176.5669 306.1541 215.6019 1.8460 0.7128 1.7398 -15.3647 1.6602 33.9204 -2.9913 -2.0898
Pedestrian -1 -1 -5.1749 800.0914 173.1377 869.5753 333.9694 1.5428 0.4671 0.5344 2.2364 1.4726 7.0846 -4.8799 -2.1301
Car -1 -1 -4.5886 273.9612 180.6963 321.3185 213.2840 1.5468 1.6590 4.3708 -15.5534 1.5575 35.9170 -4.9924 -2.1314
