Car -1 -1 -7.4870 184.9824 184.4577 448.4617 339.9159 1.4426 1.5674 3.8410 -3.2050 1.5020 8.5984 -7.8301 2.3831
Pedestrian -1 -1 -5.9689 109.1262 183.5989 155.5194 256.7995 1.6213 0.6080 0.7222 -10.7815 1.6938 16.0808 -6.5488 1.1291
Car -1 -1 -4.6451 462.8687 167.5801 490.7647 192.5900 1.6660 1.6489 3.7236 -8.8534 0.8054 49.0402 -4.8208 0.6952
Cyclist -1 -1 -7.7213 912.1671 148.3171 937.3965 204.0852 1.7896 0.5383 1.8349 10.6560 0.7571 23.6109 -7.3006 0.5938
Pedestrian -1 -1 -2.5713 38.3665 175.2181 114.0245 266.7939 1.8107 0.5317 1.1155 -10.7100 1.7066 14.2797 -3.2026 0.3628
Cyclist -1 -1 -6.9705 920.0224 143.9091 970.1896 192.6183 1.8614 0.5751 1.8071 13.2044 0.4633 27.5155 -6.5257 0.2229
Pedestrian -1 -1 -5.6506 600.0118 156.4007 660.0220 244.6559 1.8571 0.7480 1.0823 0.5024 1.3504 15.5067 -5.6171 0.1163
Pedestrian -1 -1 -2.2542 146.4299 181.5156 191.1605 249.0990 1.6518 0.5251 0.8680 -10.9498 1.6781 17.6863 -2.7989 0.0357
Car -1 -1 -3.7324 1095.6117 147.8231 1223.0000 194.3304 1.5293 1.5866 3.8654 19.2710 0.4551 24.1899 -3.0643 -0.0814
Pedestrian -1 -1 -5.7768 121.4615 182.4707 170.3809 251.8402 1.6384 0.4920 0.8548 -11.0620 1.6868 16.9859 -6.3439 -0.2505
Pedestrian -1 -1 -2.6347 209.4679 169.3311 259.7800 251.7426 1.8139 0.6763 0.7706 -8.3684 1.5684 15.9133 -3.1090 -0.2936
Pedestrian -1 -1 -7.5285 305.6659 159.0764 355.1923 254.6849 1.8605 0.7324 0.7072 -5.5190 1.4439 14.1257 -7.8916 -0.4066
Pedestrian -1 -1 -5.9013 390.2581 156.7959 440.1625 259.3834 1.8424 0.7427 0.6630 -3.5546 1.4170 13.1076 -6.1582 -0.5622
Pedestrian -1 -1 -4.5388 362.1988 168.8972 392.2558 235.2848 1.8070 0.6538 0.8770 -6.3825 1.4915 19.7227 -4.8454 -0.6227
Pedestrian -1 -1 -5.1401 326.0059 171.6989 340.7729 198.9084 1.8103 0.6254 0.8684 -18.2772 1.2248 47.5689 -5.5030 -1.4697
Pedestrian -1 -1 -6.1914 865.9054 160.4375 897.4004 240.4320 1.6682 0.4346 0.5909 5.8527 1.2501 15.0697 -5.8263 -1.7255
Cyclist -1 -1 -7.5069 30.6622 187.5499 74.3218 250.3890 1.6685 0.4006 1.6971 -15.5140 1.8753 19.8380 -8.1613 -1.8567
Pedestrian -1 -1 -7.6611 179.8130 163.1346 196.6088 200.2900 2.0696 0.6457 0.9426 -23.5473 1.1025 39.9354 -8.1886 -1.9144
Car -1 -1 -8.3556 1004.8540 154.7471 1114.4413 201.3292 1.4426 1.5922 3.4619 15.0500 0.6453 23.6720 -7.7936 -1.9891
Cyclist -1 -1 -7.3639 0.0000 189.3591 53.6902 256.3762 1.6504 0.4406 1.6470 -15.1804 1.8930 18.4870 -8.0414 -2.0216
Pedestrian -1 -1 -3.9848 98.5196 196.7448 121.3458 237.8783 1.2687 0.4286 0.4023 -15.5855 1.7845 22.2117 -4.5883 -2.1456
Cyclist -1 -1 -6.8273 966.2117 151.0067 1024.7039 205.4707 1.7195 0.6248 1.5419 12.4723 0.7886 22.6698 -6.3285 -2.1612
