Car -1 -1 -4.6027 445.9342 171.5025 481.3828 199.1623 1.6401 1.7246 4.0059 -8.7501 1.1067 43.9931 -4.7959 1.1782
Pedestrian -1 -1 -5.3226 171.1206 168.6315 243.5578 278.8914 1.7672 0.5929 1.0028 -6.6951 1.5774 11.8202 -5.8248 1.1052
Car -1 -1 -3.5966 956.3791 159.1793 1089.0992 198.0315 1.5256 1.6554 4.3628 16.8647 0.6886 28.7471 -3.0691 0.9682
Cyclist -1 -1 -6.6846 846.4210 157.5959 971.0229 264.6297 1.6925 0.6310 1.7568 4.8650 1.3307 11.5044 -6.2926 0.8434
Car -1 -1 -7.0973 0.0000 203.1093 304.8174 369.0000 1.4667 1.6059 3.8633 -3.2002 1.6389 3.4013 -7.8054 0.8392
Pedestrian -1 -1 -6.2885 1017.8947 136.8025 1120.5931 295.0552 1.8473 0.6470 1.0349 5.6949 1.3376 8.8009 -5.7287 0.6873
Pedestrian -1 -1 -6.0092 610.0510 150.3263 706.5630 308.4161 1.8602 0.6016 1.0749 0.6159 1.5056 8.7838 -5.9399 -0.1325
Pedestrian -1 -1 -6.4451 632.3264 150.2749 747.9634 324.5395 1.8366 0.7461 1.1627 0.8637 1.5185 7.8562 -6.3382 -0.4936
Cyclist -1 -1 -5.1822 855.4593 156.5157 880.7435 191.9709 1.7570 0.5417 1.5785 13.3102 0.5686 35.8543 -4.8278 -0.7891
Pedestrian -1 -1 -4.1703 39.2185 206.2337 62.7797 246.8687 1.1336 0.3950 0.3698 -15.8567 1.8764 20.1926 -4.8268 -0.9455
Pedestrian -1 -1 -4.9437 0.0000 184.2914 13.4956 234.0172 1.8112 0.5683 0.5637 -22.4031 1.9541 26.2101 -5.6434 -0.9641
Pedestrian -1 -1 -7.0232 355.1776 174.7857 368.3203 197.1615 1.8203 0.5554 0.8742 -19.9540 1.3554 58.0374 -7.3511 -1.2101
Cyclist -1 -1 -8.0206 993.9893 150.5677 1023.1099 219.6389 1.7243 0.3742 1.6775 10.5025 0.9774 18.5033 -7.5099 -1.2745
Pedestrian -1 -1 -7.7544 788.9504 161.1667 803.6385 194.3926 1.7554 0.6968 0.6560 10.2090 0.7341 37.7847 -7.4909 -1.4738
Pedestrian -1 -1 -3.8788 0.0000 208.9646 23.1663 255.9747 1.1956 0.3976 0.3832 -15.5914 1.9480 18.4639 -4.5700 -1.6411
Cyclist -1 -1 -7.3976 0.0000 186.7622 53.0298 253.9018 1.7313 0.5157 1.7786 -15.9048 1.9110 19.3291 -8.0765 -1.8013
Pedestrian -1 -1 -6.0942 724.9248 162.9452 734.5543 186.4890 1.8510 0.6543 0.6396 9.8903 0.4708 56.0071 -5.9186 -1.9563
Car -1 -1 -4.4501 82.0829 182.8230 129.5983 206.8004 1.5493 1.6263 4.1142 -34.0433 1.7153 48.3242 -5.0591 -1.9927
Pedestrian -1 -1 -4.1305 276.4999 175.5850 316.9981 258.0522 1.6485 0.5181 0.5931 -6.3479 1.5506 14.4714 -4.5341 -2.0203
Car -1 -1 -4.2587 571.9949 174.1840 609.1760 192.8881 1.4975 1.5671 3.8156 -1.1478 0.9918 58.6686 -4.2764 -2.0724
Car -1 -1 -4.4705 652.4086 171.5679 698.3177 199.9495 1.4215 1.5586 3.7770 3.7605 0.9743 37.4541 -4.3695 -2.1823
