Cyclist -1 -1 -6.5787 560.0591 153.7188 681.1467 272.2652 1.7919 0.5538 1.8367 0.1958 1.3875 11.2047 -6.5599 2.0122
Pedestrian -1 -1 -6.0293 478.4903 142.5564 591.2059 313.4966 1.8715 0.6379 1.1699 -0.8446 1.4565 8.1473 -6.1268 1.2113
Car -1 -1 -4.6537 446.6196 170.3848 479.6009 195.9021 1.5161 1.7716 4.0978 -8.8189 0.9152 44.1586 -4.8477 1.2053
Pedestrian -1 -1 -6.4813 861.4067 146.1193 914.8022 286.1675 1.8047 0.6899 0.5306 3.7352 1.3621 9.4958 -6.1159 1.0601
Car -1 -1 -7.1518 0.0000 202.0407 295.8213 369.0000 1.4386 1.5369 3.6002 -3.1854 1.6022 3.5449 -7.8389 0.8778
Cyclist -1 -1 -5.2124 827.4896 151.3138 852.4285 184.4956 1.7806 0.5132 1.7657 12.8832 0.2145 38.8552 -4.8928 0.3364
Car -1 -1 -3.9381 1139.0404 147.7976 1223.0000 186.7089 1.5273 1.6265 4.3791 24.4149 0.2439 28.7721 -3.2382 0.3100
Pedestrian -1 -1 -4.7927 0.7890 179.2369 21.1565 226.6562 1.8559 0.5638 0.7944 -23.6828 1.8067 28.1538 -5.4849 0.2307
Pedestrian -1 -1 -6.3658 485.9825 147.9151 573.9285 301.4825 1.8696 0.5775 1.0671 -1.0188 1.4733 8.9921 -6.4729 0.1335
Pedestrian -1 -1 -5.7240 94.2273 170.5435 153.2919 270.3750 1.6736 0.6625 0.5759 -8.3327 1.5070 12.1916 -6.3097 -0.5018
Cyclist -1 -1 -7.9085 342.7724 174.1240 349.3435 197.1655 1.6839 0.3727 1.6595 -19.2294 1.2179 52.5072 -8.2559 -0.8485
Car -1 -1 -8.6634 973.1185 158.9103 1127.6326 218.2901 1.4498 1.5666 3.3573 11.8280 0.9230 19.0871 -8.1143 -1.2634
Pedestrian -1 -1 -2.8887 772.9419 154.7112 793.0029 187.4790 1.8651 0.5418 1.0174 10.2390 0.3973 40.7247 -2.6424 -1.4884
Car -1 -1 -4.6088 526.2214 171.4720 557.7681 195.9000 1.4636 1.5741 3.8309 -3.9117 0.9228 44.2929 -4.6945 -1.6845
Pedestrian -1 -1 -3.1936 1004.5786 144.4425 1040.5291 272.0938 1.7596 0.4621 0.4085 5.8726 1.2630 10.0445 -2.6764 -1.7111
Pedestrian -1 -1 -4.2786 118.0250 161.3382 140.8484 202.5447 2.0046 0.5800 0.9670 -23.4972 1.0726 34.9185 -4.8649 -1.7254
Pedestrian -1 -1 -6.3530 510.2953 161.9921 522.1884 183.8466 1.8783 0.5451 0.9855 -7.6607 0.2876 61.1304 -6.4752 -1.7286
Car -1 -1 -7.0650 35.7011 185.2230 192.1774 241.0643 1.5478 1.6670 3.9722 -15.1626 1.7096 22.0645 -7.6587 -2.1248
Pedestrian -1 -1 -5.6569 785.1198 153.9873 806.1639 188.7980 1.8392 0.5682 0.9325 10.2002 0.4386 37.8980 -5.3942 -2.1365
Pedestrian -1 -1 -4.9955 970.8405 143.2063 1009.8478 215.3875 1.8857 0.6921 0.8904 10.2891 0.9117 18.9781 -4.5039 -2.1449
