Car -1 -1 -7.6820 418.1248 178.3026 509.7795 243.5097 1.4307 1.5859 3.5804 -3.3796 1.3828 17.3153 -7.8695 2.4519
Cyclist -1 -1 -6.4670 902.8546 139.4384 974.3050 204.0872 1.8434 0.6286 1.8032 9.6963 0.6729 20.6889 -6.0327 1.7026
Cyclist -1 -1 -6.8501 291.6147 169.7586 360.1044 234.5660 1.8377 0.5507 1.8869 -8.2884 1.5334 20.9725 -7.2196 1.1131
Pedestrian -1 -1 -2.7987 340.2561 172.8867 372.0361 221.7552 1.7076 0.6201 0.9044 -8.8318 1.4419 25.0210 -3.1323 1.0274
Car -1 -1 -6.7337 966.2576 157.4314 1068.3375 190.0534 1.4835 1.5542 3.8287 19.1951 0.4346 33.0682 -6.2102 1.0100
Pedestrian -1 -1 -2.9344 323.1024 169.7542 360.3403 225.9767 1.8223 0.6662 1.0348 -8.7075 1.4743 23.3206 -3.2856 0.7162
Cyclist -1 -1 -6.7219 691.6633 158.8269 730.0220 197.1495 1.8455 0.6339 1.7533 5.1588 0.8019 34.6034 -6.5735 0.6180
Pedestrian -1 -1 -5.5690 249.7378 179.2908 279.2576 224.4230 1.6774 0.5535 0.8488 -12.8651 1.6327 26.6584 -6.0124 0.2233
Pedestrian -1 -1 -8.3472 532.2582 162.9841 567.6528 217.8192 1.8514 0.7973 1.1050 -1.9505 1.2603 24.5528 -8.4237 0.1409
Pedestrian -1 -1 -5.7707 234.6546 180.7577 263.6364 226.2816 1.6468 0.4897 0.8107 -13.0346 1.6566 25.8457 -6.2312 0.0470
Car -1 -1 -6.8991 1064.0280 145.7889 1184.4905 183.5300 1.7343 1.7371 4.3917 24.4220 0.1394 33.3872 -6.2704 0.0214
Car -1 -1 -4.7763 479.8449 170.1942 503.2895 189.5895 1.5261 1.6467 3.9328 -9.2808 0.7152 57.7335 -4.9331 -0.0797
Cyclist -1 -1 -6.6593 834.8314 153.2951 889.2094 203.7411 1.8024 0.5620 1.7650 9.2539 0.8306 25.5703 -6.3142 -0.5742
Pedestrian -1 -1 -9.0236 1051.7345 148.4849 1082.1569 191.2896 1.8739 0.6172 0.9720 20.5704 0.4725 31.5288 -8.4484 -0.5773
Pedestrian -1 -1 -8.0370 431.2121 172.1599 449.9376 214.9284 1.6904 0.6296 0.6244 -6.6246 1.3610 28.3574 -8.2623 -0.6355
Pedestrian -1 -1 -6.3082 975.4940 150.9516 999.1138 193.0938 1.8511 0.5953 0.9089 17.0154 0.5534 31.5275 -5.8158 -0.7130
Cyclist -1 -1 -7.6321 825.5630 159.6307 842.8669 197.3121 1.6897 0.3964 1.7031 10.5343 0.7541 32.5401 -7.3201 -0.8968
Pedestrian -1 -1 -5.7120 403.1428 163.6521 441.5465 225.5840 1.8896 0.7676 0.8867 -5.7334 1.3759 22.0776 -5.9608 -0.9234
Pedestrian -1 -1 -3.6456 843.8094 139.0885 895.3671 225.2520 2.0238 0.6012 0.9918 6.3035 1.0515 16.9801 -3.2944 -1.0106
Car -1 -1 -4.5575 222.8613 181.5313 276.4128 217.2932 1.5388 1.6010 3.9419 -16.3593 1.5897 32.6647 -5.0162 -1.1008
Pedestrian -1 -1 -7.6502 49.9530 154.2416 71.5561 195.0829 1.8650 0.6701 0.6615 -25.2087 0.6661 32.7295 -8.2999 -1.2539
Pedestrian -1 -1 -8.0458 422.2703 165.9847 444.1086 220.3757 1.8321 0.6268 0.5907 -5.9194 1.3434 24.2143 -8.2808 -1.2922
Car -1 -1 -3.1077 1056.2949 157.8112 1154.8064 188.3337 1.4888 1.6006 4.0601 25.6597 0.3823 36.3499 -2.4955 -1.4895
Car -1 -1 -8.3714 1114.2393 138.2359 1179.3715 172.3217 2.2054 1.7427 4.1523 37.4209 -0.5915 48.9660 -7.7202 -1.6200
Car -1 -1 -7.9271 1174.0454 150.7278 1223.0000 185.3717 1.4960 1.6534 3.9712 27.4383 0.2106 32.6275 -7.2309 -1.6469
Car -1 -1 -7.0552 1200.6648 150.4882 1223.0000 232.5730 1.4606 1.5751 3.8653 13.8607 0.9269 13.4067 -6.2634 -1.7819
Pedestrian -1 -1 -3.4626 17.5019 185.1672 57.8285 250.5963 1.7474 0.5788 0.7206 -15.6089 1.8789 19.4087 -4.1304 -1.8721
Car -1 -1 -4.7735 948.7702 161.8376 987.8376 191.2265 1.4877 1.5979 4.1853 19.4634 0.5431 38.0291 -4.3021 -1.9259
Car -1 -1 -2.1329 161.4362 182.2374 256.2021 219.9331 1.5744 1.6848 4.2496 -17.6683 1.6562 31.4553 -2.6388 -2.0742
Car -1 -1 -3.0915 847.8212 167.0441 948.6646 204.0745 1.4198 1.5365 3.6767 11.8106 0.9041 28.5869 -2.7019 -2.1437
Car -1 -1 -6.4228 1168.6196 159.9293 1223.0000 189.2155 1.4857 1.5981 3.8779 32.5214 0.4423 37.5896 -5.7121 -2.1541
Pedestrian -1 -1 -6.4791 1126.0730 147.0122 1158.2419 228.8716 1.6537 0.5010 0.4347 11.0409 0.9775 14.6026 -5.8405 -2.1609
