Car -1 -1 -4.8846 440.7867 173.8845 493.9813 208.4176 1.4803 1.7189 4.1465 -6.4196 1.1969 32.5523 -5.0757 2.0435
Car -1 -1 -7.1080 0.0000 202.3836 302.0894 369.0000 1.4763 1.5946 3.8405 -3.1962 1.6425 3.4040 -7.8152 0.8157
Cyclist -1 -1 -5.2198 879.4834 155.9764 910.7316 194.1195 1.7507 0.5333 1.8396 13.6628 0.6253 33.3983 -4.8330 0.2566
Pedestrian -1 -1 -7.8537 0.0000 183.7361 14.5147 238.4792 1.7931 0.5966 0.8004 -20.2307 1.9042 23.7169 -8.5518 -0.2398
Pedestrian -1 -1 -7.0783 964.9436 154.3529 1023.6837 266.8232 1.7324 0.6387 0.5183 6.1479 1.3301 11.2736 -6.5891 -0.4496
Pedestrian -1 -1 -6.5711 946.7712 155.8295 991.1705 260.6985 1.7325 0.5761 0.5226 6.1229 1.3253 12.0098 -6.1085 -0.9168
Cyclist -1 -1 -7.2073 37.8464 185.9340 98.7733 246.5762 1.7053 0.4437 1.7833 -15.8903 1.8733 20.9353 -7.8477 -1.1484
Pedestrian -1 -1 -7.5375 787.6943 159.9753 805.1416 194.1922 1.8081 0.7568 0.5840 10.2221 0.7237 37.8138 -7.2738 -1.2388
Cyclist -1 -1 -8.2059 988.2767 157.1872 1027.0159 222.4088 1.6344 0.3393 1.5980 10.4917 1.0505 18.5340 -7.6964 -1.5121
Car -1 -1 -4.3655 82.5358 183.9857 134.2470 207.7265 1.5378 1.6246 4.0175 -34.0441 1.7880 48.5801 -4.9721 -1.6089
Pedestrian -1 -1 -3.9299 0.0000 208.8054 23.4939 256.4036 1.2108 0.4018 0.3904 -15.5784 1.9583 18.4515 -4.6211 -1.6957
Pedestrian -1 -1 -4.0499 275.6116 175.2189 317.5291 256.9912 1.6329 0.5385 0.5874 -6.3522 1.5278 14.4713 -4.4537 -1.7881
Cyclist -1 -1 -7.3760 0.0000 187.8867 54.3848 254.3288 1.7148 0.5057 1.7422 -15.8887 1.9268 19.3534 -8.0538 -1.7999
Cyclist -1 -1 -5.1233 770.6595 162.7873 791.9999 193.9688 1.7078 0.5880 1.5425 9.8354 0.7378 39.5346 -4.8796 -1.9357
Pedestrian -1 -1 -6.0112 722.9274 162.3357 735.2202 185.8319 1.8454 0.5534 0.8405 9.8293 0.4187 55.9642 -5.8366 -2.0024
