Car -1 -1 -2.8204 765.2501 165.6027 867.0365 201.7117 1.5380 1.6505 4.0970 9.4862 0.9037 31.9629 -2.5329 1.9316
Pedestrian -1 -1 -5.6160 264.8114 168.3615 327.9054 276.3571 1.7165 0.6347 0.7116 -5.1199 1.5239 11.6371 -6.0188 0.9961
Car -1 -1 -4.6149 446.5518 171.8237 481.4147 198.7026 1.5923 1.7475 3.8303 -8.7093 1.0784 43.8750 -4.8077 0.9579
Car -1 -1 -7.1292 0.0000 202.8881 295.3686 369.0000 1.4557 1.5242 3.6153 -3.1677 1.6235 3.4571 -7.8249 0.9338
Pedestrian -1 -1 -6.5564 778.7537 147.1915 900.7397 320.2388 1.8300 0.6748 1.1347 2.5147 1.4782 7.8301 -6.2555 0.8257
Pedestrian -1 -1 -6.4606 745.7656 149.2298 848.9271 303.9754 1.8117 0.5809 1.1205 2.2642 1.4460 8.6082 -6.2105 0.5478
Pedestrian -1 -1 -3.6474 1181.2308 137.7932 1223.0000 285.5534 1.7270 0.5170 0.6879 7.4911 1.2282 8.5841 -2.9464 0.3676
Cyclist -1 -1 -7.0979 1125.4950 130.8690 1223.0000 245.8454 1.8342 0.4027 1.7779 9.4559 1.0428 11.6053 -6.4258 0.0614
Cyclist -1 -1 -8.2961 980.5116 154.4602 1027.4095 223.0396 1.7120 0.3595 1.7086 10.3777 1.0623 18.5145 -7.7908 -0.5684
Pedestrian -1 -1 -5.8328 230.6924 170.4852 292.6177 280.5942 1.6805 0.5134 0.7178 -5.4055 1.5280 11.0507 -6.2747 -0.8091
Pedestrian -1 -1 -2.3973 370.2824 173.5473 380.9612 194.3846 1.8841 0.7278 0.5872 -20.8674 1.2554 64.3860 -2.7076 -0.9154
Pedestrian -1 -1 -7.5948 787.6564 162.0061 804.7513 196.0815 1.8041 0.7676 0.5547 10.2251 0.8251 37.8665 -7.3314 -1.2745
Cyclist -1 -1 -7.3477 0.0000 188.1340 53.3546 254.4703 1.7071 0.4968 1.7704 -15.9184 1.9259 19.3209 -8.0273 -1.5236
Cyclist -1 -1 -7.1211 36.5503 187.1574 101.8809 246.5963 1.6691 0.4522 1.7954 -15.8910 1.8755 20.9744 -7.7606 -1.6511
Cyclist -1 -1 -5.2913 869.0825 160.5764 899.1527 196.6604 1.7006 0.5239 1.6624 13.4604 0.7618 34.1897 -4.9177 -1.6869
Pedestrian -1 -1 -7.1884 907.2784 157.1466 925.5911 189.4332 1.7131 0.6345 0.6481 16.6977 0.4741 37.9474 -6.7752 -1.8102
Pedestrian -1 -1 -3.7705 0.0000 207.1980 25.0528 255.9631 1.2402 0.4181 0.4038 -15.5852 1.9484 18.4999 -4.4607 -1.8456
Pedestrian -1 -1 -7.2788 0.0000 185.5886 12.2380 237.4065 1.7727 0.5740 0.6250 -21.1935 1.9525 24.6026 -7.9819 -2.0640
Car -1 -1 -7.8242 773.6921 167.8512 839.9836 227.3828 1.4981 1.6262 4.1064 5.7143 1.1801 19.9957 -7.5483 -2.0668
Car -1 -1 -5.2049 1055.6670 155.5098 1223.0000 230.1389 1.4797 1.5629 3.6760 11.8711 0.9846 15.9477 -4.5729 -2.1473
