Car -1 -1 -4.6312 446.5526 171.6330 479.6047 199.2492 1.6364 1.7008 3.7694 -8.7662 1.1111 43.8637 -4.8253 1.0548
Pedestrian -1 -1 -6.7623 1121.9127 123.4495 1223.0000 313.5080 1.8754 0.5607 1.1191 6.1008 1.3129 7.3596 -6.0894 0.9785
Car -1 -1 -7.0969 0.0000 202.4843 301.9654 369.0000 1.4772 1.5950 3.8304 -3.2059 1.6440 3.3984 -7.8062 0.9502
Pedestrian -1 -1 -6.9634 1076.3749 128.5780 1197.2003 297.7602 1.8960 0.5583 0.9996 6.1156 1.3145 8.2314 -6.3410 0.7859
Pedestrian -1 -1 -5.9740 505.1336 167.4177 547.3206 273.4541 1.6909 0.5977 0.5326 -1.3371 1.4827 11.6205 -6.0838 0.6849
Car -1 -1 -7.9485 642.9739 168.6963 668.9394 189.0870 1.5080 1.6253 3.8914 3.8804 0.6351 54.2534 -7.8757 0.5628
Cyclist -1 -1 -5.2124 875.2966 154.1437 906.7748 193.8290 1.8305 0.5607 1.8516 13.5378 0.6150 33.5650 -4.8305 -0.1043
Pedestrian -1 -1 -6.3445 485.7295 171.1163 514.7994 280.0773 1.6386 0.4470 0.4165 -1.6680 1.4979 10.8943 -6.4903 -0.7366
Cyclist -1 -1 -8.2232 979.8261 153.5995 1023.8312 221.8407 1.7024 0.3851 1.7519 10.3330 1.0317 18.5328 -7.7201 -0.9001
Car -1 -1 -4.4914 0.0000 185.5165 30.3506 217.1892 1.5785 1.6654 3.9562 -32.5036 1.8638 38.0538 -5.1926 -0.9388
Cyclist -1 -1 -7.1975 37.5733 186.2999 99.6885 246.7997 1.7008 0.4581 1.7943 -15.8909 1.8803 20.9500 -7.8375 -1.3130
Cyclist -1 -1 -7.3567 0.0000 188.5341 54.7622 254.5736 1.7038 0.5048 1.7232 -15.8869 1.9342 19.3519 -8.0345 -1.4551
Pedestrian -1 -1 -3.9176 0.0000 208.9661 24.1125 256.5093 1.2089 0.4033 0.3952 -15.5684 1.9610 18.4556 -4.6084 -1.5865
Car -1 -1 -4.3705 82.6838 183.9140 134.0324 207.6081 1.5353 1.6229 4.0091 -34.0453 1.7802 48.5777 -4.9772 -1.6219
Pedestrian -1 -1 -7.6683 788.0900 160.3808 804.2980 194.2695 1.7910 0.7307 0.6465 10.2119 0.7278 37.8163 -7.4049 -1.6929
Cyclist -1 -1 -6.4976 1005.4955 153.8057 1087.1130 223.2434 1.6954 0.4844 1.6729 11.0182 1.0439 17.7664 -5.9487 -1.8230
Car -1 -1 -6.7797 506.6925 171.7399 556.5748 191.1345 1.5232 1.5951 3.7034 -5.9154 0.8352 57.2309 -6.8803 -2.0638
Car -1 -1 -8.7938 1192.3369 153.6819 1223.0000 194.3791 1.4976 1.6497 3.8876 25.9449 0.5110 28.0868 -8.0520 -2.1429
Car -1 -1 -4.9595 492.5251 172.4815 527.0201 193.2691 1.4723 1.5921 4.0263 -7.0714 0.9044 52.2419 -5.0915 -2.1476
