Car -1 -1 -4.6355 446.6114 171.5114 479.7101 199.0655 1.6324 1.7191 3.7733 -8.7607 1.1000 43.8627 -4.8295 1.1035
Car -1 -1 -7.1429 0.0000 205.2999 293.1315 369.0000 1.4436 1.5366 3.6054 -3.1600 1.6283 3.4409 -7.8396 0.8531
Pedestrian -1 -1 -7.7326 0.0000 181.5485 23.8250 248.3097 1.8045 0.5558 0.9192 -16.6290 1.8348 19.6647 -8.4250 0.6233
Pedestrian -1 -1 -6.3684 571.1888 165.4069 616.5955 277.8040 1.7030 0.5159 0.6632 -0.2304 1.4747 11.0037 -6.3870 0.3503
Pedestrian -1 -1 -5.8704 579.5862 164.4218 641.0176 273.0319 1.7287 0.5248 0.8777 0.0406 1.4732 11.6716 -5.8652 0.1676
Cyclist -1 -1 -5.1701 877.9671 153.0490 908.1763 192.4229 1.8155 0.5561 1.8623 13.6288 0.5499 33.5504 -4.7857 -0.8782
Pedestrian -1 -1 -7.5009 0.0000 179.3090 18.5902 235.4814 1.8319 0.6167 0.5827 -19.9774 1.7933 23.4368 -8.1985 -1.2194
Cyclist -1 -1 -8.2116 984.7585 152.4738 1028.8121 221.8367 1.7301 0.4012 1.7528 10.4627 1.0314 18.5327 -7.7032 -1.3575
Pedestrian -1 -1 -4.2651 36.8595 193.6591 64.5607 244.1348 1.4129 0.4494 0.5023 -15.8971 1.7953 20.2366 -4.9218 -1.4754
Car -1 -1 -7.8016 640.2272 167.4471 660.7396 184.8545 1.5321 1.6479 4.0837 4.1868 0.3832 64.3553 -7.7352 -1.5596
Car -1 -1 -4.3658 81.4277 182.5123 134.1836 206.4629 1.5544 1.6352 4.1376 -34.0003 1.6986 48.4658 -4.9729 -1.7935
Pedestrian -1 -1 -7.6939 788.0318 160.6898 804.0076 194.3955 1.7814 0.7310 0.6521 10.2029 0.7346 37.8169 -7.4307 -1.8221
Pedestrian -1 -1 -4.1719 277.4799 174.9593 317.5745 256.7199 1.6335 0.5203 0.5915 -6.3245 1.5231 14.4546 -4.5745 -1.8626
Pedestrian -1 -1 -5.5680 1104.5569 164.4737 1137.8252 221.8005 1.3914 0.4760 0.4647 12.6876 1.0027 17.4419 -4.9461 -1.9108
