Pedestrian -1 -1 -7.5736 0.0000 178.5822 34.8170 245.8040 1.8634 0.5952 0.8809 -16.7854 1.8106 20.1219 -8.2595 1.4510
Car -1 -1 -7.1526 0.0000 203.6393 289.6571 369.0000 1.4491 1.5295 3.6483 -3.1697 1.6216 3.4315 -7.8519 0.9577
Car -1 -1 -4.6005 446.6101 171.9089 482.7804 198.2976 1.5628 1.7585 4.0008 -8.6734 1.0541 43.9360 -4.7922 0.7635
Pedestrian -1 -1 -6.2438 599.4028 163.9647 638.9446 276.9386 1.7198 0.5456 0.5990 0.1783 1.4685 11.0528 -6.2263 0.0771
Pedestrian -1 -1 -7.7004 0.0000 178.2155 24.0462 235.3118 1.8425 0.6209 0.7990 -19.6682 1.7691 23.3190 -8.3928 -0.4817
Cyclist -1 -1 -5.1993 877.5893 154.0344 908.4396 193.0973 1.8013 0.5444 1.8575 13.6283 0.5811 33.5561 -4.8150 -0.7164
Pedestrian -1 -1 -8.6419 609.1356 163.2028 658.8832 273.2966 1.7467 0.6327 0.5238 0.4282 1.4726 11.6248 -8.6044 -0.7222
Car -1 -1 -7.9611 637.1032 167.3216 659.0302 183.7012 1.5122 1.6497 4.1709 4.0963 0.2954 67.3967 -7.8989 -1.0611
Cyclist -1 -1 -8.3385 981.2095 152.2289 1032.8777 222.1521 1.7455 0.3947 1.7477 10.4628 1.0401 18.5281 -7.8301 -1.1704
Pedestrian -1 -1 -7.5834 787.5579 159.3436 804.7753 193.4979 1.8059 0.7588 0.5932 10.2142 0.6874 37.8332 -7.3201 -1.5240
Pedestrian -1 -1 -3.9696 32.3795 189.7517 64.0463 244.4237 1.5285 0.4717 0.5345 -15.9014 1.7963 20.1509 -4.6284 -1.5925
Car -1 -1 -5.9792 0.0000 194.8394 19.9040 264.0122 1.4784 1.5948 3.9502 -17.1454 1.8634 17.3706 -6.7473 -1.7547
Pedestrian -1 -1 -9.1456 1005.7866 150.6427 1051.0386 280.5438 1.7500 0.4840 0.4297 5.8460 1.3482 9.8481 -8.6222 -2.0192
Pedestrian -1 -1 -5.0546 1055.5302 165.4255 1084.1240 222.3683 1.3849 0.4506 0.4862 11.4466 1.0186 17.4841 -4.4815 -2.1049
Car -1 -1 -8.0440 774.0255 153.0792 809.1315 184.7387 2.3640 1.8280 4.4544 14.4848 0.3165 55.0799 -7.7865 -2.1734
