Pedestrian -1 -1 -6.9230 1133.6355 122.0096 1223.0000 297.1801 1.9301 0.5724 1.0991 6.7685 1.2860 8.0978 -6.2442 1.3133
Pedestrian -1 -1 -5.9922 538.0737 164.0449 602.8022 273.4866 1.7417 0.5808 0.9383 -0.6111 1.4803 11.6469 -6.0414 0.9723
Car -1 -1 -7.1564 0.0000 204.2467 289.3536 369.0000 1.4493 1.5260 3.5901 -3.1626 1.6258 3.4462 -7.8527 0.9251
Car -1 -1 -4.6166 446.2483 171.9670 481.2693 198.7304 1.5843 1.7612 3.8383 -8.7182 1.0793 43.8515 -4.8097 0.8687
Pedestrian -1 -1 -6.2046 522.3091 167.7974 575.9680 278.6371 1.6803 0.4892 0.7939 -0.9074 1.4881 10.9631 -6.2831 0.3464
Cyclist -1 -1 -5.2026 878.0344 153.3225 909.1093 192.3863 1.8002 0.5424 1.8704 13.6487 0.5479 33.5419 -4.8176 -0.5607
Car -1 -1 -7.9065 639.9270 169.9681 661.7852 188.4882 1.5025 1.6247 3.9552 3.8307 0.6480 59.3484 -7.8406 -0.6613
Cyclist -1 -1 -8.2316 978.7786 153.0857 1024.1519 221.8561 1.7151 0.3973 1.7731 10.3254 1.0318 18.5384 -7.7289 -1.1681
Car -1 -1 -8.1044 550.9387 164.1866 589.1418 190.1531 1.6629 1.6650 3.7999 -2.3864 0.6183 47.3416 -8.1526 -1.2729
Pedestrian -1 -1 -4.2951 37.6706 206.6263 60.8641 247.4702 1.1358 0.4054 0.3674 -15.8950 1.8901 20.1787 -4.9531 -1.3763
Pedestrian -1 -1 -2.9019 1009.6122 149.6514 1048.8655 278.6364 1.7423 0.4419 0.3801 5.8540 1.3260 9.8417 -2.3776 -1.6648
Pedestrian -1 -1 -7.6475 787.7775 159.6467 804.3305 194.0050 1.8160 0.7385 0.6478 10.2074 0.7140 37.8277 -7.3843 -1.7272
Cyclist -1 -1 -7.4622 0.0000 188.0178 49.1905 254.5836 1.7121 0.4808 1.7540 -15.9063 1.9273 19.3000 -8.1419 -1.8961
Car -1 -1 -4.4130 82.1944 182.2513 132.4971 206.2817 1.5600 1.6488 4.1656 -34.0295 1.6855 48.4583 -5.0206 -1.9051
Car -1 -1 -8.0532 524.4067 167.6109 563.8705 194.2561 1.5916 1.6792 4.1794 -3.8848 0.8218 44.4759 -8.1379 -2.0530
Cyclist -1 -1 -6.9611 777.4711 158.5577 810.0914 192.3427 1.8595 0.6681 1.7271 10.5531 0.6519 39.5708 -6.7007 -2.0929
Pedestrian -1 -1 -8.7370 1100.1180 157.3340 1138.8746 222.6045 1.5779 0.5459 0.5516 12.6359 1.0182 17.4301 -8.1167 -2.1672
