Car -1 -1 -2.7286 747.0628 164.8030 849.2744 199.6888 1.5077 1.6583 4.2231 8.8148 0.8295 32.5257 -2.4646 1.4219
Pedestrian -1 -1 -6.6458 788.7327 147.1545 915.5103 320.8141 1.8300 0.6839 1.1506 2.6500 1.4791 7.8191 -6.3294 1.0685
Car -1 -1 -4.6498 446.1643 171.9723 478.9384 199.1359 1.6067 1.7438 3.8806 -8.7968 1.1024 43.8596 -4.8446 0.9144
Car -1 -1 -7.1310 0.0000 203.1030 294.4316 369.0000 1.4510 1.5319 3.6344 -3.1663 1.6199 3.4342 -7.8295 0.9008
Pedestrian -1 -1 -5.5524 269.3418 169.1503 339.2235 277.8154 1.7196 0.6008 0.8827 -4.9843 1.5404 11.6185 -5.9461 0.7557
Pedestrian -1 -1 -6.1312 760.5582 148.2014 861.2512 308.7880 1.8225 0.6177 1.0915 2.4344 1.4563 8.5295 -5.8611 0.2606
Cyclist -1 -1 -7.2188 1152.1093 130.6952 1223.0000 244.7680 1.8071 0.3660 1.7170 9.7694 1.0185 11.5883 -6.5301 -0.0532
Pedestrian -1 -1 -5.6946 229.0781 172.6400 302.5176 282.3392 1.6684 0.4871 0.9224 -5.3491 1.5492 11.0636 -6.1321 -0.2068
Cyclist -1 -1 -5.2810 868.7291 159.5625 898.1700 195.1616 1.6790 0.5606 1.5741 13.4234 0.6917 34.1747 -4.9081 -0.4604
Cyclist -1 -1 -8.2545 987.1400 154.1962 1030.6005 222.4304 1.7032 0.3529 1.6636 10.4978 1.0470 18.4951 -7.7439 -1.3211
Pedestrian -1 -1 -7.1885 274.8733 174.5795 317.9151 258.3298 1.6692 0.5880 0.5552 -6.3410 1.5515 14.4359 -7.5926 -1.3455
Cyclist -1 -1 -7.1219 37.3209 186.7620 102.4241 246.5464 1.6806 0.4589 1.7825 -15.8723 1.8747 20.9748 -7.7609 -1.4532
Car -1 -1 -7.8728 789.3841 168.9943 858.8313 231.1255 1.4893 1.6105 4.1798 5.8308 1.2139 19.1781 -7.5805 -1.5857
Pedestrian -1 -1 -6.7001 371.7408 174.2740 383.2825 194.1549 1.8070 0.5285 0.8671 -20.8126 1.2410 64.7497 -7.0080 -1.5972
Cyclist -1 -1 -7.3975 0.0000 187.3579 52.4309 254.1427 1.7177 0.4945 1.7979 -15.8981 1.9143 19.3078 -8.0768 -1.6018
Car -1 -1 -8.5275 1072.5247 154.4964 1223.0000 230.5291 1.4478 1.6471 3.9339 12.3025 0.9530 15.4375 -7.8629 -1.8313
Pedestrian -1 -1 -3.8026 0.0000 206.9746 25.8351 255.5892 1.2376 0.4179 0.3982 -15.5637 1.9396 18.5002 -4.4920 -1.8887
Pedestrian -1 -1 -5.6235 0.0000 186.0996 13.7932 237.9630 1.7717 0.5904 0.4761 -21.0194 1.9686 24.5244 -6.3242 -2.1009
