Car -1 -1 -5.5599 525.7512 169.0078 646.8751 216.1372 1.5432 1.6603 4.2755 -0.7596 1.1671 25.1579 -5.5879 1.1667
Car -1 -1 -7.1367 0.0000 205.3282 291.9541 369.0000 1.4443 1.5222 3.5727 -3.1620 1.6288 3.4401 -7.8338 0.8756
Pedestrian -1 -1 -6.8917 1088.7085 142.7985 1145.1876 249.9728 1.8051 0.6132 0.5321 8.7844 1.1705 12.2165 -6.2788 -0.0605
Pedestrian -1 -1 -4.4535 1138.4818 140.9316 1186.5363 252.0915 1.7426 0.5009 0.5143 8.9686 1.1227 11.4392 -3.8003 -0.5188
Cyclist -1 -1 -5.1777 874.6917 156.5752 905.9509 195.7102 1.7991 0.6171 1.8132 13.4507 0.6994 33.4326 -4.7968 -0.7812
Pedestrian -1 -1 -6.3692 0.0000 183.4069 13.1389 218.6976 1.8047 0.6626 0.7311 -31.2761 1.9578 36.7299 -7.0688 -1.4359
Pedestrian -1 -1 -8.6183 977.3004 145.7958 1024.4073 219.5570 1.8843 0.6325 0.8974 10.3485 0.9981 18.5773 -8.1155 -1.5957
Car -1 -1 -4.5595 536.5542 166.0668 573.1371 192.0074 1.5525 1.6619 4.2429 -3.1106 0.6888 44.4999 -4.6269 -1.6209
Cyclist -1 -1 -7.3253 0.0000 188.6497 52.9859 254.2649 1.6889 0.4829 1.7273 -15.9178 1.9220 19.3098 -8.0051 -1.7477
Pedestrian -1 -1 -4.3001 37.8221 204.6181 61.5575 246.4633 1.1631 0.4117 0.3843 -15.8688 1.8591 20.1610 -4.9578 -1.7614
Car -1 -1 -4.5026 0.0000 185.9355 46.4027 218.0338 1.6149 1.6342 4.0763 -31.9435 1.9278 38.4983 -5.1896 -1.7809
Pedestrian -1 -1 -4.3116 277.5814 175.4081 316.1186 256.4871 1.6264 0.5427 0.5680 -6.3437 1.5246 14.4680 -4.7150 -1.8393
Pedestrian -1 -1 -7.7702 788.5495 160.2345 803.5955 194.3572 1.8034 0.7231 0.6833 10.2049 0.7325 37.8122 -7.5070 -1.8843
Car -1 -1 -4.4130 82.1981 182.0329 132.3044 206.1434 1.5664 1.6428 4.1432 -34.0231 1.6762 48.4390 -5.0206 -1.9460
Pedestrian -1 -1 -3.8712 0.0000 207.0219 25.7836 256.0309 1.2478 0.4223 0.4104 -15.5675 1.9505 18.4903 -4.5611 -2.0064
Car -1 -1 -6.0014 0.0000 200.8754 21.4388 271.4525 1.4762 1.6054 3.9682 -17.1053 2.0241 17.3682 -6.7686 -2.0376
