Car -1 -1 -7.1313 0.0000 205.1615 294.0988 369.0000 1.4409 1.5111 3.5253 -3.1534 1.6244 3.4629 -7.8240 0.8462
Cyclist -1 -1 -5.1649 879.6893 154.2119 909.8318 193.4452 1.8017 0.5429 1.8856 13.6586 0.5947 33.4286 -4.7786 -0.4631
Cyclist -1 -1 -8.0588 990.8112 151.1651 1023.0080 222.2663 1.7526 0.3647 1.7333 10.3471 1.0299 18.3102 -7.5501 -0.4798
Pedestrian -1 -1 -7.6723 788.0457 161.6108 804.2161 195.1118 1.7702 0.7288 0.6575 10.2082 0.7722 37.8149 -7.4090 -1.1550
Car -1 -1 -4.3647 80.9388 183.1163 132.8937 206.9045 1.5448 1.6248 4.0351 -34.1212 1.7324 48.5466 -4.9727 -1.2049
Cyclist -1 -1 -7.1049 35.0976 186.0791 102.3379 247.2353 1.7163 0.4773 1.8058 -15.8748 1.8891 20.9349 -7.7449 -1.3845
Car -1 -1 -4.4316 0.0000 185.1619 33.1505 216.6768 1.5736 1.6354 3.8701 -32.4235 1.8382 38.0246 -5.1319 -1.5107
Car -1 -1 -5.9870 0.0000 199.8028 19.5827 270.1625 1.4773 1.6046 4.0306 -17.2053 1.9965 17.3744 -6.7568 -1.7424
Pedestrian -1 -1 -2.8905 724.3300 162.7534 735.0778 186.2163 1.8426 0.6052 0.7094 9.8768 0.4489 55.9492 -2.7150 -1.8065
Cyclist -1 -1 -7.4109 0.0000 187.8033 52.5663 254.0449 1.7095 0.5005 1.7205 -15.8907 1.9188 19.3392 -8.0892 -1.9558
Car -1 -1 -3.6344 506.3562 171.8560 556.4357 191.4056 1.5354 1.5987 3.7181 -5.9349 0.8565 57.2327 -3.7354 -1.9770
Pedestrian -1 -1 -2.9516 1007.6998 148.6242 1048.0208 280.0919 1.7712 0.4667 0.4068 5.8314 1.3421 9.8353 -2.4287 -1.9858
Pedestrian -1 -1 -4.0835 276.2813 175.7836 316.3323 256.8299 1.6192 0.5077 0.5774 -6.3546 1.5254 14.4643 -4.4877 -2.0318
