Car -1 -1 -7.1304 0.0000 204.5014 295.4578 369.0000 1.4415 1.5256 3.5882 -3.1568 1.6206 3.4484 -7.8255 0.9293
Car -1 -1 -4.3579 464.9094 172.8919 499.0614 190.6417 1.4513 1.5678 3.9577 -10.3655 0.8292 59.9027 -4.5266 -0.7041
Pedestrian -1 -1 -7.6151 788.1657 161.7825 804.8423 195.2275 1.7675 0.7440 0.5838 10.2237 0.7785 37.8012 -7.3513 -1.0591
Cyclist -1 -1 -7.9384 999.5646 150.2149 1025.3906 221.7716 1.7590 0.4181 1.7251 10.4618 1.0149 18.2520 -7.4236 -1.1974
Car -1 -1 -5.9871 0.0000 201.3710 19.4106 271.7823 1.4712 1.5949 3.9735 -17.1487 2.0312 17.3455 -6.7562 -1.2371
Cyclist -1 -1 -7.1220 35.6973 185.8564 101.6109 246.7144 1.7096 0.4748 1.7873 -15.8773 1.8754 20.9345 -7.7620 -1.3872
Pedestrian -1 -1 -5.5115 877.4824 155.1818 903.0477 194.3833 1.8296 0.6477 0.9382 13.5135 0.6481 33.5597 -5.1302 -1.5757
Pedestrian -1 -1 -6.0363 1005.0100 148.2044 1050.1873 280.4853 1.7788 0.5183 0.4329 5.8332 1.3449 9.8445 -5.5137 -1.6657
Pedestrian -1 -1 -6.6488 0.0000 183.1128 13.2373 217.7518 1.7727 0.5702 0.6981 -31.2871 1.9101 36.6949 -7.3489 -1.8258
Car -1 -1 -4.5747 0.0000 185.5993 42.7127 217.4050 1.6020 1.6424 4.0612 -31.9594 1.8952 38.4660 -5.2623 -1.9421
Cyclist -1 -1 -7.3674 0.0000 188.3129 53.7148 254.1030 1.6955 0.4925 1.7367 -15.8911 1.9194 19.3347 -8.0458 -2.0555
Pedestrian -1 -1 -5.7298 810.1035 156.9384 824.1543 189.9812 2.1098 0.4773 0.7245 13.6669 0.6054 45.5752 -5.4386 -2.1250
Pedestrian -1 -1 -5.4411 1104.8831 162.2321 1138.6593 220.2893 1.4070 0.4710 0.4787 12.6685 0.9646 17.3977 -4.8187 -2.1370
Car -1 -1 -4.8277 675.7142 171.9244 701.0558 191.1288 1.4713 1.5797 3.6636 6.5798 0.8143 56.0025 -4.7097 -2.1783
