Car -1 -1 -6.9892 1022.8549 156.3652 1184.3538 204.7361 1.4823 1.6374 4.1840 15.8968 0.7430 22.6907 -6.3830 1.8686
Car -1 -1 -7.1280 0.0000 203.8338 294.5991 369.0000 1.4475 1.5019 3.5236 -3.1563 1.6216 3.4752 -7.8196 0.9309
Cyclist -1 -1 -5.2243 878.4440 155.9638 909.6309 194.0448 1.7524 0.5593 1.7822 13.6364 0.6235 33.4554 -4.8388 -0.7273
Car -1 -1 -4.4998 0.0000 185.6955 27.9877 217.8034 1.5957 1.6509 3.9431 -32.5231 1.8903 37.9541 -5.2026 -1.1357
Car -1 -1 -4.4001 82.6577 183.0468 132.4329 206.9388 1.5518 1.6206 4.0306 -34.0808 1.7344 48.5461 -5.0075 -1.1770
Car -1 -1 -5.9802 0.0000 199.9677 19.4388 270.2663 1.4753 1.6003 4.0387 -17.2057 1.9984 17.3614 -6.7505 -1.2148
Pedestrian -1 -1 -7.6313 788.2713 161.0060 804.7109 194.9931 1.7958 0.7280 0.6297 10.2252 0.7659 37.8079 -7.3676 -1.3539
Pedestrian -1 -1 -4.1947 35.9860 206.3785 60.0642 247.3883 1.1395 0.4074 0.3715 -15.8893 1.8842 20.1263 -4.8538 -1.4302
Pedestrian -1 -1 -7.3728 986.8206 148.5544 1027.8839 221.1267 1.8255 0.6706 0.7120 10.3478 1.0222 18.2605 -6.8630 -1.4808
Pedestrian -1 -1 -6.0113 1003.6772 147.9028 1049.4418 279.6299 1.7745 0.4660 0.4440 5.8188 1.3358 9.8463 -5.4898 -1.5270
