Car -1 -1 -5.8943 608.2886 169.4531 745.4234 216.3507 1.4424 1.6105 4.2290 2.3217 1.1029 23.4495 -5.7952 1.7838
Car -1 -1 -7.1203 0.0000 203.8256 296.3932 369.0000 1.4493 1.5232 3.5904 -3.1610 1.6236 3.4459 -7.8164 0.8584
Pedestrian -1 -1 -7.2084 1163.8069 133.5284 1223.0000 247.6947 1.8264 0.5682 0.9387 9.8498 1.0753 11.6976 -6.5202 0.2222
Pedestrian -1 -1 -7.0664 1123.4510 136.8786 1198.9960 244.3522 1.8358 0.5512 0.9265 9.7037 1.0911 12.4112 -6.4135 -0.1898
Pedestrian -1 -1 -4.2403 38.6127 206.8851 61.8205 247.3353 1.1243 0.3934 0.3725 -15.8520 1.8851 20.1582 -4.8974 -0.7292
Cyclist -1 -1 -5.1610 879.2420 154.6407 908.7327 193.4465 1.7848 0.5276 1.8696 13.6389 0.5956 33.4683 -4.7755 -0.7673
Cyclist -1 -1 -8.3674 974.0396 149.7917 1027.3252 221.2515 1.7854 0.3982 1.7497 10.3031 1.0185 18.5421 -7.8657 -1.4266
Pedestrian -1 -1 -7.7881 788.5178 161.0635 803.0573 194.3819 1.7606 0.7076 0.6899 10.1868 0.7337 37.8016 -7.5253 -1.5602
Car -1 -1 -9.0229 1200.7347 153.9330 1223.0000 194.8719 1.4918 1.6282 3.8875 26.2081 0.5240 27.8713 -8.2723 -1.5629
Car -1 -1 -7.6135 0.0000 186.2224 32.7975 217.7566 1.5771 1.5937 3.7518 -32.4058 1.9024 38.1345 -8.3122 -1.6649
Car -1 -1 -4.3965 81.5478 183.1262 132.7151 207.2468 1.5602 1.6416 4.1562 -34.0336 1.7484 48.4448 -5.0043 -1.9208
Car -1 -1 -3.6342 506.4895 171.8683 556.6712 191.3726 1.5316 1.5969 3.7280 -5.9194 0.8538 57.2277 -3.7350 -1.9402
Car -1 -1 -6.0296 0.0000 201.2073 20.4342 271.8747 1.4696 1.5995 4.0044 -17.1407 2.0278 17.3701 -6.7977 -1.9541
Car -1 -1 -4.8164 574.5187 174.9757 610.6061 203.1730 1.4157 1.5303 3.7042 -0.7191 1.1385 37.4302 -4.8337 -2.0147
Pedestrian -1 -1 -6.0432 724.4393 161.9113 734.8380 185.1004 1.8216 0.6109 0.6849 9.8733 0.3613 55.9578 -5.8678 -2.1097
