Car -1 -1 -6.5004 778.9570 163.3484 926.7177 213.3115 1.5057 1.6255 4.1459 7.6885 0.9891 22.3458 -6.1716 1.8493
Car -1 -1 -7.1354 0.0000 205.7405 293.2816 369.0000 1.4358 1.5304 3.5743 -3.1615 1.6236 3.4445 -7.8317 0.8525
Pedestrian -1 -1 -6.7303 1191.3333 137.8008 1223.0000 239.9354 1.7817 0.6170 0.5626 10.9879 1.0372 12.7038 -6.0279 -0.3269
Pedestrian -1 -1 -7.5189 786.6124 162.4149 804.6653 196.7872 1.8162 0.7978 0.5440 10.1789 0.8608 37.8099 -7.2563 -0.6795
Car -1 -1 -4.5387 0.0000 185.3998 26.8502 217.2376 1.5852 1.6432 4.0026 -32.5405 1.8635 38.0046 -5.2411 -0.7493
Cyclist -1 -1 -5.3013 873.3504 152.0732 907.0641 192.0945 1.8407 0.6308 1.7081 13.4412 0.5334 33.4199 -4.9204 -0.9028
Cyclist -1 -1 -7.1843 38.6077 186.2354 100.5597 246.4409 1.6946 0.4479 1.7809 -15.8773 1.8722 20.9686 -7.8235 -1.0030
Pedestrian -1 -1 -3.4351 992.4927 149.7856 1027.2222 222.2699 1.8269 0.6027 0.6234 10.3611 1.0531 18.1822 -2.9229 -1.6462
Pedestrian -1 -1 -3.8833 0.0000 209.4331 23.9226 256.1652 1.1885 0.3954 0.3875 -15.5790 1.9536 18.4716 -4.5739 -1.6856
Cyclist -1 -1 -7.3813 0.0000 187.3512 53.7388 254.4126 1.7281 0.5106 1.7727 -15.8935 1.9246 19.3278 -8.0599 -1.7111
Pedestrian -1 -1 -3.0303 725.2582 162.8434 733.6958 186.3814 1.8506 0.7026 0.5839 9.8701 0.4624 56.0095 -2.8551 -1.8361
Car -1 -1 -3.6407 506.4068 172.0589 556.8998 191.5755 1.5325 1.6019 3.7577 -5.9142 0.8697 57.2418 -3.7414 -2.0301
Car -1 -1 -4.3788 82.1937 182.4367 134.2646 206.3242 1.5509 1.6362 4.1565 -33.9870 1.6899 48.4874 -4.9855 -2.0593
