Car -1 -1 -6.2340 677.3295 167.1091 818.8564 215.3097 1.4616 1.6201 4.3125 4.5537 1.0558 22.7506 -6.0373 2.0054
Car -1 -1 -7.1183 0.0000 203.1737 297.5897 369.0000 1.4492 1.5213 3.5494 -3.1560 1.6186 3.4632 -7.8114 0.9662
Pedestrian -1 -1 -6.9879 1154.1328 133.9000 1223.0000 240.8879 1.8393 0.5954 1.0272 10.3746 1.0386 12.4641 -6.3045 0.5771
Pedestrian -1 -1 -7.5389 787.0085 159.3731 804.4968 192.6702 1.7589 0.7665 0.5615 10.1809 0.6430 37.7936 -7.2760 -0.4848
Pedestrian -1 -1 -3.5310 989.3465 148.1765 1025.8940 221.2608 1.8499 0.7028 0.5947 10.3592 1.0321 18.2814 -3.0212 -0.8152
Pedestrian -1 -1 -5.3698 881.9105 154.9662 906.0475 193.7719 1.8093 0.5944 0.9599 13.6676 0.6190 33.5086 -4.9841 -1.0876
Car -1 -1 -5.9966 0.0000 199.2998 19.4371 269.5406 1.4742 1.5956 4.0315 -17.1938 1.9799 17.3620 -6.7664 -1.1320
Cyclist -1 -1 -7.1922 37.9881 186.7293 100.3256 246.8437 1.6901 0.4597 1.7941 -15.8881 1.8830 20.9670 -7.8319 -1.3382
Cyclist -1 -1 -7.3289 0.0000 187.4447 56.2441 253.3846 1.7076 0.5062 1.7067 -15.8828 1.9069 19.3771 -8.0060 -1.6984
Pedestrian -1 -1 -5.9385 773.6307 157.2058 794.0358 190.2419 1.8750 0.4748 1.0367 10.2598 0.5530 40.6164 -5.6911 -1.7614
Car -1 -1 -7.7750 0.0000 186.7628 12.9535 218.1654 1.5497 1.6354 3.8317 -32.8337 1.9019 37.7291 -8.4854 -1.8581
Pedestrian -1 -1 -7.7931 1196.2700 132.5496 1223.0000 245.0163 1.8027 0.5257 0.8506 10.2150 1.0345 11.8221 -7.0920 -1.9267
