Car -1 -1 -5.2151 471.2295 173.2150 560.7013 213.0151 1.4410 1.7292 4.0805 -3.5965 1.1775 27.7590 -5.3407 1.9526
Pedestrian -1 -1 -6.8579 1023.7514 151.0378 1098.0665 254.8145 1.7403 0.5219 0.9387 7.7561 1.2466 12.1253 -6.2990 1.4558
Car -1 -1 -7.1366 0.0000 204.0455 295.0464 369.0000 1.4486 1.5342 3.6489 -3.1619 1.6249 3.4385 -7.8338 0.9651
Cyclist -1 -1 -5.1494 876.9094 154.0777 906.3951 193.4734 1.8148 0.5566 1.8547 13.5462 0.5978 33.5119 -4.7668 -0.3535
Pedestrian -1 -1 -7.0775 1067.1797 151.0557 1133.6876 258.8499 1.6885 0.4912 0.7557 7.9234 1.2276 11.3902 -6.4810 -0.4721
Car -1 -1 -5.9823 0.0000 201.4273 18.6621 271.8909 1.4741 1.5930 3.9488 -17.1545 2.0352 17.3448 -6.7516 -1.3603
Cyclist -1 -1 -8.5521 976.8605 150.6471 1037.3428 221.2294 1.7620 0.3753 1.6773 10.4518 1.0171 18.5091 -8.0436 -1.4874
Car -1 -1 -7.6784 0.0000 187.7583 49.6313 218.7331 1.5474 1.6496 3.9539 -31.6430 1.9640 38.4468 -8.3615 -1.5392
Cyclist -1 -1 -7.0950 36.1224 185.7303 103.1907 246.3541 1.7059 0.4661 1.8038 -15.8800 1.8682 20.9783 -7.7342 -1.5804
Cyclist -1 -1 -7.4013 0.0000 187.6926 54.5761 253.6890 1.7092 0.5077 1.6990 -15.8794 1.9157 19.3884 -8.0779 -1.6058
Pedestrian -1 -1 -7.4512 0.0000 184.6084 13.2488 218.7076 1.7461 0.6314 0.6393 -31.2727 1.9618 36.6993 -8.1511 -1.6676
Car -1 -1 -8.2235 477.1050 169.2431 529.6445 198.9465 1.6056 1.6454 3.9725 -5.8618 0.9972 40.3537 -8.3648 -1.7818
Pedestrian -1 -1 -7.6006 787.9083 159.7341 804.6229 193.9704 1.8099 0.7351 0.6064 10.2169 0.7122 37.8228 -7.3372 -1.8383
Pedestrian -1 -1 -7.3080 276.4680 174.2748 316.9270 256.7820 1.6512 0.5421 0.5676 -6.3483 1.5270 14.4696 -7.7117 -2.0754
Pedestrian -1 -1 -7.5047 907.4576 160.2905 924.4195 192.2466 1.6949 0.6420 0.6758 16.6819 0.6232 37.9676 -7.0921 -2.1183
Car -1 -1 -8.0439 774.2557 153.8872 809.4026 184.8036 2.3098 1.8334 4.4517 14.5116 0.3215 55.1073 -7.7860 -2.1951
