Car -1 -1 -5.7875 581.8455 169.9376 714.7814 216.3573 1.4491 1.5986 4.2241 1.3875 1.1196 23.8641 -5.7284 1.5648
Car -1 -1 -7.1332 0.0000 204.0243 294.7824 369.0000 1.4478 1.5232 3.6132 -3.1611 1.6236 3.4479 -7.8291 0.9465
Pedestrian -1 -1 -6.8661 1120.2506 135.9959 1187.1399 243.9162 1.8244 0.5741 0.7171 9.4520 1.0724 12.2616 -6.2202 -0.3664
Cyclist -1 -1 -5.1997 875.0561 153.2614 906.3268 193.1182 1.8412 0.5826 1.8315 13.5377 0.5831 33.6044 -4.8183 -0.5778
Pedestrian -1 -1 -7.2692 1162.8723 133.6203 1223.0000 246.3525 1.8007 0.5945 0.6029 9.6859 1.0523 11.6679 -6.5880 -0.7208
Pedestrian -1 -1 -3.5112 992.1029 149.4592 1027.5710 221.9290 1.8286 0.7035 0.5738 10.3872 1.0457 18.2300 -2.9990 -1.0239
Cyclist -1 -1 -7.1038 36.3291 186.0634 102.9777 246.5220 1.7012 0.4690 1.7996 -15.8848 1.8738 20.9842 -7.7430 -1.2734
Car -1 -1 -7.6861 0.0000 187.7279 49.3696 218.7875 1.5521 1.6511 3.9792 -31.6569 1.9672 38.4639 -8.3692 -1.4429
Pedestrian -1 -1 -7.4583 0.0000 184.6712 13.2240 218.8110 1.7480 0.6321 0.6396 -31.2727 1.9670 36.6991 -8.1582 -1.6562
Car -1 -1 -5.9803 0.0000 201.5655 18.8959 272.1184 1.4759 1.5967 3.9533 -17.1559 2.0408 17.3489 -6.7494 -1.6909
Cyclist -1 -1 -7.3759 0.0000 188.0000 54.1147 254.2324 1.7105 0.4976 1.7368 -15.8989 1.9258 19.3643 -8.0538 -1.7068
Pedestrian -1 -1 -4.0473 35.6215 205.4375 60.4565 246.1571 1.1350 0.4071 0.3812 -15.8960 1.8522 20.1349 -4.7064 -1.7891
Pedestrian -1 -1 -7.6469 788.0560 159.4423 804.4933 193.5550 1.8037 0.7315 0.6513 10.2226 0.6904 37.8402 -7.3834 -1.7909
Pedestrian -1 -1 -3.8246 0.0000 207.0410 25.7278 256.1422 1.2490 0.4157 0.4048 -15.5566 1.9522 18.4838 -4.5142 -1.9976
