Car -1 -1 -7.1347 0.0000 204.5694 293.7552 369.0000 1.4461 1.5197 3.5860 -3.1608 1.6257 3.4512 -7.8300 0.9932
Car -1 -1 -7.1765 1161.9452 148.7945 1223.0000 195.2875 1.4437 1.5916 4.0405 20.6214 0.4595 23.0801 -6.4524 0.2644
Pedestrian -1 -1 -5.4517 878.4479 154.3631 903.8270 194.0153 1.8464 0.5956 0.9985 13.5277 0.6295 33.4956 -5.0694 -0.6745
Cyclist -1 -1 -8.1384 988.8443 152.4544 1025.5778 222.3832 1.7253 0.3495 1.6991 10.3533 1.0337 18.3118 -7.6295 -1.0191
Car -1 -1 -7.7191 0.0000 187.0543 20.6527 218.5606 1.5529 1.6626 4.1258 -32.7587 1.9250 37.9419 -8.4256 -1.2872
Cyclist -1 -1 -7.3775 0.0000 187.2391 52.9691 253.0783 1.7014 0.4893 1.7147 -15.9021 1.8946 19.3427 -8.0560 -1.3596
Car -1 -1 -6.0019 0.0000 199.6411 19.0571 270.0449 1.4753 1.5973 3.9713 -17.1470 1.9894 17.3416 -6.7710 -1.4181
Pedestrian -1 -1 -7.6449 788.0886 160.1318 804.5307 194.2841 1.8052 0.7319 0.6443 10.2205 0.7287 37.8256 -7.3813 -1.6054
Car -1 -1 -7.1483 1176.6049 153.1083 1223.0000 218.0620 1.4711 1.5960 3.8185 16.1730 0.8510 17.0214 -6.3961 -1.6677
Car -1 -1 -7.2751 0.0000 186.6883 73.6742 216.9044 1.5201 1.6200 3.7234 -30.8674 1.8722 38.2892 -7.9479 -1.7929
Pedestrian -1 -1 -3.9397 0.0000 205.8178 24.9714 254.8709 1.2501 0.4163 0.4092 -15.5687 1.9197 18.4687 -4.6301 -1.8362
Pedestrian -1 -1 -9.0996 998.1326 149.3969 1059.4403 280.4200 1.7539 0.4636 0.6210 5.8491 1.3380 9.8510 -8.5761 -1.9611
Cyclist -1 -1 -6.9791 777.7098 158.8239 809.9997 192.3676 1.8458 0.6675 1.7180 10.5577 0.6532 39.5714 -6.7186 -2.0017
Pedestrian -1 -1 -7.8879 909.2770 161.7586 922.6733 193.3580 1.6783 0.6335 0.6919 16.6894 0.6830 37.9902 -7.4754 -2.0326
Pedestrian -1 -1 -4.2591 36.7603 204.2552 60.3766 246.1399 1.1645 0.4031 0.3776 -15.8837 1.8490 20.1390 -4.9177 -2.0812
Pedestrian -1 -1 -7.7961 512.3778 164.0981 520.0255 186.7260 1.9399 0.6239 0.5202 -7.6318 0.5337 60.8943 -7.9184 -2.0963
Pedestrian -1 -1 -4.1377 274.9411 173.6418 316.4838 256.4001 1.6530 0.5363 0.6025 -6.3658 1.5163 14.4644 -4.5425 -2.1521
Cyclist -1 -1 -8.0606 1006.0331 151.5936 1040.6810 221.4760 1.6928 0.4032 1.7006 10.5865 0.9929 17.9978 -7.5349 -2.1898
