Car -1 -1 -5.6474 545.6868 169.4981 672.2583 216.1004 1.4906 1.6362 4.2473 0.0503 1.1390 24.5391 -5.6436 1.5925
Car -1 -1 -7.1045 0.0000 202.6928 299.1257 369.0000 1.4790 1.5878 3.7779 -3.2024 1.6465 3.4013 -7.8130 0.9249
Pedestrian -1 -1 -6.5871 1101.0148 140.3380 1162.3539 245.5431 1.7611 0.5646 0.7081 9.0344 1.0892 12.2159 -5.9609 0.3769
Pedestrian -1 -1 -4.1237 1143.8749 140.9772 1204.2427 250.2203 1.7167 0.5108 0.6119 9.1587 1.0960 11.4493 -3.4607 -0.4807
Pedestrian -1 -1 -4.2455 38.5038 206.4530 62.0213 247.4108 1.1381 0.3986 0.3791 -15.8475 1.8864 20.1543 -4.9027 -0.6747
Cyclist -1 -1 -5.1831 878.2764 155.1434 908.2031 193.7137 1.7777 0.5260 1.8515 13.6302 0.6092 33.5332 -4.7986 -0.9944
Pedestrian -1 -1 -6.1120 1008.8778 146.5109 1050.8459 278.4706 1.7735 0.5042 0.4277 5.8584 1.3171 9.8331 -5.5871 -1.2938
Pedestrian -1 -1 -3.5952 990.4797 147.9506 1026.3804 220.9903 1.8542 0.5415 0.6283 10.3578 1.0282 18.2378 -3.0844 -1.3786
Pedestrian -1 -1 -6.3133 0.0000 183.7883 12.3600 218.8907 1.7940 0.6805 0.7233 -31.2835 1.9672 36.7227 -7.0130 -1.4176
Car -1 -1 -7.7971 561.8672 165.7436 589.0723 189.0327 1.4968 1.6041 3.7427 -1.9442 0.5485 47.3292 -7.8361 -1.6341
Pedestrian -1 -1 -7.7911 788.5456 161.2771 803.1627 194.9290 1.7780 0.7134 0.6913 10.1897 0.7625 37.7989 -7.5281 -1.7763
Car -1 -1 -4.4280 81.9906 182.8672 130.6168 206.8633 1.5524 1.6276 4.0655 -34.0355 1.7217 48.3592 -5.0366 -1.8279
Car -1 -1 -7.9655 1170.4108 162.6817 1223.0000 207.9855 1.4368 1.5444 3.5804 20.6215 0.8720 24.3418 -7.2675 -1.9209
Pedestrian -1 -1 -4.1906 277.1669 174.8578 317.4685 256.9102 1.6416 0.5399 0.5754 -6.3327 1.5291 14.4635 -4.5935 -1.9334
Car -1 -1 -4.4306 0.0000 187.1034 40.7262 219.0990 1.5940 1.6637 4.1552 -32.3587 1.9735 38.3845 -5.1253 -1.9523
Car -1 -1 -6.0161 0.0000 201.2735 19.7699 272.1227 1.4757 1.6028 3.9986 -17.1594 2.0351 17.3666 -6.7849 -1.9588
Pedestrian -1 -1 -3.8295 0.0000 207.6361 25.4159 256.8063 1.2491 0.4238 0.4123 -15.5632 1.9677 18.4728 -4.5197 -2.1111
Pedestrian -1 -1 -3.7487 967.7972 148.9706 1010.6064 219.5402 1.8521 0.5663 0.8295 10.2154 1.0250 18.8864 -3.2581 -2.1853
