Car -1 -1 -6.2371 664.5886 165.0296 797.2980 212.1208 1.5481 1.7079 4.3868 4.3335 1.0398 24.5567 -6.0628 1.5619
Car -1 -1 -7.1361 0.0000 203.5968 297.3198 369.0000 1.4493 1.5146 3.6029 -3.1584 1.6232 3.4902 -7.8260 1.0245
Car -1 -1 -4.4658 320.1719 179.4521 369.8031 206.6080 1.5082 1.7316 4.2516 -15.1843 1.4502 41.4711 -4.8126 0.8064
Car -1 -1 -4.6338 447.0786 172.1873 476.8029 196.0962 1.5536 1.6578 4.0418 -9.6795 1.0135 48.0466 -4.8296 0.5331
Cyclist -1 -1 -5.3297 873.8295 154.9579 907.8129 193.8949 1.7934 0.5513 1.7942 13.5029 0.6172 33.5031 -4.9481 -0.4343
Pedestrian -1 -1 -6.2167 417.7945 173.1589 425.4809 195.3364 1.7790 0.8037 0.5480 -14.8125 1.1901 57.1636 -6.4672 -1.2783
Pedestrian -1 -1 -3.5384 991.5295 150.1406 1026.5770 220.6168 1.7779 0.7029 0.5510 10.3601 1.0123 18.2174 -3.0270 -1.3542
Pedestrian -1 -1 -7.5978 787.2236 157.4440 804.3321 191.5578 1.8029 0.7602 0.5852 10.1872 0.5845 37.8099 -7.3349 -1.4031
Cyclist -1 -1 -7.1590 37.2169 186.7734 101.0557 246.3324 1.6737 0.4624 1.7892 -15.8871 1.8680 20.9653 -7.7986 -1.5411
Car -1 -1 -6.0011 0.0000 200.4263 19.2962 271.3183 1.4830 1.6035 3.9553 -17.1321 2.0181 17.3419 -6.7697 -1.7200
Cyclist -1 -1 -7.3468 0.0000 188.4616 54.3577 253.6711 1.6864 0.4776 1.6979 -15.9030 1.9148 19.3765 -8.0245 -2.0119
Car -1 -1 -4.5599 0.0000 185.0536 48.3743 216.5207 1.5924 1.6138 3.7935 -31.6012 1.8531 38.4156 -5.2426 -2.1657
