Car -1 -1 -4.2071 0.0000 183.8906 167.9621 266.2936 1.7370 1.7453 4.4143 -12.8091 1.8317 17.3877 -4.8318 1.9149
Car -1 -1 -5.2786 483.5196 172.2481 563.3936 209.8384 1.5043 1.6831 3.6792 -3.5654 1.1743 30.2541 -5.3929 1.7243
Car -1 -1 -7.1210 0.0000 203.7278 295.3392 369.0000 1.4486 1.5220 3.5929 -3.1617 1.6218 3.4364 -7.8185 0.9579
Cyclist -1 -1 -7.7116 254.5440 173.9554 290.7588 236.6113 1.8531 0.7404 1.9336 -10.3243 1.6598 21.9434 -8.1442 -0.7582
Cyclist -1 -1 -5.2373 878.5491 155.1431 909.8654 193.5211 1.7659 0.5295 1.8126 13.6496 0.5993 33.4688 -4.8517 -1.1191
Pedestrian -1 -1 -6.0455 0.0000 184.5574 14.5938 219.6889 1.7967 0.6017 0.8364 -31.2998 2.0102 36.7206 -6.7456 -1.1544
Pedestrian -1 -1 -7.8225 789.1600 162.1149 802.9990 195.1353 1.7438 0.6921 0.7466 10.2012 0.7730 37.7959 -7.5593 -1.5710
Pedestrian -1 -1 -6.7107 989.5044 149.3975 1029.1005 222.4705 1.8358 0.6746 0.6572 10.3139 1.0547 18.1268 -6.1992 -1.5869
Pedestrian -1 -1 -4.0924 277.0815 176.5251 317.0993 258.0286 1.6310 0.5404 0.5346 -6.3409 1.5518 14.4684 -4.4958 -1.6518
Car -1 -1 -7.5095 0.0000 187.7954 43.1784 220.2820 1.6161 1.6688 4.1065 -32.3494 2.0351 38.3818 -8.2042 -1.8860
Pedestrian -1 -1 -4.5305 116.2627 155.6275 136.6548 199.6738 2.1242 0.6545 1.0008 -23.4883 0.9249 34.6877 -5.1196 -1.8919
Car -1 -1 -4.7433 677.4138 170.4186 698.7311 189.4351 1.4570 1.5611 3.8418 6.5759 0.6846 56.1534 -4.6256 -1.9162
Pedestrian -1 -1 -2.8583 723.6069 162.4946 735.4047 185.8803 1.8360 0.5572 0.7950 9.8583 0.4224 55.9349 -2.6830 -2.0622
Car -1 -1 -4.4469 0.0000 192.0029 102.3660 253.8859 1.5069 1.6404 3.9201 -15.8650 1.8692 20.1311 -5.1051 -2.1257
Car -1 -1 -8.0926 517.4019 168.6930 559.2561 195.5673 1.5955 1.6641 4.1856 -4.2280 0.8946 44.2254 -8.1854 -2.1480
