Car -1 -1 -5.1521 459.5344 173.0360 528.5479 208.1573 1.4916 1.6593 3.7304 -5.1038 1.1748 32.0392 -5.3067 1.9706
Car -1 -1 -4.2200 76.1506 183.7486 225.9408 246.8684 1.6365 1.7237 4.5780 -13.2152 1.7436 20.9104 -4.7752 1.3676
Car -1 -1 -6.8447 1167.1011 147.7418 1223.0000 196.7441 1.4914 1.6046 3.8234 20.5957 0.4947 22.6353 -6.1118 1.0966
Cyclist -1 -1 -7.6063 306.0685 175.6908 338.9130 223.8521 1.7683 0.6796 2.0355 -10.7982 1.5919 27.0122 -7.9809 1.0589
Car -1 -1 -7.1861 0.0000 204.3813 286.6288 369.0000 1.4387 1.4956 3.4906 -3.1379 1.6165 3.4928 -7.8725 0.8252
Car -1 -1 -6.0217 0.0000 200.4064 19.0386 271.0276 1.4676 1.6041 4.1226 -17.2497 2.0048 17.3616 -6.7932 -1.0771
Cyclist -1 -1 -5.3621 876.0535 155.9167 911.2427 194.3373 1.7737 0.5632 1.8091 13.6707 0.6390 33.5871 -4.9771 -1.2943
Car -1 -1 -7.6823 0.0000 185.4034 49.9342 216.3336 1.5584 1.6385 3.9091 -31.5669 1.8394 38.3959 -8.3647 -1.3199
Pedestrian -1 -1 -4.2293 37.6962 205.3326 61.3537 246.4794 1.1443 0.4008 0.3755 -15.8629 1.8599 20.1471 -4.8871 -1.4986
Pedestrian -1 -1 -4.1369 273.4505 172.8361 318.2787 256.8590 1.6741 0.5671 0.6676 -6.3613 1.5218 14.4647 -4.5415 -1.4999
Pedestrian -1 -1 -7.0648 992.8256 149.5497 1033.3640 220.7253 1.7890 0.6770 0.5984 10.4433 1.0114 18.1772 -6.5491 -1.5049
Pedestrian -1 -1 -7.6220 787.8251 161.1082 804.5845 194.9724 1.7895 0.7450 0.6117 10.2102 0.7649 37.8096 -7.3586 -1.8025
Car -1 -1 -7.6937 0.0000 185.9336 18.1084 217.2207 1.5520 1.6025 3.7183 -32.7447 1.8578 37.7720 -8.4021 -1.8827
Cyclist -1 -1 -7.2047 42.2930 187.8462 98.5061 246.1074 1.6427 0.3980 1.6634 -15.8668 1.8696 20.9791 -7.8434 -1.9796
Pedestrian -1 -1 -2.9194 1007.4359 151.8671 1047.8203 280.0044 1.7327 0.4692 0.3962 5.8475 1.3459 9.8678 -2.3967 -2.0570
Car -1 -1 -7.9539 776.6802 154.4092 807.4044 186.3774 2.3867 1.8689 4.5114 14.5480 0.4388 55.1625 -7.6957 -2.0822
Car -1 -1 -5.2541 1050.7155 155.7544 1223.0000 229.8615 1.4732 1.5722 3.7526 11.8791 0.9816 15.9942 -4.6231 -2.0859
