Car -1 -1 -6.3908 784.7469 163.8918 900.9775 211.8137 1.5428 1.6046 3.5638 7.9181 1.0084 23.9191 -6.0733 2.2868
Car -1 -1 -7.1689 0.0000 203.9408 288.7779 369.0000 1.4508 1.5211 3.5714 -3.1576 1.6257 3.4690 -7.8615 0.9175
Cyclist -1 -1 -8.1109 988.6947 150.2729 1025.1890 222.3492 1.7800 0.3867 1.7074 10.3605 1.0339 18.3366 -7.6023 -0.5893
Cyclist -1 -1 -5.2970 873.7582 152.2174 908.2391 192.4545 1.8483 0.6392 1.7622 13.4718 0.5493 33.4059 -4.9151 -0.9051
Car -1 -1 -7.7006 0.0000 186.9029 48.6021 218.8808 1.5994 1.6703 4.0358 -31.6265 1.9668 38.3921 -8.3840 -1.0343
Car -1 -1 -5.9763 0.0000 201.2531 19.4546 271.4229 1.4702 1.5911 3.9568 -17.1454 2.0265 17.3504 -6.7451 -1.2928
Pedestrian -1 -1 -7.5095 787.3422 161.1231 803.7208 194.4795 1.7659 0.7011 0.5542 10.1866 0.7402 37.8584 -7.2470 -1.2972
Pedestrian -1 -1 -7.6691 0.0000 184.3276 10.9453 218.9550 1.7672 0.5697 0.7502 -31.2678 1.9683 36.6539 -8.3695 -1.5835
Pedestrian -1 -1 -4.2232 37.0419 206.2735 60.9317 246.9800 1.1322 0.4052 0.3770 -15.8919 1.8756 20.1645 -4.8814 -1.6515
Cyclist -1 -1 -4.2356 0.0000 187.8559 52.9025 253.6024 1.7001 0.5069 1.6844 -15.9154 1.9109 19.3553 -4.9142 -1.9564
Pedestrian -1 -1 -7.3590 907.1434 161.7882 925.0715 194.1929 1.7183 0.6385 0.6723 16.6827 0.7262 37.9509 -6.9462 -2.0561
Pedestrian -1 -1 -3.8943 0.0000 204.9768 25.9082 255.4774 1.2868 0.4198 0.4187 -15.5569 1.9348 18.4774 -4.5841 -2.0650
Cyclist -1 -1 -6.7225 39.8364 185.3740 118.4600 246.7101 1.7254 0.5462 1.8088 -15.5900 1.8766 20.9611 -7.3532 -2.1253
Car -1 -1 -4.4724 53.0286 174.2926 96.3666 196.2040 1.5802 1.6596 4.1327 -39.8418 1.1326 53.2177 -5.1104 -2.1547
Car -1 -1 -5.2852 1078.9546 151.5061 1223.0000 231.0972 1.5024 1.6267 3.9189 12.2508 0.9555 15.3724 -4.6207 -2.1907
