Car -1 -1 -4.1528 0.0000 191.0027 126.9178 278.1446 1.5411 1.7026 4.4014 -12.5508 1.8031 15.3374 -4.8269 1.1629
Car -1 -1 -7.0972 0.0000 204.4261 301.9706 369.0000 1.4654 1.6003 3.8459 -3.2001 1.6464 3.3779 -7.8085 0.8510
Car -1 -1 -5.3971 502.4537 172.3537 590.6096 210.2417 1.4597 1.6008 3.7635 -2.4872 1.1461 29.1499 -5.4795 0.2375
Cyclist -1 -1 -4.1697 191.4861 176.9361 258.7071 249.4173 1.8010 0.6558 1.9007 -9.9564 1.7128 18.5367 -4.6539 -0.5319
Pedestrian -1 -1 -4.9103 881.4689 155.3535 899.2015 194.7045 1.8360 0.6141 0.8834 13.4831 0.6629 33.4784 -4.5290 -0.8303
Pedestrian -1 -1 -7.1816 986.2540 147.4915 1033.2860 221.6120 1.8506 0.6347 0.8849 10.3242 1.0268 18.1135 -6.6693 -1.2292
Car -1 -1 -8.1482 545.5680 167.1889 585.7351 190.7329 1.5049 1.6081 3.9481 -2.6817 0.6541 47.3231 -8.2026 -1.6549
Pedestrian -1 -1 -4.1310 276.7632 176.0940 317.1051 258.1549 1.6397 0.5148 0.5925 -6.3413 1.5520 14.4647 -4.5345 -1.7452
Pedestrian -1 -1 -5.4825 1105.1500 165.8575 1137.9711 221.6949 1.3564 0.4666 0.4570 12.6922 1.0011 17.4363 -4.8603 -1.8328
Pedestrian -1 -1 -7.7279 788.3239 161.0150 803.9000 194.7259 1.7813 0.7249 0.6832 10.2075 0.7519 37.8148 -7.4647 -1.8453
Car -1 -1 -4.5715 478.4404 170.7715 510.8605 195.8365 1.5779 1.5838 3.7454 -7.2015 0.9655 46.3907 -4.7228 -2.1637
