Car -1 -1 -7.9629 699.0719 174.7658 753.9057 215.0943 1.4181 1.6053 4.1630 4.3443 1.4967 27.6872 -7.8095 6.3454
Cyclist -1 -1 -3.0382 770.2482 166.3124 811.7260 198.8502 1.6365 0.8728 1.9879 9.2531 1.3072 37.0382 -2.7956 4.4610
Car -1 -1 -3.5431 1080.4031 155.5856 1154.4501 178.1527 1.6588 1.6807 4.2371 38.0903 0.3892 54.2958 -2.9339 1.4808
Car -1 -1 -3.2179 766.5233 166.8315 820.4669 186.3451 1.5870 1.6683 4.2176 15.1535 1.0969 59.8605 -2.9714 1.4762
Car -1 -1 -3.2535 888.5908 162.7200 950.3827 182.7308 1.5567 1.6734 4.3649 24.5994 0.7680 57.5563 -2.8516 1.3156
Car -1 -1 -3.4307 980.4882 158.2428 1037.7749 181.2653 1.7066 1.5998 3.4810 30.1476 0.6232 54.6345 -2.9288 0.7082
Pedestrian -1 -1 -4.1985 79.0125 170.4825 113.6691 222.2675 1.8217 0.6637 0.8797 -18.4399 1.7380 25.8533 -4.8133 0.5905
Pedestrian -1 -1 -6.3786 551.9608 172.4908 562.6844 198.5830 1.6466 0.6691 0.6189 -3.3884 1.6234 45.9161 -6.4522 -0.0384
Pedestrian -1 -1 -5.4605 541.8401 169.7660 558.2755 199.6779 1.7752 0.7253 0.6639 -3.6335 1.5916 43.3132 -5.5441 -0.3102
Car -1 -1 -4.2838 301.9429 174.2923 344.5624 196.0783 1.6334 1.5976 3.9415 -22.3739 1.7495 56.3725 -4.6602 -0.4389
Car -1 -1 -3.9661 223.5030 184.1043 274.3392 203.9726 1.5068 1.5843 3.7642 -29.5188 2.4588 59.0462 -4.4282 -0.7398
Car -1 -1 -8.0238 1152.9930 163.1744 1241.0000 217.2625 1.5402 1.6092 3.9321 18.3461 1.2643 22.6570 -7.3498 -1.0229
Car -1 -1 -4.7897 853.7833 172.5006 879.5570 191.8067 1.4525 1.5809 3.9944 20.0040 1.4256 56.4191 -4.4510 -1.0730
Car -1 -1 -5.3247 1221.2543 158.7744 1241.0000 222.8207 1.4998 1.6592 4.1419 18.4570 1.1698 19.0683 -4.5635 -1.9054
Car -1 -1 -7.9828 945.2078 156.1244 974.9471 180.5561 1.8445 1.6228 3.6714 27.3300 0.5812 56.4712 -7.5342 -2.1159
