Car -1 -1 -8.0699 746.7144 178.5467 878.0894 263.4958 1.4392 1.6172 4.2258 3.8620 1.5714 14.6520 -7.8180 7.7343
Car -1 -1 -5.8876 368.4913 179.9153 434.2214 204.4807 1.4654 1.4871 3.6028 -12.8875 1.9102 44.5309 -6.1681 4.0172
Cyclist -1 -1 -3.0967 836.2897 167.7847 899.2284 217.7228 1.6105 0.8704 1.9421 8.5407 1.4467 24.0355 -2.7596 3.4612
Car -1 -1 -3.6213 627.8486 173.2668 701.4481 198.4181 1.5146 1.6575 4.3115 3.3870 1.5411 45.1167 -3.5473 3.3753
Car -1 -1 -3.2493 812.4497 167.1159 882.6095 191.8753 1.5685 1.6704 4.1752 15.3635 1.2047 46.9549 -2.9353 2.5232
Pedestrian -1 -1 -3.1380 494.4107 172.7596 508.0766 214.5004 1.7094 0.8210 0.5542 -4.5637 1.7052 29.9955 -3.2882 1.9425
Car -1 -1 -3.3875 978.1288 164.6311 1063.2156 189.4080 1.4903 1.5957 4.3230 25.3501 0.9954 44.7392 -2.8750 1.9312
Car -1 -1 -2.3194 296.6540 182.6169 343.6443 200.6063 1.6022 1.7030 4.1822 -27.2324 2.5408 67.7291 -2.7007 0.7533
Car -1 -1 -4.8668 266.1621 181.6924 301.1229 205.6464 1.4920 1.5861 3.7095 -21.9487 2.1088 48.3940 -5.2908 0.0542
Pedestrian -1 -1 -8.5868 868.5082 165.0833 884.1803 193.4449 1.7917 0.6730 0.6533 16.9485 1.3005 46.0116 -8.2363 -0.2841
Car -1 -1 -3.7252 1162.2192 159.0585 1241.0000 186.7134 1.5921 1.6113 3.5495 34.9408 0.7976 42.5193 -3.0408 -0.5830
Car -1 -1 -7.8619 752.6484 171.7534 784.2634 199.9987 1.5038 1.6511 3.7208 8.8093 1.4449 40.4041 -7.6491 -0.7619
Car -1 -1 -4.2440 75.6008 183.2264 137.7697 209.1217 1.4793 1.6078 3.8239 -31.2197 2.1523 44.8295 -4.8497 -0.8115
Car -1 -1 -8.0613 1058.1743 163.8387 1096.9626 185.6571 1.5761 1.6451 4.0015 35.0900 0.9246 54.2844 -7.4900 -1.2502
Car -1 -1 -4.6859 141.5947 185.5892 190.7836 227.2881 1.4330 1.5129 3.6806 -17.1839 1.9612 27.9733 -5.2328 -1.3582
Car -1 -1 -3.5982 109.1301 175.4273 208.2065 209.5440 1.6600 1.6145 4.0826 -23.4637 1.8014 37.5914 -4.1533 -1.6952
Car -1 -1 -7.1772 24.7083 185.4974 160.4412 236.4849 1.4707 1.5794 3.8009 -16.8869 1.9202 23.7242 -7.7907 -1.7900
