Car -1 -1 -8.2275 812.8441 187.2725 1126.4763 358.5100 1.3841 1.6340 4.0468 3.5957 1.5888 8.2190 -7.8292 7.8311
Car -1 -1 -3.9217 474.0854 175.9453 562.5469 210.6378 1.4631 1.6236 4.0184 -4.1541 1.6126 32.8816 -4.0468 5.6596
Car -1 -1 -3.4900 711.9565 167.4471 792.1620 198.2326 1.6839 1.7081 4.0928 7.9330 1.3878 40.6300 -3.2989 4.9070
Car -1 -1 -5.3744 223.9632 180.3339 296.8374 211.0042 1.5631 1.6237 3.6987 -18.9754 1.9839 39.0747 -5.8241 3.6654
Cyclist -1 -1 -3.3178 891.0835 170.6244 982.5087 237.8138 1.5814 0.8669 1.9058 7.8918 1.5286 17.6283 -2.9038 3.4076
Pedestrian -1 -1 -5.9828 446.5388 171.3912 471.0885 225.7856 1.7422 0.7608 0.5846 -4.9692 1.6950 23.5158 -6.1893 2.0826
Car -1 -1 -3.3310 896.0319 166.6327 989.9177 194.5550 1.5092 1.7122 4.5210 18.5001 1.1726 40.3622 -2.9043 1.9207
Car -1 -1 -4.4189 574.7145 174.4791 603.6058 192.0424 1.5670 1.6165 3.9097 -1.9190 1.7221 66.8641 -4.4478 1.0867
Car -1 -1 -7.0698 0.0000 182.0052 72.2432 211.4850 1.4822 1.5151 3.5249 -31.4842 2.0031 39.2540 -7.7426 0.9041
Car -1 -1 -4.0040 30.1316 185.0023 135.4988 220.1066 1.4671 1.6056 4.2441 -24.6210 2.0734 33.8458 -4.6293 0.2367
Car -1 -1 -4.5969 441.6241 176.3339 479.6503 204.5522 1.4714 1.6266 3.9446 -8.2976 1.6746 40.1610 -4.7998 -0.5622
Pedestrian -1 -1 -2.8309 415.0298 177.9691 424.7751 197.3066 1.8024 0.4492 0.7836 -17.8365 2.2832 67.6265 -3.0882 -0.5850
Car -1 -1 -5.3821 243.7662 183.3415 306.9756 210.1586 1.4960 1.5775 3.5056 -19.9427 2.1412 42.9153 -5.8150 -0.6957
Pedestrian -1 -1 -8.0662 987.6022 166.0701 1039.6101 256.0442 1.6880 0.7858 0.4766 7.6957 1.5604 13.8756 -7.5694 -1.8865
Car -1 -1 -6.4989 1025.7692 164.0986 1103.5023 187.2036 1.5444 1.6518 4.2732 31.2192 0.9589 49.7252 -5.9411 -2.1524
