Car -1 -1 -4.0132 348.4081 178.7588 461.8498 225.5401 1.4666 1.7160 3.8900 -7.1143 1.6906 25.2831 -4.2852 6.8918
Car -1 -1 -3.6103 641.2225 169.8858 725.8880 204.3717 1.6843 1.6812 3.9565 3.7013 1.5390 36.7378 -3.5112 6.5707
Car -1 -1 -8.3765 867.7531 189.1374 1241.0000 374.0000 1.4469 1.6758 4.2586 3.5617 1.6238 5.7127 -7.8430 6.4891
Cyclist -1 -1 -3.3212 933.2173 167.3754 1046.7990 247.2133 1.5993 0.8704 1.9794 7.8732 1.4892 15.1545 -2.8505 5.1377
Car -1 -1 -6.6740 501.3003 177.5030 573.2617 206.1490 1.4516 1.5501 3.5001 -3.9179 1.7095 38.5623 -6.7750 4.7724
Car -1 -1 -3.3375 851.1078 168.6975 950.5372 198.4760 1.5322 1.7071 4.6572 15.3463 1.3181 38.3860 -2.9601 4.7300
Car -1 -1 -5.5022 221.5119 181.3815 307.0717 213.5256 1.4837 1.5517 3.7937 -16.9870 1.9176 35.3826 -5.9472 4.6105
Pedestrian -1 -1 -6.0212 421.1790 171.5443 447.9135 232.3956 1.7280 0.7574 0.5752 -5.1187 1.6905 20.8751 -6.2593 4.5172
Car -1 -1 -6.8653 215.2601 183.6615 272.2614 202.7292 1.4628 1.6001 3.9984 -30.3781 2.3917 59.9023 -7.3330 0.9804
Car -1 -1 -4.6747 570.0087 176.2460 589.2948 193.3676 1.4574 1.5683 4.0056 -2.6972 1.7684 64.2195 -4.7169 -0.2100
Pedestrian -1 -1 -5.5783 398.3370 177.6988 415.9935 206.6320 1.7535 0.7458 0.7387 -12.5109 2.0546 44.3879 -5.8519 -1.4287
Car -1 -1 -3.2925 938.2303 167.2441 1011.3901 191.0905 1.5386 1.6613 4.1327 24.1537 1.1763 47.9802 -2.8289 -1.5612
