Car -1 -1 -3.6428 669.6000 167.7473 766.8178 211.8004 1.7613 1.6181 3.7113 4.4858 1.5568 30.2526 -3.4976 5.7163
Car -1 -1 -3.8397 332.8667 179.4638 492.5190 238.4166 1.4842 1.6386 4.4561 -5.6353 1.6971 20.9740 -4.0996 5.6105
Pedestrian -1 -1 -5.9271 324.7360 171.6439 369.7219 264.1817 1.7503 0.7920 0.5822 -5.1566 1.7271 14.0460 -6.2735 3.7881
Car -1 -1 -4.4198 560.0991 177.0245 595.5046 196.5059 1.4654 1.6722 4.2264 -2.5474 1.8104 57.4923 -4.4643 1.7094
Car -1 -1 -4.3630 517.9703 178.7032 552.7817 197.5491 1.4292 1.5346 3.9386 -5.9960 1.9171 58.1186 -4.4657 1.2455
Car -1 -1 -5.2132 521.1766 178.1847 557.4436 196.3129 1.5290 1.6069 3.7278 -6.3225 2.0164 64.0206 -5.3116 -0.2661
Pedestrian -1 -1 -5.7326 1166.1681 211.7500 1225.7106 302.5688 1.0630 0.3524 0.4585 7.2120 1.5605 8.9586 -5.0714 -0.4415
Car -1 -1 -4.5963 586.9010 176.7700 609.4459 194.6884 1.5117 1.5640 3.7961 -1.0391 1.8678 63.6993 -4.6129 -1.1143
Car -1 -1 -8.3275 1150.8657 162.7587 1239.1469 202.4928 1.5772 1.5399 3.2892 24.5006 1.1762 30.4056 -7.6542 -1.2751
Pedestrian -1 -1 -3.1807 857.7651 167.0345 879.7612 218.7635 1.6225 0.5661 0.6342 8.1928 1.4396 22.9946 -2.8430 -1.3106
Pedestrian -1 -1 -7.5301 384.9722 178.2879 396.8634 202.3492 1.7687 0.6146 0.8280 -16.3164 2.1756 53.6516 -7.8243 -1.3691
Pedestrian -1 -1 -2.2258 176.4902 183.1444 191.8218 208.8040 1.7790 0.4804 0.8997 -29.9712 2.5078 50.7305 -2.7574 -1.7990
Car -1 -1 -4.5043 392.9069 175.7023 439.5880 209.3809 1.6713 1.6186 3.8346 -10.2048 1.8291 38.0938 -4.7647 -2.0150
Car -1 -1 -8.0207 375.0968 176.5244 406.6000 200.7668 1.7697 1.6643 4.0802 -16.9276 2.0631 55.5349 -8.3156 -2.0536
Pedestrian -1 -1 -7.2610 363.4388 176.4433 405.8382 249.6227 1.6373 0.7599 0.5331 -5.2151 1.7211 16.5441 -7.5624 -2.1152
