Car -1 -1 -6.5920 984.5967 167.8016 1104.3148 202.8729 1.5138 1.6582 4.3066 19.3795 1.2954 32.4333 -6.0577 5.6848
Pedestrian -1 -1 -5.7378 281.5093 174.5942 335.9007 276.6826 1.7165 0.7745 0.5516 -5.2911 1.7476 12.5713 -6.1293 4.1000
Car -1 -1 -4.6273 558.6923 178.3720 583.2296 197.6552 1.4144 1.5722 4.0256 -3.0308 1.8589 56.1257 -4.6814 1.2103
Pedestrian -1 -1 -7.2437 391.5091 180.1949 405.3988 206.4257 1.7749 0.5673 0.7861 -14.5551 2.2834 49.5448 -7.5284 -0.1185
Car -1 -1 -7.1568 229.7886 183.9668 295.3250 209.4055 1.5873 1.6625 4.2932 -23.6892 2.3816 49.3056 -7.6029 -0.5919
Car -1 -1 -4.6340 578.6437 176.6295 599.8225 195.0527 1.5265 1.5470 3.7553 -1.7954 1.8631 62.4825 -4.6630 -0.8358
Car -1 -1 -4.6993 537.8317 179.5261 556.4128 198.1160 1.5358 1.5689 4.0133 -5.5007 2.1385 63.1473 -4.7863 -1.0091
Car -1 -1 -3.9128 176.1938 189.2019 233.9082 211.7451 1.5127 1.5987 3.6218 -29.8442 2.7630 53.2308 -4.4219 -1.7736
Car -1 -1 -3.4042 0.0000 189.9535 81.7000 225.9925 1.5339 1.5620 3.8440 -27.9599 2.4020 34.6311 -4.0798 -1.7894
Car -1 -1 -5.2880 211.6858 187.7661 263.2476 211.0128 1.5086 1.6178 3.3843 -26.0304 2.5807 50.3462 -5.7633 -1.8291
Car -1 -1 -3.3840 1095.7596 166.7560 1188.4829 194.6880 1.4880 1.6077 3.8492 29.3006 1.1629 39.9099 -2.7544 -1.9978
