Car -1 -1 2.0171 95.3814 192.8685 404.9473 361.4933 1.5049 1.6584 4.4636 -4.1781 1.8234 9.2187 1.5915 14.2407
Car -1 -1 1.3426 750.7298 168.7831 844.7641 233.7987 1.6535 1.6572 4.1042 5.1307 1.5504 20.4149 1.5888 12.2024
Car -1 -1 1.8530 351.1293 192.5675 481.9471 278.2468 1.4440 1.5904 3.8832 -3.9058 1.9085 15.0239 1.5986 12.0704
Car -1 -1 -1.4908 655.3746 180.7243 696.6109 218.4806 1.5318 1.5473 3.3814 2.9138 1.8989 31.8182 -1.3995 10.8395
Car -1 -1 1.7952 440.0073 181.5428 523.2593 245.3697 1.6652 1.6199 3.7158 -3.7204 1.9441 21.2343 1.6217 8.7040
Car -1 -1 -0.7022 1160.9913 118.0441 1241.0000 246.6054 1.7122 1.7411 4.5171 11.1179 0.9826 10.7031 0.1022 8.0049
Car -1 -1 1.7282 494.6980 186.5833 550.6285 228.3742 1.4197 1.5644 3.6951 -3.3158 1.9813 27.6171 1.6087 7.2552
Car -1 -1 -0.1787 736.8302 171.9064 874.4723 218.0775 1.5059 1.6150 4.2887 6.5084 1.4754 24.5089 0.0808 6.8703
Car -1 -1 -1.0284 698.2980 180.6164 754.9425 210.4574 1.5472 1.5843 3.4035 6.4869 1.9991 40.1597 -0.8683 5.7669
Car -1 -1 2.4620 0.0000 199.8316 120.9073 374.0000 1.5097 1.6138 4.2666 -4.3044 1.7068 3.0819 1.5126 4.3835
Car -1 -1 -1.1940 663.1375 181.4414 720.6262 215.1431 1.5436 1.6167 3.6768 4.1050 1.9971 36.0680 -1.0807 1.9735
Car -1 -1 1.6192 544.2435 182.8629 572.0893 207.7382 1.5157 1.6403 4.1753 -3.4213 2.2078 47.7618 1.5477 1.3483
Car -1 -1 1.7726 439.0324 171.4205 476.1899 195.4680 1.5327 1.6451 4.0314 -10.1179 1.4417 48.0058 1.5649 0.4886
Car -1 -1 1.8193 440.5531 185.9648 469.9280 204.3395 1.4813 1.5781 3.9977 -13.5129 2.6649 63.0859 1.6083 0.4773
Car -1 -1 1.8236 401.3739 177.9706 439.4343 200.4819 1.4689 1.6125 3.9527 -13.1053 1.8376 49.9586 1.5670 0.4365
