Car -1 -1 1.7236 408.7932 184.7087 477.9375 235.3364 1.4363 1.6003 3.9627 -5.3652 1.8555 23.4538 1.4988 12.6622
Car -1 -1 2.7137 773.0769 165.8944 1022.0631 247.2169 1.4811 1.6516 4.2131 5.4435 1.3547 14.0870 3.0825 12.3275
Car -1 -1 -0.6924 1102.8634 146.6284 1231.6793 186.1365 1.5005 1.5556 3.8991 21.7155 0.5048 28.2505 -0.0370 11.2870
Car -1 -1 1.4742 643.7387 174.4217 680.4996 201.6927 1.4808 1.6773 4.5562 2.9235 1.5769 41.7409 1.5441 9.4760
Car -1 -1 -0.6498 1067.0859 149.7405 1190.8871 184.9807 1.4584 1.6370 4.1357 22.0020 0.5022 30.7339 -0.0285 8.9576
Car -1 -1 1.6295 507.3768 177.5553 555.7222 221.3485 1.6040 1.6877 4.2399 -3.1283 1.8077 29.0471 1.5222 8.4878
Car -1 -1 -1.5089 592.9235 178.5915 617.9088 200.3848 1.5205 1.6201 3.6789 -0.3344 1.9589 53.2097 -1.5152 7.3173
Car -1 -1 -2.1334 942.2743 156.8111 1007.5685 186.0549 1.6381 1.6635 3.7637 21.3138 0.7398 42.3674 -1.6673 7.3079
Car -1 -1 -2.0318 906.2172 154.1284 964.5040 181.6505 1.5374 1.6275 3.6893 18.9134 0.4917 42.1786 -1.6103 6.7638
Car -1 -1 -0.6526 1030.9101 152.1044 1144.7451 184.9527 1.4676 1.6538 4.2363 21.8998 0.5409 33.2073 -0.0695 6.0012
Car -1 -1 -0.3288 766.8140 158.2041 883.7741 196.0264 1.6601 1.7482 4.7597 9.6373 1.0175 32.6399 -0.0417 5.2087
Car -1 -1 1.7451 446.0734 183.9048 501.4492 223.6465 1.4660 1.5768 3.9538 -5.5746 1.9518 29.7039 1.5596 4.8975
Car -1 -1 -2.0126 1011.6586 149.0939 1079.6784 181.1250 1.7853 1.7309 4.3304 25.4957 0.4614 42.4533 -1.4718 3.4413
Car -1 -1 2.9169 720.8981 173.1454 790.6096 197.2962 1.4593 1.6136 3.9500 8.9156 1.4779 44.4751 3.1148 2.9434
Car -1 -1 1.5254 466.7350 182.4518 505.6062 217.2978 1.5468 1.6825 4.2872 -6.1918 2.0504 35.5541 1.3530 0.2258
Car -1 -1 -2.1162 280.1624 155.6580 369.3873 194.4811 1.4615 1.5656 3.8236 -11.5144 0.8145 28.9363 -2.4949 -0.0857
Car -1 -1 -1.6304 626.9227 172.4808 648.0192 190.0735 1.4638 1.5787 3.8511 2.3097 1.4331 61.9739 -1.5932 -1.4938
