Car -1 -1 2.0157 0.0000 195.0292 335.1827 374.0000 1.4867 1.6149 3.8054 -3.6713 1.7307 5.9455 1.4625 9.2155
Car -1 -1 2.9589 625.3059 168.0822 717.1934 199.3876 1.5464 1.6652 4.4246 3.0385 1.3110 36.6887 3.0416 7.7930
Car -1 -1 -0.4479 840.5301 155.3695 906.1777 176.2182 1.4648 1.6018 4.1316 18.8123 0.2367 51.6907 -0.0988 4.4123
Car -1 -1 1.7319 463.1332 177.6438 498.9602 203.0475 1.5050 1.6195 3.8880 -8.1046 1.8200 45.4377 1.5554 3.4268
Car -1 -1 -1.8884 765.2033 160.0470 795.3464 176.9399 1.4843 1.5915 3.6437 15.3494 0.3594 65.2794 -1.6575 3.1763
Car -1 -1 -1.9332 790.0685 158.9335 821.5231 175.2849 1.4479 1.5739 3.6432 17.7928 0.2156 65.7784 -1.6690 1.7408
Car -1 -1 1.4479 705.4207 161.0546 732.2011 180.7077 1.4854 1.6083 3.8379 8.4554 0.5940 56.4727 1.5965 1.4384
Car -1 -1 1.6092 591.0175 172.5441 611.2201 189.8511 1.4842 1.6357 4.1113 -0.7795 1.4580 63.9511 1.5971 1.2767
Car -1 -1 -1.6731 748.9435 162.9443 769.3178 178.8265 1.4889 1.5700 3.4705 14.3105 0.5603 69.4434 -1.4699 -1.5003
Car -1 -1 1.7593 468.6793 178.4915 501.9980 201.3532 1.4614 1.5703 3.6418 -8.4304 1.8579 48.8600 1.5884 -1.5941
Car -1 -1 -0.5407 1215.3137 109.4434 1241.0000 241.8142 1.5098 1.6249 3.9551 10.7874 0.7869 9.5928 0.3032 -2.0741
