Car -1 -1 1.0939 883.1372 150.6022 1224.7328 317.4621 1.6459 1.7167 4.6446 5.2123 1.4267 9.4588 1.5976 12.9358
Car -1 -1 1.9550 233.3314 176.8988 444.8528 323.8416 1.7159 1.5933 3.4891 -3.6700 1.7839 10.2969 1.6126 12.0729
Car -1 -1 -1.5573 680.4015 178.5089 741.5418 236.3349 1.5041 1.6164 3.5983 2.9129 1.6843 21.0373 -1.4197 12.0657
Car -1 -1 1.7934 412.0446 188.1420 515.2738 261.9429 1.4285 1.5436 3.6529 -3.2829 1.8192 16.5749 1.5978 11.3850
Car -1 -1 1.7045 467.0262 181.9781 539.1531 238.7190 1.4858 1.6064 3.9833 -3.1380 1.7838 21.5353 1.5598 10.2261
Car -1 -1 -0.4114 831.5928 168.3957 1109.6240 248.2920 1.4153 1.6541 4.4312 6.6167 1.3367 13.6914 0.0388 9.3692
Car -1 -1 -1.2334 692.8257 176.6514 769.4042 221.5171 1.4301 1.5679 3.5093 4.2535 1.5734 25.2362 -1.0664 8.3572
Car -1 -1 2.3114 0.0000 206.2377 259.4437 374.0000 1.4721 1.5228 3.5015 -3.8356 1.7577 4.3942 1.5938 8.2032
Car -1 -1 -1.0451 733.7824 170.9886 808.3098 211.6784 1.5462 1.5279 3.2184 6.4916 1.4757 29.1161 -0.8257 6.6633
Car -1 -1 -0.0117 320.4741 175.4099 381.8466 194.6676 1.4804 1.6391 4.5386 -20.6080 1.6898 57.4387 -0.3562 6.0659
Car -1 -1 -1.0190 877.1581 164.5172 938.1884 189.9596 1.4627 1.5975 3.8599 17.8348 0.9838 43.2585 -0.6280 1.1335
Car -1 -1 1.2464 859.2702 155.7968 891.9466 173.6368 1.6125 1.6793 3.9534 24.6793 0.0711 67.2136 1.5983 0.9984
Car -1 -1 1.5456 588.4492 171.4985 605.9967 187.1409 1.4758 1.6026 3.7935 -1.2793 1.3483 70.0007 1.5273 -1.0006
Car -1 -1 -1.2134 752.1318 152.7933 800.6345 181.9368 1.7656 1.6996 4.0391 10.5854 0.5506 45.8626 -0.9866 -1.6304
Car -1 -1 1.2209 883.5873 151.0340 923.3333 171.0862 1.4994 1.5837 4.0299 22.8381 -0.1427 56.3506 1.6060 -1.8744
Car -1 -1 1.8128 383.9528 182.4943 419.3848 204.3288 1.4645 1.5889 3.8132 -15.0065 2.1860 52.0385 1.5321 -1.9792
