Car -1 -1 1.2593 795.5567 165.2725 950.0672 257.8755 1.6438 1.6988 4.3709 5.1809 1.5095 15.0078 1.5917 13.3668
Car -1 -1 1.9658 173.7681 193.4269 421.2499 343.1979 1.4905 1.6066 3.8659 -3.9055 1.8215 9.6524 1.5813 12.9139
Car -1 -1 1.8319 376.7660 184.9739 497.1440 272.5773 1.6181 1.5984 3.9022 -3.6909 1.9179 15.8471 1.6031 12.2236
Car -1 -1 1.7603 465.0484 187.9877 538.1790 241.5988 1.4320 1.5742 3.5206 -3.2753 1.9330 22.0745 1.6130 10.2263
Car -1 -1 -1.5283 664.4808 181.8219 712.8581 226.8569 1.4850 1.6120 3.6523 2.9006 1.8385 26.4838 -1.4192 9.9185
Car -1 -1 2.3985 0.0000 201.5542 231.9586 374.0000 1.5526 1.6527 4.5160 -4.1297 1.7981 3.8929 1.5836 9.2911
Car -1 -1 -1.2212 676.7498 179.4349 740.6241 217.8450 1.4993 1.5843 3.5314 4.2186 1.7979 30.7558 -1.0848 7.7017
Car -1 -1 1.7051 493.8038 183.8723 551.6495 228.6713 1.4850 1.6140 4.0618 -3.2241 1.9283 26.9630 1.5861 7.0938
Car -1 -1 -1.0156 713.6237 177.2598 778.0411 211.2282 1.5282 1.5575 3.2565 6.5118 1.7506 34.6332 -0.8298 5.4574
Car -1 -1 2.4330 793.1596 164.0915 837.5931 179.4521 1.4456 1.6060 4.0439 19.7627 0.6213 69.4771 2.7102 4.8988
Car -1 -1 -1.4796 554.0335 179.5124 573.6889 195.1710 1.4818 1.5997 4.0349 -4.5960 2.1658 72.0480 -1.5433 1.9965
Car -1 -1 1.1814 522.2769 182.7723 573.0621 210.4143 1.4685 1.5876 3.8503 -3.7007 2.0732 41.8919 1.0933 0.3517
Car -1 -1 3.1686 344.9251 178.8296 418.1382 207.2996 1.5009 1.6232 3.7851 -12.6163 1.8424 39.8847 2.8622 -1.6489
