Car -1 -1 1.7210 447.2726 174.0029 541.8031 248.6479 1.6134 1.6741 4.1765 -2.7526 1.6453 17.7482 1.5672 12.8359
Car -1 -1 2.5597 860.7798 155.0817 1241.0000 298.4332 1.5806 1.6558 4.2458 5.4340 1.3850 8.8464 3.1105 12.7466
Car -1 -1 1.7392 353.6598 179.2336 450.7301 249.6830 1.5443 1.6655 4.3484 -5.2180 1.7279 18.4721 1.4638 12.0919
Car -1 -1 -0.3561 808.0735 148.3485 950.9670 193.6196 1.6567 1.7308 4.7545 10.0607 0.7603 27.2743 -0.0027 11.5934
Car -1 -1 1.4496 655.0878 168.4846 698.5499 199.5714 1.4771 1.6572 4.3864 3.2776 1.2699 36.5000 1.5392 9.9386
Car -1 -1 -1.5299 601.0220 173.9509 627.1263 196.5671 1.4403 1.5911 3.6133 0.2723 1.5164 47.9689 -1.5242 8.6035
Car -1 -1 -0.7452 1170.0573 137.2745 1241.0000 181.1824 1.4823 1.6599 4.3068 22.3209 0.2815 25.2299 -0.0209 7.6334
Car -1 -1 -2.1343 995.0838 149.8760 1073.3845 179.4054 1.4414 1.6016 3.9688 21.7474 0.3202 37.2288 -1.6056 6.4185
Car -1 -1 -2.0591 958.4565 149.7062 1025.5369 180.2700 1.4796 1.5400 3.5102 19.3050 0.3594 36.6862 -1.5747 6.3989
Car -1 -1 -0.6582 1125.1750 141.7134 1241.0000 181.4899 1.4705 1.6352 4.1757 22.3061 0.3196 27.5358 0.0226 4.5380
Car -1 -1 -2.0543 1075.3577 142.3021 1163.6291 174.7961 1.5574 1.7211 4.6462 25.9388 0.0934 36.9934 -1.4428 4.1656
Car -1 -1 -0.0473 651.5137 168.7849 728.3449 195.1867 1.4639 1.6256 4.2529 4.4536 1.2386 40.9457 0.0611 3.6658
Car -1 -1 -0.8642 632.7390 171.5178 680.5361 192.9885 1.6222 1.6346 3.8354 3.6508 1.5216 56.4589 -0.7996 1.4632
Car -1 -1 1.9569 243.2253 154.3952 298.9669 181.3822 1.4607 1.5736 3.7344 -19.1993 0.4619 40.9559 1.5185 0.4463
Car -1 -1 -0.6440 454.8523 162.9094 509.6952 182.8404 1.5040 1.6167 4.0741 -9.9891 0.7539 56.4843 -0.8191 0.3143
Car -1 -1 1.8273 208.3447 144.4019 264.5314 175.9966 1.4645 1.5783 3.6270 -18.2840 0.1460 35.3852 1.3504 -0.7026
