Car -1 -1 2.8783 715.8551 162.7711 850.1914 208.3493 1.6086 1.6990 4.4869 6.2115 1.2531 26.3844 3.1095 9.8430
Car -1 -1 1.4967 663.4351 166.1906 690.5220 187.7159 1.5482 1.6851 4.5449 4.9600 1.0693 54.1800 1.5880 6.8871
Car -1 -1 -1.9293 872.7141 153.5221 913.8092 174.0682 1.4803 1.6101 3.8320 21.0833 0.0878 53.9100 -1.5565 6.8579
Car -1 -1 -0.7384 1200.2482 138.2212 1241.0000 181.3119 1.4898 1.6888 4.4431 23.9965 0.2928 25.8120 0.0106 6.5696
Car -1 -1 -0.5318 987.8614 147.2227 1087.3179 174.2733 1.4652 1.6207 4.5361 23.5507 0.0772 39.8926 0.0015 6.5612
Car -1 -1 1.6707 507.6990 176.5175 547.2406 207.7304 1.4668 1.6053 3.7867 -4.1328 1.6609 36.2556 1.5572 6.1563
Car -1 -1 -0.5508 968.4317 146.6801 1057.7139 173.2388 1.5243 1.6717 4.3413 23.5719 0.0224 42.3362 -0.0428 5.2055
Car -1 -1 -1.5051 625.1249 171.0495 645.3910 187.4154 1.4471 1.6035 3.7723 2.3074 1.2879 65.7543 -1.4700 3.7073
Car -1 -1 1.4029 384.3637 151.8654 420.7550 176.4767 1.4476 1.5706 3.5738 -12.8267 0.2134 44.3871 1.1216 2.1108
Car -1 -1 -1.4243 20.0142 180.6244 139.0039 256.8734 1.4882 1.6234 4.1056 -12.1656 1.6923 16.7227 -2.0533 -0.9830
Car -1 -1 -0.1783 709.4937 155.1770 761.1778 175.0898 1.5816 1.6022 3.8775 10.0438 0.1779 58.1201 -0.0072 -1.3184
Car -1 -1 -1.5487 586.4760 172.2409 607.6231 192.3153 1.5339 1.5895 3.8548 -1.0210 1.4874 57.0621 -1.5666 -1.9342
