Car -1 -1 2.8797 726.9665 163.2573 853.3597 209.5275 1.5959 1.6614 4.0842 6.3193 1.2653 25.7584 3.1203 9.7295
Car -1 -1 -0.5394 994.3949 146.8236 1094.2379 174.9223 1.4948 1.6209 4.4463 23.5012 0.1104 39.1932 0.0008 7.1365
Car -1 -1 1.7205 506.2317 175.7231 552.6069 208.4010 1.5006 1.6707 4.1790 -3.9508 1.6510 35.6235 1.6100 5.9115
Car -1 -1 1.4364 661.9063 166.1874 692.4508 187.7323 1.5320 1.6714 4.4228 4.9129 1.0583 53.5507 1.5279 5.5195
Car -1 -1 -0.5350 976.8975 148.3884 1065.3822 174.7538 1.4896 1.6549 4.1759 23.6396 0.1077 41.6293 -0.0186 3.6390
Car -1 -1 -0.6482 1130.2556 141.4371 1241.0000 178.6292 1.4735 1.6372 4.1661 23.9047 0.2292 29.4706 0.0333 2.5157
Car -1 -1 1.7848 433.3369 171.9811 486.0836 209.7726 1.7107 1.6833 3.9209 -7.1804 1.6715 34.6270 1.5803 2.2055
Car -1 -1 1.7763 578.4232 172.5326 609.9900 193.5358 1.5560 1.6491 4.0066 -1.2026 1.5325 55.5718 1.7547 2.1802
Car -1 -1 -1.5714 626.5527 170.9753 644.5943 187.6069 1.4507 1.5733 3.6042 2.2718 1.2872 64.7600 -1.5364 1.6659
Car -1 -1 -0.0260 406.3018 161.4998 448.8303 178.2976 1.4739 1.5907 3.6478 -16.3537 0.4780 64.5664 -0.2741 -0.3443
Car -1 -1 -1.5497 453.8335 171.5882 485.2954 202.4466 1.6297 1.6375 3.7580 -7.7972 1.5632 40.0950 -1.7418 -0.6313
Car -1 -1 -2.1209 900.4273 154.6479 952.5384 176.5185 1.5622 1.6497 4.0892 23.4479 0.2621 53.6744 -1.7091 -1.6457
