Car -1 -1 2.9289 674.8970 171.3201 779.1616 207.7719 1.5796 1.6642 4.3389 5.1336 1.5135 32.2132 3.0869 9.7881
Car -1 -1 -0.5990 1062.6779 152.9900 1187.6802 189.0800 1.5655 1.6895 4.3429 22.8626 0.7042 32.1813 0.0187 7.3392
Car -1 -1 -0.5375 1006.3364 152.7339 1115.4682 184.2109 1.5471 1.6906 4.4211 22.6117 0.5586 36.3482 0.0190 6.4143
Car -1 -1 -0.4747 909.0146 157.0881 989.3711 180.7291 1.4866 1.6321 4.4041 21.6777 0.4956 46.2648 -0.0366 5.3815
Car -1 -1 1.6856 497.1037 181.1964 533.8677 211.1117 1.5995 1.6484 4.1625 -5.4615 2.1078 41.8368 1.5558 4.7547
Car -1 -1 -0.4488 896.6314 158.5568 965.2059 180.5645 1.4571 1.6239 3.9059 21.5706 0.5109 48.6434 -0.0314 4.3949
Car -1 -1 1.5836 633.3328 176.7559 655.8395 196.7734 1.5772 1.8013 4.5541 2.8840 1.9151 60.0823 1.6315 3.2254
Car -1 -1 -1.9216 819.7906 159.2566 855.7719 179.3762 1.6250 1.6470 3.8169 18.9417 0.5271 60.2190 -1.6169 3.1630
Car -1 -1 -1.4753 599.1276 180.4088 619.2499 196.1277 1.4692 1.6247 3.9536 -0.0702 2.2390 71.4452 -1.4763 2.4058
Car -1 -1 -1.7861 978.6856 161.0929 1008.2156 177.9700 1.4676 1.5795 3.7083 34.3460 0.4452 64.7412 -1.2984 -0.9423
Car -1 -1 1.7139 505.6048 182.3642 538.5754 206.4608 1.4859 1.6193 4.0970 -5.8555 2.1487 48.1881 1.5930 -1.5333
