Car -1 -1 -3.3865 726.2361 165.5336 860.8872 208.5422 1.4427 1.6465 4.2506 6.2459 1.1975 25.0252 -3.1419 11.7696
Car -1 -1 1.6281 507.8774 175.6741 545.5928 209.7211 1.5430 1.5985 3.9179 -4.0289 1.6881 35.0302 1.5135 7.3722
Car -1 -1 1.5209 667.6637 166.8831 693.9133 189.0272 1.5470 1.6792 4.4326 5.0977 1.1302 52.6576 1.6174 6.8888
Car -1 -1 -0.5417 1003.2749 147.5811 1101.9946 175.2385 1.4420 1.5929 4.2728 23.4831 0.1247 38.4268 0.0069 5.5457
Car -1 -1 -0.6719 1142.0846 140.3398 1241.0000 178.6087 1.4693 1.6560 4.3313 23.8280 0.2213 28.5783 0.0231 4.9886
Car -1 -1 1.6375 580.5160 170.0548 606.5159 191.0563 1.5099 1.6761 4.0980 -1.2234 1.3090 53.9561 1.6148 4.8213
Car -1 -1 -1.9262 881.0721 153.7222 922.0582 174.0578 1.4240 1.5716 3.6774 21.0874 0.0847 52.3820 -1.5435 3.7932
Car -1 -1 1.6715 523.8350 175.7596 557.9892 202.6974 1.4562 1.5736 3.8127 -3.9468 1.6307 41.3256 1.5763 3.4847
Car -1 -1 -0.5332 982.3829 147.3643 1070.1531 173.9551 1.4757 1.6268 4.0417 23.5016 0.0615 40.8776 -0.0114 2.6678
Car -1 -1 -0.2095 761.2804 152.9704 839.0836 179.6034 1.5633 1.6767 4.2555 11.3262 0.3965 43.2862 0.0464 1.8673
Car -1 -1 -1.4738 626.5514 170.6144 647.7759 187.4239 1.4492 1.5544 3.4794 2.4138 1.2565 64.0319 -1.4361 1.7718
Car -1 -1 1.6402 381.2661 150.4255 413.0057 176.2306 1.4652 1.5680 3.5498 -12.6391 0.1921 42.8672 1.3535 0.1148
Car -1 -1 -0.1576 722.3979 167.0581 774.9523 186.4064 1.4542 1.6014 3.7333 10.5302 1.0189 55.0857 0.0313 -0.0323
Car -1 -1 2.2423 0.0000 195.1078 185.4124 329.0615 1.4705 1.6011 3.9163 -8.2199 1.8565 10.5361 1.5798 -0.3242
Car -1 -1 -0.8306 1116.8880 148.2294 1204.8449 176.9402 1.4708 1.5967 3.7248 29.0092 0.2097 38.0782 -0.1796 -0.8210
