Car -1 -1 1.7767 409.2801 173.7522 534.0227 265.1676 1.6163 1.6842 4.1780 -2.7305 1.6379 14.9053 1.5955 13.8965
Car -1 -1 1.7864 336.8694 180.0357 445.7190 252.6594 1.4806 1.6180 4.1805 -5.1246 1.6742 17.2747 1.4980 11.6107
Car -1 -1 -0.3740 821.3271 147.3313 971.4614 194.0322 1.6240 1.7179 4.7171 10.1677 0.7368 25.9492 -0.0006 10.7492
Car -1 -1 -2.0866 971.7869 149.7916 1050.3040 184.3191 1.6011 1.6331 3.9325 19.5509 0.5320 35.4323 -1.5824 10.1354
Car -1 -1 1.4576 660.4210 167.0072 706.4810 201.3451 1.5756 1.7245 4.6001 3.4945 1.3077 35.4180 1.5559 9.7232
Car -1 -1 2.4321 915.5571 147.0206 1241.0000 323.3055 1.6130 1.6456 4.0385 5.5146 1.3770 7.5821 3.0610 9.1341
Car -1 -1 -1.4597 603.5356 172.6102 634.2611 197.4022 1.5393 1.5988 3.6173 0.5806 1.5245 46.6900 -1.4473 8.9131
Car -1 -1 -2.0680 1096.1723 141.1102 1186.6821 175.6995 1.6030 1.6778 4.4542 26.1532 0.1322 35.7556 -1.4365 4.8359
Car -1 -1 -0.7689 1198.8318 136.0633 1241.0000 183.0363 1.5047 1.6581 4.4042 22.3867 0.3265 23.9783 -0.0178 3.2750
Car -1 -1 -0.0581 655.4547 167.2642 733.7361 195.5927 1.5199 1.6502 4.1800 4.5626 1.2204 39.6524 0.0564 3.0082
Car -1 -1 -0.7506 1146.9546 134.8145 1241.0000 176.3103 1.4687 1.6191 4.0111 22.2094 0.1227 26.4476 -0.0521 1.0555
Car -1 -1 0.7449 433.5712 162.8988 483.9083 182.8666 1.4719 1.5584 3.6504 -11.5221 0.7384 54.7894 0.5377 0.8445
Car -1 -1 1.6246 382.8395 167.9409 410.9259 191.0991 1.4888 1.6077 3.7914 -14.2909 1.1733 48.4123 1.3375 0.4808
Car -1 -1 -0.9211 633.6056 171.7884 678.1579 193.7611 1.6216 1.5939 3.5165 3.5026 1.5433 55.0984 -0.8576 0.2217
Car -1 -1 1.6955 510.4351 175.0999 542.7176 198.9740 1.4755 1.6090 3.9542 -5.4157 1.6282 46.9497 1.5806 0.0297
