Car -1 -1 1.9274 244.9622 195.7181 444.2494 316.6403 1.4158 1.5797 3.9034 -3.8907 1.8321 11.1572 1.5919 13.2475
Car -1 -1 1.2890 778.8508 167.9795 916.9289 247.4588 1.5717 1.7151 4.7289 5.2120 1.4756 16.6478 1.5924 12.8508
Car -1 -1 -1.5130 662.2746 178.3184 707.8198 221.2339 1.5327 1.5676 3.3885 2.9210 1.7589 28.0224 -1.4092 11.6984
Car -1 -1 2.2445 0.0000 199.8101 307.6597 374.0000 1.5523 1.6867 4.3908 -4.1316 1.8380 5.4202 1.5932 10.8672
Car -1 -1 1.8243 400.6035 179.4607 506.9918 259.0939 1.6815 1.6378 3.6230 -3.6829 1.8580 17.3857 1.6156 9.3393
Car -1 -1 1.7484 477.8324 187.9909 543.6605 236.7019 1.4062 1.5520 3.4584 -3.2261 1.9404 23.6820 1.6130 7.6961
Car -1 -1 -1.2296 671.9405 180.0160 735.0141 215.9291 1.4649 1.6057 3.8574 4.2095 1.8069 32.3418 -1.1002 7.3543
Car -1 -1 -0.2715 760.2618 171.8103 931.2748 226.7153 1.5043 1.6435 4.3730 6.6006 1.4761 20.6695 0.0376 6.6236
Car -1 -1 1.6922 504.3305 185.1918 557.6872 226.7415 1.4533 1.6172 3.9890 -3.0820 1.9742 28.4312 1.5843 5.5418
Car -1 -1 -1.0005 710.6779 174.9090 770.1991 208.4889 1.5967 1.4985 3.1027 6.5244 1.7047 36.1537 -0.8220 3.8839
Car -1 -1 2.5768 773.7713 164.0518 815.6156 179.3272 1.4584 1.5249 3.7020 17.9447 0.6184 70.1849 2.8271 2.5468
Car -1 -1 1.6588 540.5034 180.3961 572.9895 207.8338 1.5473 1.6214 4.0285 -3.2229 2.0270 43.8267 1.5854 2.3189
Car -1 -1 1.4334 722.9285 160.2711 755.1430 183.0500 1.4757 1.6048 3.9824 8.6456 0.6609 48.7616 1.6089 -0.2608
Car -1 -1 -0.6211 422.9567 173.2541 489.0923 198.7031 1.4685 1.5704 3.6816 -9.2961 1.4941 43.5822 -0.8312 -1.0118
