Car -1 -1 2.8173 731.5018 162.5788 903.6148 220.8953 1.5771 1.6973 4.3781 5.7534 1.2996 20.4684 3.0913 11.5498
Car -1 -1 1.6466 471.2214 179.4713 518.3270 218.5708 1.4833 1.6381 4.1564 -4.7999 1.7806 30.2319 1.4891 8.2632
Car -1 -1 -1.9900 887.2753 153.8238 933.5524 176.8507 1.4791 1.5675 3.4655 19.9407 0.2571 48.0961 -1.5969 7.4539
Car -1 -1 1.4926 656.3617 169.8896 687.2020 194.5922 1.5734 1.6936 4.5579 4.0514 1.3849 48.2381 1.5764 7.3652
Car -1 -1 -0.6137 1033.6080 146.5003 1143.9533 177.8100 1.4505 1.6024 4.2177 22.6578 0.2300 34.2869 -0.0298 6.3723
Car -1 -1 1.6427 552.3177 177.2714 585.2085 203.8178 1.4921 1.6711 4.3546 -2.4685 1.7720 43.4702 1.5860 4.9701
Car -1 -1 -0.7654 1213.5701 133.8814 1241.0000 179.1957 1.4864 1.5894 4.1747 23.1764 0.2084 24.4748 -0.0072 4.5956
Car -1 -1 -2.0830 921.3644 155.8020 970.1921 177.8327 1.4189 1.5336 3.2934 22.3343 0.3210 48.1708 -1.6489 4.3313
Car -1 -1 -1.4716 611.3918 173.5234 635.2708 191.7264 1.4454 1.6012 3.7778 1.1036 1.5027 59.4057 -1.4530 3.3903
Car -1 -1 1.7001 494.9788 182.2542 536.2972 213.5058 1.4512 1.5970 3.8264 -4.7653 1.9529 36.5673 1.5705 2.4055
Car -1 -1 -0.2281 763.2538 161.3669 850.1130 190.2130 1.5099 1.6580 4.2235 10.4508 0.9090 38.6690 0.0359 1.2148
Car -1 -1 -0.3812 1176.3662 144.4969 1241.0000 177.5909 1.4612 1.5804 3.6989 28.5761 0.2095 33.2021 0.3294 -0.3057
Car -1 -1 -1.0252 400.1637 147.7945 470.3718 180.5784 1.4993 1.5815 3.7794 -8.4478 0.3536 35.0361 -1.2618 -1.9277
