Car -1 -1 -1.9448 823.8104 183.3927 1140.4437 374.0000 1.5098 1.6021 3.6465 3.4511 1.6483 7.5885 -1.5180 12.7394
Car -1 -1 1.9119 609.7847 172.9136 695.9153 226.1250 1.6260 1.6510 3.9565 1.4813 1.6286 24.1943 1.9730 12.2304
Car -1 -1 -1.6970 771.7947 180.4190 898.8032 283.1093 1.5001 1.6132 4.1314 3.8250 1.6598 13.0244 -1.4114 12.1797
Car -1 -1 1.9780 362.6671 178.9819 520.1038 277.6945 1.5548 1.5682 3.5481 -3.0291 1.6857 13.4849 1.7570 12.0517
Car -1 -1 2.0878 0.0000 165.3034 329.0400 374.0000 1.7008 1.6665 3.9279 -4.1550 1.6528 6.6131 1.5268 11.8258
Car -1 -1 -1.9570 930.8162 151.4059 1014.3262 197.6990 1.7456 1.6836 3.8326 14.5075 0.9372 29.1790 -1.4956 5.7607
Car -1 -1 -2.0814 1001.8192 148.0902 1103.6908 197.0906 1.7786 1.6730 3.9229 17.1088 0.8801 28.1770 -1.5357 5.0217
Car -1 -1 -1.5814 776.4037 177.1160 849.7221 245.5989 1.5183 1.6088 3.6467 5.0363 1.6379 18.2080 -1.3115 4.8787
Car -1 -1 -1.4582 800.9017 169.8842 870.5816 227.2120 1.6090 1.6385 3.8063 7.0058 1.5260 22.3202 -1.1541 3.2539
Car -1 -1 1.7811 718.2805 167.7747 753.6707 191.4398 1.5319 1.5930 3.8347 8.5235 1.2035 48.7805 1.9541 2.8895
Car -1 -1 0.3497 274.5898 151.7679 343.6147 175.0297 1.5362 1.5935 3.9814 -20.2285 0.1440 48.5333 -0.0452 1.5712
Car -1 -1 -1.7336 732.1420 161.7193 761.9458 182.6789 1.5098 1.5945 3.7380 10.1641 0.7081 53.8588 -1.5471 0.7812
Car -1 -1 1.7463 680.1452 170.4617 722.8755 199.7362 1.4610 1.5994 3.7922 4.8368 1.3420 38.0558 1.8727 0.6190
Car -1 -1 -0.8588 0.0000 205.6494 42.8933 233.2224 1.4693 1.5867 3.7228 -37.4997 3.5901 44.7751 -1.5560 -1.4919
Car -1 -1 -3.1808 879.9917 161.4214 926.5747 180.3506 1.5154 1.5889 3.4722 23.9556 0.6005 59.0975 -2.7957 -1.7188
