Car -1 -1 1.7678 668.0420 172.5622 732.4759 218.7888 1.5321 1.5872 3.7949 3.2731 1.5227 25.9617 1.8932 13.4145
Car -1 -1 1.9153 513.9311 178.8314 657.5171 267.7618 1.4899 1.6051 4.0192 -0.3753 1.6286 14.5359 1.8895 13.2746
Car -1 -1 -1.7229 907.8517 174.8282 998.7769 244.3653 1.5585 1.5617 3.1994 8.4176 1.6130 18.0234 -1.2859 11.8480
Car -1 -1 -1.9314 1031.5013 190.7142 1241.0000 374.0000 1.4673 1.5631 3.4613 5.3898 1.6879 7.0138 -1.2762 11.0596
Car -1 -1 3.3451 0.0000 174.4263 275.7988 374.0000 1.6001 1.6962 4.2816 -4.8646 1.6156 5.0691 2.5803 8.1833
Car -1 -1 1.7329 701.3529 172.2122 751.1723 210.2323 1.5432 1.5708 3.5927 5.0430 1.5175 31.2358 1.8930 7.9742
Car -1 -1 1.6428 730.0316 172.1677 765.6580 203.4129 1.5720 1.5923 3.7916 7.3283 1.5379 38.3372 1.8317 3.4250
Car -1 -1 -1.6756 897.6636 172.0098 967.0615 225.0090 1.5528 1.6218 3.8808 10.2345 1.5284 23.2328 -1.2606 1.3780
Car -1 -1 -1.7303 873.7507 171.9573 931.3646 212.7388 1.5627 1.6081 3.7247 11.8972 1.5286 29.6387 -1.3485 0.7880
Car -1 -1 1.6385 768.8942 172.4335 799.5667 197.5885 1.4799 1.5909 3.7180 10.7357 1.4555 44.4573 1.8755 0.7169
Car -1 -1 2.1344 147.6785 151.3179 198.2954 171.6803 1.5143 1.5757 3.7734 -33.7440 -0.0935 55.7766 1.5903 0.7104
Car -1 -1 -1.1701 503.5547 174.9228 534.5320 190.5438 1.4854 1.6070 3.9979 -8.9700 1.6963 71.3156 -1.2952 0.6298
Car -1 -1 1.8501 844.1618 170.5978 882.2703 191.8820 1.5060 1.6342 3.9086 18.6439 1.3467 53.1167 2.1876 0.3091
Car -1 -1 2.0553 219.4748 176.5591 273.9824 200.8430 1.4771 1.5909 3.6879 -23.2799 1.7248 46.3108 1.5895 -0.9127
Car -1 -1 1.0800 1117.8333 157.5350 1233.7891 201.3294 1.4852 1.6248 4.0656 20.6518 0.9661 26.6079 1.7401 -1.4355
