Car -1 -1 1.9187 368.7360 185.6887 546.2154 298.4153 1.4614 1.5897 3.8630 -2.3370 1.7086 11.8438 1.7239 12.3286
Car -1 -1 1.7474 562.8431 176.1473 632.3355 229.5127 1.5828 1.6227 3.8729 -0.3671 1.7006 23.6910 1.7319 12.2136
Car -1 -1 -1.7783 822.6411 180.8301 925.5410 254.5144 1.4697 1.5435 3.2401 5.8568 1.6711 16.4680 -1.4366 12.0172
Car -1 -1 -1.6958 803.8195 178.7449 876.0045 235.5986 1.5386 1.6064 3.8156 6.8514 1.7348 21.9618 -1.3934 8.2015
Car -1 -1 1.7333 598.9547 177.3476 651.5011 218.3326 1.5190 1.5569 3.5835 0.6302 1.7122 29.0611 1.7550 7.9513
Car -1 -1 -2.1396 1006.6132 190.7126 1241.0000 374.0000 1.5615 1.6030 3.6422 4.4327 1.7390 5.2448 -1.4379 6.9430
Car -1 -1 1.8286 666.8345 176.3518 706.7143 202.9802 1.4913 1.5420 3.3727 4.5506 1.7079 42.7436 1.9346 5.1240
Car -1 -1 -1.7106 784.8880 177.9037 842.9569 220.7742 1.5296 1.6349 3.9973 7.8786 1.7428 28.3221 -1.4392 5.0014
Car -1 -1 1.6038 631.6658 177.3688 664.9612 209.3678 1.5028 1.5548 3.7032 1.9328 1.7425 36.3342 1.6570 2.9722
Car -1 -1 2.0447 745.5659 174.3027 790.7940 196.4347 1.5402 1.6115 3.9033 11.5119 1.6500 52.4936 2.2606 2.0573
Car -1 -1 -1.5630 785.4038 174.9942 821.3331 209.5112 1.6083 1.6397 3.8601 9.6056 1.7215 35.9532 -1.3019 1.4954
Car -1 -1 1.6549 828.8627 166.8320 858.4281 190.4454 1.5529 1.6144 3.8575 16.0424 1.1572 49.5377 1.9681 -0.6995
Car -1 -1 1.8126 402.9377 179.7909 428.3017 195.6543 1.4842 1.5374 3.8578 -19.1503 2.1873 71.1491 1.5497 -1.1753
Car -1 -1 -1.7939 875.9793 169.8696 909.6566 189.7202 1.4783 1.5875 3.9325 21.7956 1.2564 55.7917 -1.4215 -1.7737
