Car -1 -1 2.0348 64.5207 187.1611 409.6965 374.0000 1.4988 1.5638 3.8221 -3.5174 1.6877 7.5701 1.5998 14.9195
Car -1 -1 -2.0314 879.0866 188.5295 1241.0000 374.0000 1.4841 1.5939 3.7435 3.8494 1.6721 6.7164 -1.5110 13.8220
Car -1 -1 -1.8352 759.3324 178.1939 911.7329 273.8975 1.4949 1.6594 4.0771 3.9682 1.6107 13.5519 -1.5504 13.6143
Car -1 -1 1.8605 344.8927 189.0667 488.5828 287.2133 1.4486 1.5504 3.4716 -3.3627 1.7806 12.9924 1.6073 12.4534
Car -1 -1 1.7356 453.4907 174.5274 535.4210 240.2860 1.6761 1.6553 4.0027 -3.2172 1.7286 20.4992 1.5800 11.5690
Car -1 -1 1.9531 652.0901 173.6896 709.2911 204.4449 1.5111 1.6046 3.9845 3.7126 1.5576 37.7030 2.0512 11.2747
Car -1 -1 -1.6433 733.7651 177.8112 800.9081 234.5724 1.4709 1.6142 3.8638 4.4544 1.6300 21.0722 -1.4350 10.6153
Car -1 -1 1.9083 531.0291 178.2639 601.6880 220.2616 1.4474 1.5472 3.6592 -1.6214 1.6676 27.3435 1.8491 9.6056
Car -1 -1 -1.8528 880.5925 161.0338 929.8449 190.2854 1.6053 1.6373 3.7495 16.8978 0.9570 41.5438 -1.4665 4.0837
Car -1 -1 -1.3781 767.2930 168.9386 815.0409 200.3194 1.4517 1.5809 3.7745 8.9015 1.2710 35.4209 -1.1319 2.6228
Car -1 -1 -1.1394 302.2171 187.2892 339.1129 204.2206 1.4871 1.6447 4.2936 -27.7472 2.9173 69.2831 -1.5203 -0.3894
Car -1 -1 1.5167 817.9264 166.0248 843.2059 186.3233 1.4892 1.6253 3.9874 16.7692 0.9885 55.0622 1.8123 -0.7894
Car -1 -1 -1.8502 686.5823 156.5248 714.0563 172.7291 1.5033 1.5770 3.9451 8.5896 -0.0120 69.0367 -1.7264 -1.2205
Car -1 -1 1.1759 904.4518 155.9268 947.2901 176.9397 1.4774 1.5270 3.7602 22.9526 0.2876 52.6191 1.5872 -1.4516
Car -1 -1 -2.9288 794.0303 158.1476 839.8761 175.9839 1.6595 1.6555 3.9409 19.7074 0.2916 68.7913 -2.6498 -1.5258
