Car -1 -1 -1.6666 676.6731 175.5336 734.6463 223.8463 1.5425 1.6226 3.9156 3.2220 1.6439 25.2357 -1.5396 11.9835
Car -1 -1 2.1278 841.3625 166.8893 939.7044 215.8712 1.5319 1.5523 3.3222 9.3833 1.3457 24.1813 2.4980 11.4330
Car -1 -1 1.8182 421.7413 179.8613 521.7082 246.6234 1.5133 1.6090 4.0568 -3.5269 1.7170 18.8627 1.6334 11.3907
Car -1 -1 1.8480 333.6959 181.9499 474.8675 279.8071 1.5355 1.5666 3.6995 -3.7269 1.7298 13.5206 1.5791 11.2395
Car -1 -1 2.1945 0.0000 184.8969 421.8078 374.0000 1.5460 1.6284 3.9815 -2.7290 1.6570 4.5705 1.6562 10.6243
Car -1 -1 -2.1785 858.5847 184.5352 1241.0000 374.0000 1.5063 1.5567 3.6288 2.7753 1.6024 4.0906 -1.5824 10.5336
Car -1 -1 1.7641 506.3910 173.9063 559.8082 214.7849 1.5825 1.5543 3.4930 -3.1594 1.6291 29.8314 1.6585 9.4602
Car -1 -1 -2.3089 952.5257 134.2528 1219.0991 254.4116 1.8121 1.7063 4.0309 8.1921 1.2303 13.0126 -1.7470 9.1861
Car -1 -1 1.9693 922.4614 160.8384 1023.3275 218.0025 1.6573 1.5585 3.6007 11.4014 1.3093 22.6780 2.4352 7.8854
Car -1 -1 1.7124 525.4775 165.6089 575.7073 209.4448 2.0171 1.8283 4.6482 -2.8884 1.6840 35.5732 1.6314 6.0311
Car -1 -1 2.2074 803.7566 166.3870 902.1361 212.1737 1.5913 1.6113 3.6445 9.0000 1.3669 26.7783 2.5316 5.1388
Car -1 -1 -3.2782 716.5646 165.9527 785.9823 192.3973 1.5932 1.6557 4.0014 8.6166 1.1777 44.4030 -3.0866 4.8988
Car -1 -1 0.2243 326.9540 188.0671 375.4403 204.1459 1.4528 1.6064 4.0595 -24.4466 2.9131 68.2008 -0.1198 3.5806
Car -1 -1 -3.2786 717.5230 160.8345 790.7928 185.9542 1.5996 1.6875 4.4808 9.2936 0.8346 46.9169 -3.0830 1.0642
