Car -1 -1 1.8989 501.7837 172.6445 638.8702 262.4289 1.6072 1.6339 4.0014 -0.7178 1.6038 15.0619 1.8513 14.4094
Car -1 -1 -1.7325 811.0996 180.3678 990.1332 323.1600 1.4470 1.5324 3.4414 3.4806 1.5638 9.3390 -1.3757 12.5039
Car -1 -1 -2.1118 865.5230 186.9572 1241.0000 374.0000 1.4539 1.5543 3.8197 2.8461 1.5762 4.2957 -1.5266 11.6323
Car -1 -1 -1.7146 806.1996 168.2061 923.3550 262.3510 1.5639 1.5937 3.4743 4.6846 1.4870 13.8358 -1.3881 10.5114
Car -1 -1 -2.0986 938.0202 142.5695 1076.0289 213.4677 1.9192 1.7604 4.1253 11.6568 1.0998 21.6199 -1.6041 9.4296
Car -1 -1 -2.2287 1036.0916 138.3295 1194.5300 207.4857 1.8052 1.6651 3.9471 14.3444 0.9044 20.8487 -1.6261 9.0615
Car -1 -1 2.3742 0.0000 191.4704 229.4640 374.0000 1.4984 1.5493 3.7307 -3.9623 1.6507 4.0054 1.5942 8.9438
Car -1 -1 -1.7308 773.6648 167.3656 822.2926 201.1500 1.5192 1.6314 3.9214 8.8742 1.2728 34.4711 -1.4789 5.6777
Car -1 -1 1.7600 607.9133 170.7328 663.9479 210.5682 1.4970 1.5800 3.7639 1.0690 1.4176 29.1230 1.7967 5.3423
Car -1 -1 1.8120 652.7499 166.7129 695.3898 195.1253 1.5079 1.5617 3.5707 3.5799 1.1823 40.2322 1.9008 4.9906
Car -1 -1 -2.3759 1130.3652 133.2468 1241.0000 208.2077 1.8976 1.7237 3.9869 17.0558 0.8953 20.3372 -1.6780 4.6548
Car -1 -1 1.7146 579.1568 172.9224 639.9471 222.2335 1.5262 1.5553 3.4556 0.0072 1.5290 24.1554 1.7149 3.6470
Car -1 -1 -3.2065 828.4994 159.4618 887.5392 181.3437 1.5444 1.6248 3.9407 17.8705 0.5995 52.2220 -2.8768 2.2964
Car -1 -1 -1.2028 82.0202 192.1023 130.7190 215.1014 1.4694 1.5916 3.8030 -35.9375 2.8992 51.5418 -1.8116 1.9218
Car -1 -1 -1.4192 667.0206 162.5916 702.9745 191.2348 1.7245 1.6827 3.9472 4.7461 1.1070 45.5595 -1.3154 1.8023
Car -1 -1 2.6500 867.7609 159.2002 952.4122 186.4173 1.4939 1.6279 4.1193 16.8218 0.7448 40.6140 3.0427 -0.5213
