Car -1 -1 1.9273 329.0773 184.8243 494.0222 297.1194 1.5654 1.5504 3.5100 -3.2361 1.7996 12.2671 1.6693 12.8633
Car -1 -1 -1.9052 791.4556 182.7564 1104.2675 374.0000 1.5799 1.6335 3.8279 3.0529 1.7105 7.5389 -1.5204 12.3899
Car -1 -1 -1.7489 740.7855 186.7620 867.3586 279.0994 1.3969 1.5836 3.7068 3.3836 1.6921 13.3898 -1.5014 12.0051
Car -1 -1 1.9413 1063.1704 151.2326 1241.0000 263.4027 1.6573 1.5692 3.4606 9.3710 1.3382 12.2271 2.5952 10.9046
Car -1 -1 1.8251 423.2449 162.1718 540.1082 256.3545 2.0389 1.7933 4.3320 -3.0556 1.8080 17.8513 1.6555 10.2675
Car -1 -1 2.0535 981.7179 153.6549 1152.6781 243.8211 1.6819 1.5647 3.4932 9.4841 1.3241 15.0078 2.6171 9.7328
Car -1 -1 1.6652 522.5928 182.4622 571.9409 225.0267 1.5279 1.5942 3.9561 -2.4772 1.9379 28.7781 1.5794 6.8731
Car -1 -1 2.1890 848.3053 169.5472 959.4920 216.8546 1.4480 1.5389 3.6805 9.6434 1.3472 23.7197 2.5752 6.6780
Car -1 -1 -0.1224 694.8101 173.1827 762.5792 195.2884 1.5401 1.6804 4.5739 8.3546 1.5642 51.2231 0.0393 6.5375
Car -1 -1 -3.4234 783.0316 162.0553 899.8819 210.9949 1.7548 1.6383 3.8152 8.4635 1.3680 26.7355 -3.1168 6.4333
Car -1 -1 2.1583 880.6319 164.8801 1004.1633 217.4902 1.4162 1.5423 3.5844 9.6604 1.2019 21.0164 2.5892 6.2937
Car -1 -1 1.8153 571.7082 188.7137 600.0626 206.5487 1.4802 1.6548 4.0618 -2.1859 2.9762 65.8815 1.7822 -0.2337
Car -1 -1 1.5244 686.5045 173.6628 719.3037 203.1050 1.5756 1.6420 4.1044 5.1756 1.6241 40.8371 1.6504 -1.4986
Car -1 -1 0.0479 586.6714 190.0408 638.4445 210.4104 1.4772 1.6044 3.8566 0.1928 2.8030 54.7423 0.0514 -2.0525
