Car -1 -1 1.9393 209.6740 185.5445 423.5412 320.0672 1.5054 1.5549 3.6422 -3.9475 1.7179 10.2372 1.5713 14.0690
Car -1 -1 -1.7164 669.3658 177.8876 739.4873 233.5999 1.5367 1.6025 3.5467 2.7494 1.7031 22.0127 -1.5921 12.7089
Car -1 -1 1.9835 960.4703 159.0020 1084.1943 224.1674 1.6219 1.5842 3.6957 11.2477 1.2775 19.6932 2.5024 12.0879
Car -1 -1 1.8473 358.4074 185.6476 487.6253 267.9904 1.4603 1.6093 4.0826 -3.8875 1.7722 15.5004 1.6016 11.8849
Car -1 -1 1.7745 477.9424 177.3331 542.4175 223.1265 1.5392 1.6057 3.8591 -3.6425 1.7171 26.6157 1.6385 11.7333
Car -1 -1 2.0746 863.8968 166.4412 970.0773 222.5355 1.5165 1.5097 3.1786 8.9510 1.3435 21.0788 2.4761 10.0368
Car -1 -1 2.2340 800.6849 167.9875 899.1958 212.8760 1.5784 1.5643 3.6912 8.9754 1.4076 27.0419 2.5545 7.0060
Car -1 -1 -2.4484 1034.0267 118.3552 1241.0000 301.7076 1.9187 1.7576 4.1491 8.0317 1.3488 9.7504 -1.7593 6.8289
Car -1 -1 2.1534 820.9030 167.8387 916.9467 216.7366 1.5015 1.4782 3.1555 8.4813 1.3479 23.6921 2.4972 6.7801
Car -1 -1 1.7251 502.8695 167.0479 557.6172 213.5744 1.9460 1.7761 4.4909 -3.5447 1.7035 32.4590 1.6164 6.0259
Car -1 -1 -3.3131 714.1475 166.8035 789.2110 195.4105 1.6045 1.6575 3.9930 8.0375 1.2655 41.3370 -3.1211 6.0023
Car -1 -1 0.2123 346.9178 186.7001 401.6353 205.6863 1.6425 1.7205 4.4296 -21.2418 2.9126 65.0817 -0.1031 1.6599
Car -1 -1 -3.3136 714.3533 160.6713 789.9614 185.4565 1.4774 1.6535 4.2892 8.5668 0.7516 43.8785 -3.1208 0.7931
Car -1 -1 -1.3933 617.4697 163.3642 655.3407 192.4473 1.9840 1.8418 5.1619 1.9337 1.3370 51.9374 -1.3561 -1.9561
