Car -1 -1 2.1707 17.6100 190.0998 120.0089 226.4175 1.4385 1.6275 4.1973 -24.4410 2.2722 32.7314 1.5293 8.7241
Car -1 -1 2.0884 107.3337 185.1269 176.8996 217.0414 1.5569 1.5421 3.5742 -24.8697 2.2420 38.4293 1.5140 6.4673
Car -1 -1 1.9551 160.9009 187.1255 215.0613 213.9444 1.4670 1.5747 3.6050 -25.3366 2.3629 43.3807 1.4264 4.3519
Car -1 -1 1.8951 210.2061 185.7636 256.3630 209.8699 1.5010 1.6283 3.9119 -25.6461 2.4183 49.1873 1.4145 3.4070
Car -1 -1 2.2120 0.0000 191.8218 42.8873 237.1123 1.5104 1.6246 3.8116 -23.9973 2.2896 27.6625 1.4975 2.9154
Car -1 -1 2.0026 254.8092 185.7332 298.0776 206.2985 1.4735 1.5713 3.8854 -25.8905 2.5095 56.0733 1.5700 0.8691
Car -1 -1 1.7371 448.3784 178.9504 480.4381 201.2460 1.4796 1.5961 3.9022 -10.2634 1.9270 50.9367 1.5383 0.1961
Car -1 -1 1.6214 397.7443 178.6765 438.4751 213.6870 1.5190 1.6597 4.1662 -9.0850 1.8135 34.2465 1.3621 -0.8531
Car -1 -1 0.9102 1125.7299 129.4443 1241.0000 189.6130 1.5041 1.5857 3.6950 16.2607 0.4193 19.9001 1.5953 -0.9339
Car -1 -1 -1.4845 615.5824 167.2412 634.5992 182.4782 1.4471 1.5575 3.5312 1.4769 0.9144 70.3647 -1.4635 -1.3471
Car -1 -1 0.9533 1074.4407 117.6299 1233.0034 177.9422 1.4651 1.5528 3.6519 14.3454 0.1240 19.3662 1.5908 -1.9232
Car -1 -1 1.5037 652.7642 178.1181 684.8244 205.2695 1.4699 1.5828 3.9049 3.3269 1.7894 41.7823 1.5831 -2.1058
Car -1 -1 2.2744 798.8745 192.7581 879.5626 229.0263 1.6010 1.6692 3.8824 11.2569 2.6286 35.4951 2.5815 -2.1303
