Car -1 -1 2.3964 758.7132 172.3501 841.6688 202.5467 1.4886 1.6294 4.1342 9.7984 1.4641 37.2561 2.6536 2.3069
Car -1 -1 -0.4492 916.4728 159.2318 972.2265 176.8073 1.4752 1.6039 4.0045 28.3974 0.3322 61.3921 -0.0160 -0.1660
Car -1 -1 1.7829 484.2964 181.4390 519.2946 203.4876 1.5001 1.6783 4.2850 -7.9233 2.1570 52.9861 1.6345 -0.7576
Car -1 -1 -2.9147 502.6221 168.1316 555.0287 186.7835 1.5036 1.6324 4.0096 -6.6634 1.1233 59.2030 -3.0268 -0.7786
Car -1 -1 1.5438 984.4287 169.8531 1020.4544 198.8149 1.4773 1.5923 3.9286 21.0781 1.3246 38.9144 2.0402 -0.9495
Car -1 -1 2.1072 169.2271 185.3576 222.5015 207.2414 1.4898 1.6169 3.9732 -30.6072 2.4503 53.4028 1.5868 -1.1195
Car -1 -1 3.3302 0.0000 193.8116 64.9311 253.6601 1.4796 1.5939 3.7742 -18.0968 2.1269 20.6295 2.6101 -1.3057
Car -1 -1 1.1385 903.5325 165.3319 947.8605 185.4553 1.4848 1.6259 3.8769 24.0632 0.9301 55.1894 1.5496 -1.5470
Car -1 -1 2.7601 862.9751 171.8849 951.6089 200.5718 1.4881 1.6062 4.0353 15.6725 1.4382 38.2454 3.1490 -1.7973
Car -1 -1 -3.4645 1125.7020 175.3942 1241.0000 212.3957 1.4929 1.6172 3.9016 24.5043 1.6065 30.7339 -2.7914 -1.9803
