Car -1 -1 -7.6958 445.8581 172.2177 522.1819 227.7519 1.4788 1.6226 3.6607 -3.4741 1.2585 20.6610 -7.8581 7.5562
Cyclist -1 -1 -6.7372 646.6349 161.0066 682.1193 195.3596 1.7825 0.5409 1.8097 3.1151 0.7712 37.2655 -6.6527 4.2161
Cyclist -1 -1 -6.6483 767.7020 152.6059 817.3454 198.1110 1.8393 0.6113 1.8718 7.6528 0.7121 28.9834 -6.3910 4.0427
Cyclist -1 -1 -6.3231 829.8749 148.0196 887.6847 200.5213 1.7638 0.6283 1.8446 8.6749 0.6729 24.3263 -5.9828 3.8846
Car -1 -1 -6.7227 930.9337 158.3118 1020.9995 186.5864 1.4223 1.5775 3.7979 19.0423 0.3063 36.4321 -6.2428 2.9656
Cyclist -1 -1 -7.0059 303.7727 168.3075 361.2028 225.4653 1.8062 0.5292 1.8831 -8.9855 1.4212 23.2987 -7.3677 2.1536
Pedestrian -1 -1 -4.9742 378.0142 165.5060 405.0560 216.9620 1.8924 0.7384 1.0214 -8.0751 1.3412 26.6315 -5.2635 1.3299
Pedestrian -1 -1 -7.6406 452.0658 161.0257 475.5767 210.8798 1.8970 0.7327 0.8206 -5.4779 1.1562 27.3214 -7.8344 1.2548
Car -1 -1 -6.8675 1016.9199 147.4193 1122.3114 181.8820 1.7542 1.7970 4.3245 24.1665 0.0705 36.9023 -6.2898 1.2448
Pedestrian -1 -1 -6.2208 520.8245 160.3577 549.5223 208.9840 1.8904 0.7266 1.0820 -2.7730 1.1076 27.8682 -6.3171 1.1890
Pedestrian -1 -1 -3.0637 381.8690 170.3141 407.3990 213.2026 1.7062 0.5351 0.9461 -8.4970 1.3012 28.4873 -3.3487 1.0398
Pedestrian -1 -1 -5.4611 412.5697 160.7043 449.9456 213.8179 1.8581 0.7952 1.0580 -6.2622 1.1659 25.3591 -5.6984 0.7914
Pedestrian -1 -1 -8.4121 273.5146 174.9022 297.2658 216.7189 1.7406 0.7238 0.5698 -13.5346 1.5078 29.8896 -8.8316 0.4308
Cyclist -1 -1 -4.3377 343.1811 171.6633 360.4765 197.5811 1.8317 0.5020 1.9182 -18.2261 1.2072 50.9378 -4.6777 0.1704
Car -1 -1 -8.3560 1137.9329 151.8888 1219.7883 183.3229 1.5487 1.6227 3.9019 29.8112 0.1392 36.8979 -7.6790 -0.0780
Cyclist -1 -1 -7.5155 800.3488 157.0217 819.7725 190.8234 1.6796 0.4037 1.7175 10.4158 0.5131 35.9484 -7.2340 -0.0891
Car -1 -1 -8.2847 757.4186 154.8041 802.1128 187.0362 2.5160 1.8247 4.4726 14.1732 0.5102 57.5589 -8.0429 -0.2581
Pedestrian -1 -1 -5.6176 109.8024 174.6740 132.3907 231.6515 1.8176 0.4928 0.3770 -15.6455 1.6320 22.8143 -6.2105 -0.5354
Car -1 -1 -4.9053 482.0135 169.0625 509.7652 187.5693 1.5448 1.6270 4.0783 -9.4635 0.5900 61.2112 -5.0561 -0.5568
Cyclist -1 -1 -8.4748 1002.4055 150.6460 1036.4093 187.5037 1.7743 0.5047 1.7774 20.4411 0.3373 34.9443 -7.9477 -0.7578
Pedestrian -1 -1 -6.9831 264.5275 176.7370 291.1682 217.3891 1.6557 0.5303 0.8631 -13.5789 1.5027 29.3006 -7.4113 -0.8823
Pedestrian -1 -1 -7.2631 444.3842 169.5649 464.5721 209.0130 1.7500 0.6336 0.6486 -6.7875 1.2651 31.7853 -7.4697 -0.9075
Car -1 -1 -5.2330 959.4146 153.5593 1099.7762 211.9807 1.4700 1.6121 3.8585 11.6145 0.7925 19.7257 -4.7061 -0.9983
Pedestrian -1 -1 -8.1855 1200.1577 152.2199 1223.0000 187.1986 1.7102 0.6970 0.6239 29.9936 0.3277 34.9872 -7.4796 -1.4564
