Cyclist -1 -1 -6.5895 605.2968 157.0209 727.7767 271.4266 1.7371 0.5369 1.8584 0.9203 1.3810 11.2047 -6.5080 5.5271
Car -1 -1 -4.5897 445.0815 169.8236 482.8180 195.3673 1.5144 1.8001 4.1527 -8.7388 0.8815 44.0535 -4.7824 4.2488
Car -1 -1 -7.1893 0.0000 199.9483 295.7782 369.0000 1.4583 1.5141 3.5754 -3.1129 1.6049 3.5164 -7.8687 3.9887
Car -1 -1 -3.8631 1112.5945 147.4630 1223.0000 187.2996 1.5618 1.4970 3.8043 22.8839 0.2668 28.5622 -3.1914 3.3079
Pedestrian -1 -1 -6.2322 498.5476 140.3262 616.0523 315.6024 1.8985 0.7206 1.2733 -0.5771 1.4638 8.0289 -6.2993 2.9537
Pedestrian -1 -1 -6.1609 868.6880 139.5472 966.3282 291.0458 1.8718 0.6459 1.1112 4.0549 1.3662 9.2930 -5.7601 2.8186
Pedestrian -1 -1 -5.9933 491.0066 151.4610 587.8745 306.6631 1.8506 0.5965 1.0793 -0.8592 1.5047 8.8292 -6.0851 1.7370
Cyclist -1 -1 -5.2299 832.6019 152.7548 858.7134 186.2619 1.7660 0.5457 1.7311 12.9609 0.3038 38.1667 -4.9032 1.3108
Pedestrian -1 -1 -5.1100 0.0000 180.8012 18.3336 228.2339 1.8236 0.5477 0.8642 -23.5017 1.8358 27.6298 -5.8076 0.9434
Pedestrian -1 -1 -5.2614 341.9226 171.7224 355.4781 196.4263 1.8400 0.6070 0.8468 -19.2673 1.1862 53.1637 -5.6055 0.8267
Pedestrian -1 -1 -5.5407 106.1108 176.8981 166.3706 272.6432 1.5883 0.5572 0.6525 -8.0342 1.5289 12.0584 -6.1146 0.6256
Car -1 -1 -8.4093 996.1553 158.6094 1128.9622 216.6474 1.4268 1.5134 3.1846 12.0918 0.8890 18.9786 -7.8478 -0.9534
Car -1 -1 -7.5883 57.1490 169.0910 101.0456 190.6989 1.5651 1.6401 4.0483 -39.6447 0.7388 53.3977 -8.2223 -1.2690
Pedestrian -1 -1 -5.7818 72.7090 177.1882 119.7484 275.4574 1.5456 0.4728 0.4394 -8.2300 1.4939 11.3800 -6.3929 -1.5840
Pedestrian -1 -1 -2.9803 981.3285 145.0644 1009.9031 217.1064 1.8605 0.6360 0.5702 10.2842 0.9457 18.6858 -2.4825 -1.8399
Pedestrian -1 -1 -3.0838 1011.2808 142.4592 1046.1055 273.5033 1.7744 0.4836 0.3979 5.8741 1.2597 9.8854 -2.5598 -1.8567
Car -1 -1 -4.6055 572.1527 171.5547 594.3220 188.8168 1.4937 1.5855 3.7180 -1.8968 0.7196 63.0968 -4.6337 -1.9952
