Cyclist -1 -1 -6.5970 499.0845 158.4606 619.4996 274.3263 1.7354 0.6009 1.8068 -0.7697 1.4057 11.2029 -6.6619 5.3997
Car -1 -1 -4.5693 448.3715 168.8179 485.0057 195.0609 1.5741 1.7118 3.8773 -8.6385 0.8735 44.3860 -4.7584 4.2024
Car -1 -1 -7.2134 0.0000 196.5975 313.1999 369.0000 1.4563 1.5402 3.7935 -3.1728 1.5873 3.8264 -7.8644 3.6019
Pedestrian -1 -1 -6.1543 444.9400 144.7220 557.3106 310.4351 1.8868 0.7449 1.2385 -1.2621 1.4798 8.4304 -6.2957 2.7257
Pedestrian -1 -1 -6.1288 789.4767 145.0884 879.1738 281.5251 1.8156 0.8537 1.1006 3.2118 1.3447 10.0345 -5.8262 2.0816
Car -1 -1 -7.1842 1176.7695 148.1607 1223.0000 185.0210 1.4688 1.6000 4.1286 26.2035 0.1804 29.3218 -6.4586 1.4400
Pedestrian -1 -1 -6.3658 453.8802 153.8975 532.1221 296.9232 1.7970 0.5621 0.9702 -1.5300 1.4632 9.2713 -6.5221 1.1978
Car -1 -1 -7.8343 803.8262 161.5287 835.4700 190.9801 1.5057 1.5580 3.4764 11.5611 0.5359 38.0407 -7.5398 0.4525
Pedestrian -1 -1 -8.1946 336.6462 171.7299 349.2274 197.4273 1.8333 0.6416 0.7385 -18.8770 1.2077 50.9323 -8.5458 0.2375
Pedestrian -1 -1 -1.7917 7.6950 178.4016 26.1402 223.0669 1.7993 0.4925 0.4552 -23.9951 1.7150 28.8172 -2.4789 -0.0719
Car -1 -1 -7.6804 1217.1223 149.9993 1223.0000 205.8229 1.4957 1.6486 3.9143 19.5586 0.6788 20.7833 -6.9313 -0.7480
Pedestrian -1 -1 -2.4409 77.7422 174.9914 140.2942 267.5481 1.5783 0.7403 0.5532 -8.7689 1.4847 12.4529 -3.0406 -0.7634
Pedestrian -1 -1 -4.5963 825.3624 155.0722 838.9635 186.1973 1.7352 0.6432 0.8058 12.8143 0.3177 39.9178 -4.2862 -0.9263
Pedestrian -1 -1 -5.2824 0.0000 179.0914 19.2257 233.8954 1.7783 0.5611 0.4978 -19.8070 1.7329 23.2852 -5.9789 -1.6289
Pedestrian -1 -1 -3.9934 8.0266 201.9592 35.9490 246.9442 1.1767 0.4186 0.3963 -15.6187 1.7568 18.8975 -4.6742 -1.7027
Cyclist -1 -1 -8.0233 1000.5320 147.3154 1036.8092 217.0137 1.7611 0.5530 1.5998 10.8853 0.9229 18.7114 -7.5021 -1.9198
Car -1 -1 -7.7693 801.5038 164.2509 862.2057 216.3367 1.4781 1.5245 3.2792 7.0337 1.0173 21.8718 -7.4606 -2.0714
