Car -1 -1 -7.7515 519.7154 175.5917 555.9985 203.5675 1.5177 1.6869 3.5899 -3.7806 1.2515 40.1617 -7.8429 5.4721
Cyclist -1 -1 -6.4198 582.4385 169.0246 609.9136 196.1981 1.8232 0.5518 1.8008 -0.6024 1.0533 47.8435 -6.4306 4.0748
Cyclist -1 -1 -6.3044 637.2769 167.5381 665.3446 196.3641 1.8296 0.5488 1.7786 2.9478 1.0070 45.1917 -6.2380 4.0125
Car -1 -1 -3.6609 909.7998 145.3763 1051.5824 188.4018 1.5328 1.6977 4.3602 13.7706 0.2818 26.1190 -3.1788 3.0697
Cyclist -1 -1 -7.5404 389.8823 180.1046 409.7372 214.8604 1.7395 0.4481 1.7785 -10.5352 1.7199 36.2846 -7.8191 3.0497
Pedestrian -1 -1 -5.7774 449.0877 172.5106 466.9879 202.8172 1.9008 0.5044 0.9886 -9.3036 1.3998 44.7346 -5.9793 1.9052
Pedestrian -1 -1 -3.4571 569.5703 168.3715 587.0465 197.5795 1.8869 0.4754 1.0422 -1.7450 1.1035 46.0803 -3.4930 1.8457
Pedestrian -1 -1 -2.8281 506.7720 170.5691 522.8759 198.3152 1.8028 0.4763 0.9443 -5.9032 1.1576 46.2624 -2.9525 0.9150
Pedestrian -1 -1 -4.5992 405.9296 179.6192 413.4727 201.0765 1.8724 0.5262 1.0241 -17.1743 1.7955 62.2460 -4.8656 0.3930
Pedestrian -1 -1 -2.9424 377.4700 182.1369 392.1355 206.4151 1.7340 0.5029 0.9252 -15.8271 1.8524 50.8347 -3.2409 -0.0048
Pedestrian -1 -1 -4.7511 369.0839 181.6580 378.0376 207.1523 1.7835 0.5720 0.8289 -16.3667 1.8662 49.9956 -5.0641 -0.2244
Pedestrian -1 -1 -8.1824 907.3481 133.3249 935.8239 189.7968 1.8674 0.6076 0.9238 10.6433 0.3077 23.8674 -7.7659 -0.2969
Pedestrian -1 -1 -2.3797 455.1758 174.8695 471.3018 202.3311 1.7623 0.5788 0.8656 -9.1978 1.4010 45.8498 -2.5747 -0.6644
Car -1 -1 -4.3379 767.0179 169.3747 800.0959 186.8365 1.5043 1.5966 3.7347 15.9244 0.5458 62.8926 -4.0894 -0.9160
Car -1 -1 -5.0731 325.2746 180.4793 372.6896 207.1620 1.5350 1.5686 3.4534 -15.4249 1.5339 42.4981 -5.4172 -1.5522
Car -1 -1 -7.0555 1066.2610 148.2090 1175.1195 184.2847 1.6248 1.6839 4.0942 23.9881 0.1706 32.9759 -6.4295 -1.7758
Pedestrian -1 -1 -3.3631 1111.8531 141.0496 1142.6152 224.8349 1.7425 0.5180 0.4172 11.0450 0.9224 15.0244 -2.7375 -1.8181
Pedestrian -1 -1 -7.7697 871.6478 156.0741 886.7206 190.7761 1.8127 0.6887 0.6920 14.4867 0.5369 37.3946 -7.4012 -2.0277
Car -1 -1 -3.1883 770.8170 165.2320 839.4088 190.0479 1.4674 1.5964 3.9409 12.1103 0.5647 43.0295 -2.9141 -2.0671
