Car -1 -1 -7.6974 458.7011 172.9572 528.1702 223.4396 1.4741 1.6159 3.6464 -3.4924 1.2541 22.4741 -7.8476 6.8766
Cyclist -1 -1 -6.5111 738.6197 157.9179 784.0586 200.8507 1.8465 0.6137 1.8359 6.7599 0.8755 30.7270 -6.2950 4.6016
Car -1 -1 -6.8326 997.4184 149.3763 1100.3462 181.8457 1.7323 1.7920 4.4893 24.1745 0.0719 38.6360 -6.2755 4.2413
Cyclist -1 -1 -6.7541 626.3448 163.0163 661.0737 196.1415 1.7857 0.5892 1.8329 2.1098 0.8433 38.7548 -6.6984 3.7522
Car -1 -1 -6.7164 914.3081 158.4469 995.9487 186.1911 1.4704 1.5556 3.6445 18.9003 0.3018 38.2931 -6.2594 3.4697
Cyclist -1 -1 -3.1890 798.3139 150.1858 850.5812 200.3330 1.8262 0.5933 1.8251 8.1012 0.7225 26.2615 -2.8913 2.9549
Pedestrian -1 -1 -7.0111 515.8981 161.2068 545.7870 206.8581 1.8732 0.6573 1.0830 -3.1306 1.0818 29.6340 -7.1134 1.4607
Pedestrian -1 -1 -7.1025 312.9886 170.3590 347.0403 223.2146 1.7723 0.6256 0.9242 -9.4586 1.4325 24.2541 -7.4681 1.3647
Pedestrian -1 -1 -4.9943 399.8014 165.9905 422.6956 212.8958 1.8473 0.6371 1.0002 -7.8249 1.2761 28.4383 -5.2582 1.2484
Pedestrian -1 -1 -6.1199 420.8096 160.9021 446.3309 211.1269 1.8914 0.7835 0.8311 -6.5796 1.1536 27.0464 -6.3540 0.9605
Pedestrian -1 -1 -8.0293 467.3937 162.8611 487.8488 208.6116 1.8405 0.7135 0.6939 -5.2351 1.1311 28.8915 -8.2048 0.5765
Pedestrian -1 -1 -7.9823 1116.0452 159.0272 1155.1954 221.5024 1.6896 0.7718 0.7682 14.6897 1.1092 19.6455 -7.3464 0.4727
Pedestrian -1 -1 -4.8246 289.4070 175.5103 306.4454 215.5117 1.7711 0.6126 0.8764 -13.8532 1.5504 31.8375 -5.2297 0.3685
Car -1 -1 -7.0561 1125.9286 148.8708 1223.0000 179.6110 1.5946 1.7027 4.0340 30.3918 -0.0487 37.7828 -6.3810 0.1342
Pedestrian -1 -1 -5.9139 276.9005 178.7030 302.4344 216.4931 1.6527 0.5531 0.8898 -13.9417 1.5743 31.2183 -6.3285 0.1080
Pedestrian -1 -1 -8.0968 404.3420 168.7678 421.7493 211.6021 1.8111 0.5753 0.6811 -8.2620 1.3152 30.3319 -8.3583 -0.0126
Cyclist -1 -1 -7.9389 790.2930 158.9595 800.0973 191.3601 1.6968 0.3623 1.6848 10.1703 0.5689 37.8880 -7.6769 -0.3170
Car -1 -1 -8.5582 755.4113 153.9525 812.9420 186.4765 2.5450 1.9459 4.7532 14.6110 0.4676 57.8888 -8.3105 -0.5364
Car -1 -1 -6.3749 1030.3259 153.4626 1223.0000 219.3985 1.4828 1.5764 3.7144 12.6769 0.8751 17.5164 -5.7553 -0.7808
Pedestrian -1 -1 -7.8273 456.2613 168.7835 469.5493 206.3535 1.7629 0.5974 0.7791 -6.7718 1.2133 33.6113 -8.0225 -0.8795
Car -1 -1 -7.4013 1192.3058 138.4350 1223.0000 228.6595 1.4691 1.6506 4.1065 13.0178 0.7845 12.9779 -6.6248 -1.2791
Cyclist -1 -1 -7.2061 344.9485 173.8293 363.6208 196.8316 1.6572 0.3671 1.6465 -18.3489 1.1767 51.7805 -7.5430 -1.4474
Pedestrian -1 -1 -3.4092 957.1343 157.7632 980.9410 210.7678 1.5807 0.5191 0.5188 10.9717 0.9029 21.3914 -2.9395 -1.5771
Car -1 -1 -4.8368 1135.3015 157.8976 1178.2374 184.4893 1.5082 1.5648 3.5935 32.7426 0.2264 42.0456 -4.1772 -1.6908
Car -1 -1 -4.6149 1181.8118 153.6499 1221.7678 178.5899 1.5383 1.6106 3.9603 38.7372 -0.1292 45.8731 -3.9154 -1.9192
Car -1 -1 -4.2003 226.2185 168.5922 294.3387 203.4780 2.0982 1.8837 4.5482 -21.7693 1.3821 44.8555 -4.6477 -2.0437
