Car -1 -1 -7.5945 332.5853 180.0811 484.4882 275.1836 1.4168 1.6118 3.7068 -3.2938 1.4109 12.3930 -7.8461 7.6906
Cyclist -1 -1 -6.5151 1081.6000 124.4320 1198.0424 212.5739 1.8115 0.6491 1.8945 11.3986 0.6595 15.2017 -5.8799 3.6085
Cyclist -1 -1 -6.5281 278.9262 168.0896 360.1631 243.2564 1.7468 0.5930 1.7401 -6.9626 1.4587 17.1785 -6.9050 3.2112
Cyclist -1 -1 -6.7474 991.7966 137.1665 1069.5707 200.8087 1.8205 0.5576 1.8906 12.3277 0.5812 20.5706 -6.2124 2.6920
Car -1 -1 -4.6769 472.1537 168.0041 497.0305 190.3845 1.6053 1.6814 4.0457 -8.9559 0.7090 52.8314 -4.8421 2.3292
Cyclist -1 -1 -7.6746 865.5718 153.0221 890.3012 198.5403 1.7127 0.5857 1.8397 10.6139 0.6790 27.5417 -7.3088 1.9009
Cyclist -1 -1 -6.5389 788.2097 156.1316 833.6281 197.2193 1.7651 0.5046 1.8212 8.8927 0.7185 30.6500 -6.2575 1.6347
Pedestrian -1 -1 -2.8659 239.1412 178.8844 275.5090 237.4722 1.6286 0.5960 0.7899 -9.8718 1.5840 20.0159 -3.3161 1.6258
Pedestrian -1 -1 -6.1535 568.1406 156.5288 593.1115 227.0964 1.9054 0.7086 0.6011 -0.7050 1.2585 19.4729 -6.1873 1.5240
Pedestrian -1 -1 -2.5109 204.8353 169.5820 256.3351 244.1934 1.8755 0.6742 0.9576 -9.6579 1.6014 18.1785 -2.9904 1.4309
Pedestrian -1 -1 -5.0093 328.8092 163.9214 368.1005 234.0596 1.8835 0.7343 1.1219 -7.1776 1.4386 19.6561 -5.3525 1.1687
Pedestrian -1 -1 -5.8273 195.3827 175.9902 231.9007 236.5045 1.8023 0.7123 0.7277 -11.8890 1.6683 21.4299 -6.3259 0.6717
Car -1 -1 -6.8349 1038.8452 156.9157 1156.0240 196.2288 1.5104 1.5594 3.5183 19.4236 0.6045 28.0327 -6.2326 0.5092
Pedestrian -1 -1 -7.3810 1143.0677 145.4662 1176.9739 196.4492 1.8652 0.7616 0.6965 20.6568 0.5837 26.3598 -6.7205 0.2453
Pedestrian -1 -1 -5.0596 393.6529 160.0119 439.0529 239.5969 1.8395 0.7283 1.0935 -4.5859 1.3663 16.9990 -5.3166 -0.0195
Pedestrian -1 -1 -6.0880 184.1429 179.4759 216.3379 237.8321 1.6889 0.4919 0.7395 -11.9436 1.6595 20.8116 -6.6008 -0.3335
Pedestrian -1 -1 -5.0543 331.8271 170.3644 344.5781 197.4821 1.8150 0.5403 0.8958 -18.0564 1.1367 47.8410 -5.4112 -0.4060
Car -1 -1 -4.4010 498.8215 167.5074 532.7255 188.4156 1.6041 1.5805 3.8067 -7.0507 0.6073 56.2648 -4.5232 -0.5782
Car -1 -1 -8.3323 869.1321 160.0780 945.8521 199.8503 1.4773 1.5185 3.0764 11.8093 0.7190 27.8566 -7.9336 -1.3583
Car -1 -1 -3.1043 558.8184 170.5037 606.2611 192.0849 1.5335 1.5767 3.3651 -1.5938 0.8232 51.0413 -3.1336 -1.8220
Car -1 -1 -4.5456 433.6129 177.0731 460.5048 195.2944 1.4708 1.5627 3.8732 -13.1403 1.1942 59.0465 -4.7618 -2.1619
