Car -1 -1 -7.4307 84.0440 187.2869 423.6135 369.0000 1.4362 1.5910 3.6910 -3.2220 1.5242 7.2590 -7.8307 7.2111
Pedestrian -1 -1 -5.4745 623.3495 153.1599 690.8280 250.7044 1.8585 0.7916 1.1199 0.9880 1.3379 14.1549 -5.4045 4.0022
Cyclist -1 -1 -6.7091 978.5743 147.5590 1035.9448 196.4386 1.7922 0.6183 1.7568 14.9213 0.5846 26.3081 -6.1965 3.2905
Car -1 -1 -4.5471 457.9071 169.2249 492.6900 193.8600 1.5963 1.6851 3.8935 -8.7177 0.8657 47.7711 -4.7247 2.8417
Cyclist -1 -1 -7.7063 929.0034 148.2569 957.0775 207.0967 1.7844 0.5480 1.8205 10.6627 0.8069 22.3517 -7.2649 2.7228
Pedestrian -1 -1 -2.9916 155.1711 165.7219 200.9599 261.2608 1.9108 0.7076 0.7069 -8.8474 1.6156 14.6012 -3.5251 1.9645
Pedestrian -1 -1 -2.5426 40.4140 186.2656 90.6298 266.3841 1.6119 0.6430 0.5577 -11.1783 1.7341 14.6060 -3.1838 1.5610
Pedestrian -1 -1 -5.8804 383.3769 154.9588 454.9438 268.6439 1.8339 0.7143 0.9536 -3.1447 1.4223 11.8309 -6.1318 1.5444
Car -1 -1 -7.0557 1125.9924 146.7671 1223.0000 194.4527 1.4893 1.5900 3.9576 19.4396 0.4361 23.0264 -6.3596 1.1655
Pedestrian -1 -1 -7.5532 1155.9399 138.4410 1192.8833 199.2055 1.7974 0.7423 0.5490 17.1732 0.5536 21.3751 -6.8819 0.8877
Pedestrian -1 -1 -5.6931 110.1397 181.1431 153.7378 259.0309 1.6948 0.6201 0.5518 -10.5411 1.7097 15.7029 -6.2733 0.6548
Pedestrian -1 -1 -7.9216 0.0000 185.3181 31.1102 280.3126 1.6886 0.4825 0.8217 -11.0127 1.7813 13.0802 -8.6079 0.6417
Pedestrian -1 -1 -5.6280 129.3723 177.9713 170.4960 254.8640 1.7305 0.5889 0.5479 -10.4822 1.6739 16.2308 -6.1909 0.3681
Cyclist -1 -1 -6.2267 306.0240 163.9277 406.0273 261.3560 1.7633 0.6550 1.7428 -4.7086 1.4637 13.3473 -6.5567 0.3087
Car -1 -1 -4.6330 494.1640 169.7956 525.7174 194.2661 1.5180 1.6932 4.2733 -6.1459 0.8540 46.0375 -4.7630 0.0389
Pedestrian -1 -1 -7.3630 347.8242 171.3190 379.3925 237.1414 1.6866 0.6009 0.5265 -6.3272 1.4517 18.4270 -7.6868 -0.1321
Cyclist -1 -1 -7.4584 324.4430 172.3830 344.1837 199.7243 1.8131 0.6046 1.7762 -18.2843 1.2749 47.7847 -7.8199 -0.5385
Pedestrian -1 -1 -3.0705 397.3196 163.1611 458.8861 261.6200 1.7398 0.4676 1.0505 -3.2397 1.4338 12.8123 -3.3105 -0.9367
Car -1 -1 -8.3658 967.6946 156.7756 1081.6155 204.1755 1.4159 1.6007 3.5787 13.4242 0.7075 22.9208 -7.8402 -1.5958
Cyclist -1 -1 -7.2554 27.9088 186.7163 88.3166 248.5862 1.6644 0.4327 1.7585 -15.5387 1.8491 20.0885 -7.9046 -1.7206
Car -1 -1 -6.0985 1136.9233 138.0009 1223.0000 229.6156 1.4879 1.6289 4.0495 12.9012 0.7980 13.5949 -5.3492 -1.7415
Car -1 -1 -4.6367 311.8678 168.4159 341.6357 195.0533 1.7742 1.6342 3.7382 -19.2883 0.9694 49.1192 -5.0069 -1.9029
