Car -1 -1 -7.7928 543.6391 165.7740 569.1221 188.8875 1.6641 1.6640 3.7940 -3.5931 0.6039 52.8070 -7.8585 1.7310
Cyclist -1 -1 -7.2041 416.5909 171.3537 442.4752 200.5635 1.7818 0.4704 1.9679 -10.9430 1.2239 44.1251 -7.4438 1.2759
Car -1 -1 -2.5191 45.4546 187.8259 110.3558 209.1739 1.5522 1.6287 3.6229 -39.3357 2.1082 52.8221 -3.1548 0.3730
Pedestrian -1 -1 -5.8017 56.9170 180.7634 76.5675 220.4980 1.7705 0.4894 0.5370 -24.2225 1.7826 31.7929 -6.4463 0.2707
Car -1 -1 -4.2550 161.6870 183.6817 232.6578 212.8431 1.4633 1.6474 4.1055 -21.8477 1.6440 38.0333 -4.7712 0.2088
Car -1 -1 -7.0927 396.5432 170.5779 448.0090 192.8585 1.6810 1.6663 3.9117 -14.2774 0.9324 55.4572 -7.3416 0.0433
Car -1 -1 -7.5286 502.3600 170.1138 541.1780 192.0522 1.5882 1.6693 4.1355 -6.2287 0.8363 53.3828 -7.6423 -0.1306
Car -1 -1 -7.2529 138.0908 181.3638 247.5591 228.9079 1.6235 1.6383 3.7665 -15.1397 1.6580 26.1583 -7.7707 -0.4175
Pedestrian -1 -1 -7.8031 807.3981 142.5701 821.1986 180.4473 1.9194 0.6391 0.8491 10.7419 -0.0026 36.3376 -7.5160 -0.8784
Cyclist -1 -1 -7.0797 146.3113 178.7298 204.8388 233.5570 1.8068 0.6193 1.8145 -14.7305 1.7487 24.2543 -7.6181 -1.5197
Pedestrian -1 -1 -4.0387 0.0000 210.0614 21.2368 259.8162 1.1934 0.4124 0.3949 -14.7765 1.9296 17.4000 -4.7322 -1.6227
Pedestrian -1 -1 -3.9674 64.7274 205.4008 89.9230 249.1145 1.1951 0.4150 0.3841 -14.8036 1.8998 19.7876 -4.6005 -1.6360
Car -1 -1 -6.7900 816.5971 151.4727 896.5785 179.9653 1.5141 1.6157 3.8234 13.7393 -0.0300 38.7288 -6.4497 -1.8741
Car -1 -1 -7.8363 588.6124 167.7649 608.3817 186.6233 1.5405 1.5974 3.7268 -0.5098 0.5002 59.6307 -7.8431 -2.1440
