Car -1 -1 -7.7727 510.0581 174.6672 549.1255 204.7634 1.4424 1.6600 3.7244 -3.7807 1.1630 35.7650 -7.8753 6.1558
Cyclist -1 -1 -7.4294 372.2206 176.6297 398.3044 215.4514 1.7894 0.4562 1.8491 -10.4269 1.6112 33.5352 -7.7266 4.6214
Cyclist -1 -1 -6.4576 603.8122 167.9979 633.8187 196.4431 1.7399 0.6084 1.7749 0.8421 0.9753 43.6840 -6.4367 3.4237
Cyclist -1 -1 -6.1771 662.6189 164.2971 695.3009 195.3749 1.7632 0.6154 1.8117 4.2380 0.8440 40.6044 -6.0722 2.2213
Car -1 -1 -3.7690 973.3620 135.7850 1147.4666 189.3818 1.5719 1.7352 4.3114 13.8768 0.2608 21.7401 -3.2056 2.0226
Pedestrian -1 -1 -5.6908 441.8341 171.3450 461.7853 204.5078 1.8662 0.5227 0.9856 -8.7245 1.3511 40.2142 -5.9012 1.2344
Pedestrian -1 -1 -3.0716 549.4078 167.1114 566.5052 198.0525 1.8104 0.4834 0.9724 -2.7766 1.0271 41.6142 -3.1360 0.8493
Pedestrian -1 -1 -5.0777 360.2370 177.9535 374.7905 206.7848 1.8545 0.6200 0.8978 -15.4646 1.6907 46.0223 -5.3982 0.5033
Pedestrian -1 -1 -5.1695 489.3162 168.2600 504.2824 200.4024 1.8738 0.5219 0.9200 -6.4011 1.1603 41.7446 -5.3188 0.3987
Car -1 -1 -2.1490 66.9681 164.9729 133.3964 191.5442 1.7759 1.7083 4.2375 -34.8647 0.7382 48.8306 -2.7642 0.2646
Car -1 -1 -4.3587 552.1858 172.8659 591.5504 193.5233 1.4472 1.5608 4.0598 -2.3733 0.9124 51.7059 -4.4026 -0.1662
Pedestrian -1 -1 -8.0808 977.1202 120.8759 1011.0217 192.0847 1.9055 0.6216 0.9103 10.6465 0.3103 19.4421 -7.5847 -0.2393
Cyclist -1 -1 -4.5746 348.9205 180.6536 362.5004 207.9622 1.7100 0.5530 1.9518 -15.9662 1.7201 45.2952 -4.9098 -0.2552
Car -1 -1 -7.9218 1127.1818 144.2341 1183.9987 186.1617 1.7325 1.6980 3.9478 24.2873 0.2342 31.3288 -7.2655 -0.2777
Pedestrian -1 -1 -5.6973 501.3913 167.1465 520.8884 198.5447 1.8789 0.6597 0.9672 -5.6923 1.0799 42.8202 -5.8268 -0.2783
Car -1 -1 -6.7591 892.2094 151.7114 961.7286 176.2334 1.7647 1.7050 4.3722 23.7255 -0.3206 52.1751 -6.3328 -0.4782
Car -1 -1 -6.6865 831.1550 155.5694 894.6777 179.2978 1.7030 1.6968 4.0273 18.8645 -0.0897 51.7988 -6.3374 -1.3777
Car -1 -1 -7.6033 44.8483 159.4688 96.1064 189.7434 1.8984 1.7138 4.0911 -35.1187 0.5797 46.5546 -8.2445 -1.4413
Car -1 -1 -8.0325 742.9840 162.2107 776.6453 186.0029 1.6795 1.6862 4.2519 11.3519 0.3885 52.0658 -7.8173 -1.6402
Pedestrian -1 -1 -6.1669 542.5393 166.2432 555.4946 192.1912 1.7965 0.5657 0.8393 -3.8980 0.8095 49.2518 -6.2436 -1.6900
Cyclist -1 -1 -7.4143 493.5595 172.4315 510.1680 199.5760 1.6674 0.3513 1.6670 -6.4576 1.1719 44.2806 -7.5564 -1.9379
Pedestrian -1 -1 -8.3117 1137.7345 129.5269 1179.9910 216.7019 1.7143 0.5320 0.4232 11.0408 0.7123 14.1635 -7.6585 -2.1465
