Cyclist -1 -1 -6.5897 769.1068 158.8811 893.3299 268.6933 1.7380 0.5467 1.8404 3.5973 1.3962 11.4720 -6.2919 5.4530
Car -1 -1 -3.6634 1007.9290 155.8942 1134.9983 194.8128 1.5157 1.5617 4.0235 18.6463 0.5576 28.4268 -3.0863 4.4498
Car -1 -1 -4.5826 447.0657 171.9655 483.8448 198.9422 1.5988 1.7477 3.8365 -8.6151 1.0931 43.8716 -4.7734 4.0271
Car -1 -1 -7.1454 0.0000 200.6507 302.5400 369.0000 1.4849 1.6306 4.0238 -3.1904 1.6396 3.3989 -7.8523 3.3546
Pedestrian -1 -1 -6.5090 586.7784 143.2615 701.9539 321.4333 1.8975 0.6923 1.1673 0.3704 1.5013 7.9746 -6.4626 2.2483
Pedestrian -1 -1 -6.2792 992.5210 137.9007 1054.5757 293.5501 1.8588 0.7511 0.6496 5.2195 1.3505 8.9309 -5.7639 1.9129
Cyclist -1 -1 -5.2117 847.4489 155.5183 873.9514 190.2944 1.7517 0.5523 1.6644 13.1604 0.4935 36.4788 -4.8665 1.8107
Pedestrian -1 -1 -6.1716 574.9583 155.5725 659.0391 309.6535 1.8258 0.5808 0.9813 0.1082 1.5309 8.7279 -6.1579 1.7371
Pedestrian -1 -1 -5.9258 162.4751 174.3558 219.6086 279.4883 1.7150 0.5679 0.6687 -6.9840 1.6151 11.8677 -6.4444 1.1823
Pedestrian -1 -1 -6.1010 128.7457 182.1349 170.3249 285.3306 1.5961 0.5002 0.4700 -7.2973 1.6233 11.2650 -6.6614 0.8469
Car -1 -1 -4.2485 78.9250 184.1208 137.6141 207.7010 1.5274 1.6328 4.0845 -34.0501 1.7872 48.5912 -4.8551 -0.2483
Car -1 -1 -7.7406 788.4319 158.4419 827.5917 189.2592 1.6195 1.6616 3.9112 11.3059 0.4604 39.2804 -7.4606 -0.3753
Pedestrian -1 -1 -6.1688 354.3946 175.2475 364.8219 197.8733 1.8019 0.6431 0.7202 -19.6670 1.3836 56.7008 -6.4993 -1.1755
Car -1 -1 -8.2947 823.6627 148.3086 891.8576 189.0238 2.2326 1.8971 4.7123 14.6122 0.4675 41.2095 -7.9546 -1.3984
Pedestrian -1 -1 -7.8765 0.0000 183.3659 10.5297 232.4590 1.8161 0.5153 0.4540 -22.6848 1.9253 26.5364 -8.5763 -1.4975
Car -1 -1 -8.4363 873.5285 159.1809 942.2469 188.2437 1.5482 1.6462 3.9349 16.9274 0.4126 39.7479 -8.0349 -1.5907
Pedestrian -1 -1 -7.6205 787.7184 159.3403 805.2742 192.0975 1.7303 0.7834 0.6248 10.2258 0.6128 37.8096 -7.3567 -1.7167
Pedestrian -1 -1 -8.5033 561.4354 168.6889 575.8033 195.2499 1.7033 0.6090 0.7360 -2.3637 0.9459 45.8192 -8.5527 -1.8946
Car -1 -1 -7.8995 603.9011 169.8060 659.2649 221.3171 1.5124 1.5831 3.9058 0.7430 1.1987 22.7216 -7.8655 -2.1322
Pedestrian -1 -1 -6.4289 803.9936 164.4476 816.1669 195.9674 1.6005 0.6737 0.5057 10.4996 0.7856 36.2707 -6.1477 -2.1807
