Car -1 -1 -7.8200 545.2292 164.8394 568.4944 186.5822 1.6017 1.6416 3.6715 -3.6368 0.4480 53.9447 -7.8851 2.6498
Cyclist -1 -1 -7.3003 419.5385 171.7815 440.2073 199.4181 1.7190 0.4232 1.7321 -11.1084 1.1768 44.8671 -7.5397 0.5574
Car -1 -1 -4.7168 403.3830 168.7193 425.8608 190.6297 1.6850 1.6765 4.1191 -15.2280 0.7790 56.5832 -4.9765 0.2052
Pedestrian -1 -1 -4.0529 27.6004 207.1665 55.1119 254.2012 1.2039 0.4202 0.3768 -14.7867 1.9092 18.5024 -4.7173 -0.6248
Pedestrian -1 -1 -3.8337 97.0641 203.6777 120.1916 242.9157 1.1364 0.3990 0.4009 -14.7889 1.8337 21.0158 -4.4382 -0.8469
Car -1 -1 -7.9281 584.0334 163.3907 606.8096 183.9848 1.7118 1.6747 3.9027 -0.8394 0.2896 60.7868 -7.9400 -0.9401
Pedestrian -1 -1 -2.8226 0.0000 161.9300 15.3416 207.4021 1.9649 0.6079 0.8571 -26.5245 1.1627 30.9937 -3.5235 -1.0378
Car -1 -1 -4.9817 633.2553 167.7059 661.0381 184.2756 1.5292 1.6451 3.9709 4.0036 0.3483 67.3658 -4.9208 -1.1166
Cyclist -1 -1 -6.7358 64.5468 181.6814 109.9823 220.0496 1.7417 0.4624 1.6768 -24.1632 1.7984 32.9965 -7.3617 -1.2016
Pedestrian -1 -1 -5.4652 471.1421 165.8346 482.8260 188.0465 1.8398 0.7441 0.6102 -10.6776 0.6250 59.0456 -5.6414 -1.2390
Car -1 -1 -2.1161 358.2880 175.4592 410.5129 197.8678 1.4884 1.6184 3.9907 -15.2822 1.1536 48.8924 -2.4155 -1.3319
Cyclist -1 -1 -3.8674 181.6936 179.2119 229.7702 228.1961 1.7377 0.6090 1.5064 -14.6326 1.6923 25.8940 -4.3749 -1.4634
Pedestrian -1 -1 -5.5998 507.3259 162.3928 518.1283 184.3136 1.8794 0.6868 0.6340 -7.9555 0.3269 61.0788 -5.7268 -1.5741
Car -1 -1 -4.4348 90.0662 185.4703 129.0520 207.5017 1.6222 1.5453 3.5802 -38.3965 2.0217 54.8819 -5.0410 -1.6954
Pedestrian -1 -1 -5.4831 612.9946 160.4258 623.8293 182.6311 1.8825 0.5411 0.7715 1.1589 0.1806 60.4081 -5.4622 -2.0754
