Car -1 -1 -4.6722 447.3762 171.3378 478.3438 198.9483 1.6333 1.7209 3.8186 -8.7779 1.0914 43.8453 -4.8666 4.7641
Car -1 -1 -7.1723 0.0000 201.3149 292.3706 369.0000 1.4481 1.5537 3.6766 -3.1232 1.6028 3.3909 -7.8697 3.5809
Car -1 -1 -7.9777 638.7361 168.5948 665.2513 188.1289 1.5272 1.6422 4.1901 3.7876 0.5964 57.4150 -7.9104 2.2047
Pedestrian -1 -1 -6.5016 1113.6075 131.5752 1223.0000 298.3076 1.8151 0.5625 1.0514 6.5275 1.2829 8.1751 -5.8449 1.3642
Pedestrian -1 -1 -5.6377 530.5037 165.2939 574.9791 272.9334 1.6944 0.5933 0.4569 -0.8960 1.4554 11.5031 -5.7116 0.8848
Cyclist -1 -1 -5.3118 875.3375 155.3412 909.4915 194.3729 1.7955 0.6119 1.7489 13.5547 0.6383 33.4443 -4.9283 0.6176
Cyclist -1 -1 -8.1271 990.4827 153.4528 1026.0696 220.4625 1.6682 0.3561 1.6670 10.4630 0.9952 18.4535 -7.6169 0.5896
Pedestrian -1 -1 -6.1234 510.4432 166.6624 553.3584 276.3398 1.6659 0.5338 0.5883 -1.1824 1.4561 11.0228 -6.2254 0.3963
Pedestrian -1 -1 -6.6432 1175.4303 137.1670 1223.0000 310.9582 1.7177 0.5906 0.5587 6.3486 1.2899 7.3587 -5.9508 0.0387
Pedestrian -1 -1 -7.6130 787.8401 161.4135 804.9892 194.5546 1.7488 0.7622 0.6045 10.2073 0.7418 37.7580 -7.3493 0.0005
Car -1 -1 -7.9328 537.6249 166.4669 568.2289 192.3708 1.5477 1.6167 3.7881 -3.3032 0.7093 44.2380 -8.0050 -0.5479
Pedestrian -1 -1 -5.9324 69.4285 172.8654 86.3807 198.4474 1.8598 0.5412 0.8617 -38.5968 1.3048 51.7835 -6.5683 -1.9955
