Car -1 -1 -4.6405 447.1009 171.6771 479.6677 198.6822 1.5987 1.6990 3.8617 -8.7492 1.0765 43.8763 -4.8342 5.3753
Car -1 -1 -3.2537 874.0599 161.3068 989.2698 199.6029 1.5236 1.6628 4.2036 13.5179 0.7602 29.5697 -2.8272 3.8684
Car -1 -1 -7.1522 0.0000 201.2734 297.6422 369.0000 1.4677 1.5773 3.7032 -3.1229 1.6218 3.3762 -7.8515 3.7533
Pedestrian -1 -1 -6.7568 1076.2211 127.9241 1202.9374 288.5784 1.8791 0.6899 1.0382 6.4789 1.2646 8.6895 -6.1317 2.0901
Pedestrian -1 -1 -7.0863 961.9404 152.7728 1039.6769 260.3178 1.6993 0.6195 0.9673 6.4432 1.2616 11.6131 -6.5896 1.9201
Pedestrian -1 -1 -6.1065 664.3171 153.1121 762.4920 308.3228 1.7966 0.5700 1.1048 1.2761 1.4800 8.6286 -5.9631 1.5618
Pedestrian -1 -1 -6.5952 685.0785 143.0144 810.6568 317.0081 1.8582 0.7002 1.2282 1.5335 1.4583 7.9766 -6.4107 1.4250
Cyclist -1 -1 -5.2341 860.4225 154.5092 888.8751 191.3149 1.7768 0.5475 1.6797 13.3153 0.5223 35.0061 -4.8719 1.0749
Pedestrian -1 -1 -5.4219 213.1146 170.8673 272.7714 276.2602 1.6736 0.6741 0.5581 -6.0049 1.5210 11.6467 -5.8851 1.0537
Pedestrian -1 -1 -5.4452 360.9174 173.8292 372.9857 195.3817 1.8315 0.5987 0.8000 -20.3689 1.2646 60.5425 -5.7665 -0.5059
Car -1 -1 -7.8647 695.6937 169.1571 754.5938 222.9926 1.4844 1.6111 3.9713 3.5932 1.1720 21.5811 -7.7004 -1.2510
Car -1 -1 -4.3038 79.9609 182.3441 136.8133 206.3754 1.5631 1.6335 4.2342 -34.0237 1.6956 48.5667 -4.9102 -1.2930
Pedestrian -1 -1 -4.2254 37.4352 206.7788 60.5742 246.5247 1.1061 0.3953 0.3608 -15.8941 1.8638 20.1676 -4.8837 -1.4306
Pedestrian -1 -1 -5.8423 186.0818 175.8233 234.1803 281.1856 1.6174 0.5329 0.4770 -6.2585 1.5460 11.1334 -6.3406 -1.9049
Pedestrian -1 -1 -4.3675 0.0000 210.4528 14.5936 256.3344 1.1641 0.4153 0.3762 -15.8350 1.9591 18.5113 -5.0652 -2.1634
