Car -1 -1 -7.1560 0.0000 200.3509 294.3225 369.0000 1.4894 1.5519 3.7416 -3.1425 1.6376 3.3916 -7.8564 3.6731
Car -1 -1 -4.5817 445.5372 171.4107 481.8797 199.2328 1.6486 1.7028 3.9592 -8.7333 1.1101 43.9257 -4.7749 3.5044
Car -1 -1 -7.9719 644.7139 167.6959 672.8069 188.9605 1.4792 1.5756 3.9080 3.8541 0.5885 51.1675 -7.8954 3.1379
Cyclist -1 -1 -5.3518 873.7491 155.9302 908.4661 194.3291 1.7696 0.5650 1.7892 13.5238 0.6375 33.5214 -4.9698 2.6322
Pedestrian -1 -1 -6.7938 1033.8303 133.6124 1166.5319 297.5942 1.8425 0.5620 1.1436 5.7068 1.3161 8.2690 -6.2057 1.6529
Pedestrian -1 -1 -5.7314 447.5866 169.6513 501.4417 279.9940 1.6519 0.4896 0.6603 -2.0641 1.4899 10.9330 -5.9109 1.2857
Pedestrian -1 -1 -5.9285 479.8952 166.0829 523.3441 272.9930 1.7029 0.6197 0.5237 -1.7410 1.4736 11.6198 -6.0714 1.2733
Pedestrian -1 -1 -6.4342 1093.0096 120.6035 1223.0000 313.4936 1.8733 0.6997 0.9673 5.6881 1.2920 7.4016 -5.7977 0.9999
Cyclist -1 -1 -8.1904 984.3421 153.1998 1025.9891 221.4371 1.6973 0.3782 1.7435 10.3907 1.0185 18.4775 -7.6837 -0.0137
Car -1 -1 -4.3666 80.5191 182.1817 134.6490 206.7701 1.5944 1.6655 4.2798 -33.9926 1.7150 48.4403 -4.9738 -0.3818
Car -1 -1 -4.6294 0.0000 183.9476 16.3547 214.3919 1.5148 1.6471 4.0176 -32.7072 1.7094 37.7690 -5.3373 -1.3741
Pedestrian -1 -1 -5.0106 1055.4889 165.2623 1083.1761 221.8681 1.3695 0.4539 0.4494 11.3692 1.0012 17.3845 -4.4381 -1.7366
Pedestrian -1 -1 -7.5647 787.5161 161.0007 805.2664 194.3865 1.7630 0.7637 0.6480 10.2212 0.7335 37.8138 -7.3011 -1.8512
Car -1 -1 -2.6989 0.0000 195.6957 61.9635 255.5365 1.4726 1.6337 3.8326 -17.5547 1.9179 19.3893 -3.4250 -1.9569
Car -1 -1 -3.2697 977.7348 174.7060 1080.8497 208.4110 1.4153 1.5602 3.7158 18.5575 1.1722 31.1413 -2.7352 -2.1949
