Car -1 -1 -4.7056 437.9285 173.0589 475.5332 203.5109 1.5064 1.8305 4.1885 -7.7946 1.1385 37.2087 -4.9086 5.1291
Car -1 -1 -7.1645 0.0000 202.4669 293.5978 369.0000 1.4482 1.5570 3.6441 -3.1065 1.6099 3.3626 -7.8630 3.5687
Cyclist -1 -1 -5.2943 874.8586 154.0853 909.1886 193.2729 1.8047 0.5832 1.8481 13.5674 0.5884 33.5246 -4.9113 1.7665
Pedestrian -1 -1 -7.7833 0.0000 179.7209 32.6250 238.4689 1.8488 0.7752 0.7311 -18.9974 1.8245 22.7726 -8.4701 1.2333
Pedestrian -1 -1 -6.9758 849.9709 164.8505 932.5193 273.4974 1.6599 0.6374 1.0587 4.5050 1.4212 11.2711 -6.6035 0.8176
Pedestrian -1 -1 -2.3088 0.0000 178.5134 23.4207 234.8810 1.8443 0.6474 0.8576 -20.0588 1.7796 23.5126 -3.0068 0.6018
Cyclist -1 -1 -8.2176 982.2468 153.6483 1025.7878 220.9347 1.6790 0.3857 1.7404 10.3900 1.0093 18.5314 -7.7121 0.5227
Car -1 -1 -4.3102 79.8743 182.4426 136.6773 206.7384 1.5788 1.6411 4.2593 -34.0240 1.7184 48.5570 -4.9167 -0.8949
Cyclist -1 -1 -7.0491 1178.2611 144.9802 1223.0000 217.9750 1.7522 0.6367 1.7360 15.1190 0.8999 17.3391 -6.3394 -1.3468
Pedestrian -1 -1 -4.2826 36.6987 205.6980 60.0723 246.3295 1.1286 0.4054 0.3693 -15.8933 1.8548 20.1445 -4.9414 -1.8717
Pedestrian -1 -1 -7.6410 787.4524 161.0085 804.8175 194.4043 1.7624 0.7634 0.7138 10.2060 0.7339 37.8056 -7.3777 -2.1009
Car -1 -1 -3.5645 506.5779 173.1409 556.2157 192.2054 1.4934 1.5979 3.6454 -5.9157 0.9169 56.9914 -3.6656 -2.1417
