Car -1 -1 -5.0153 447.7329 172.8805 513.5468 209.6804 1.4639 1.6891 3.8863 -5.4068 1.1611 30.2412 -5.1886 6.5334
Car -1 -1 -7.1609 0.0000 199.9420 293.3642 369.0000 1.4908 1.5489 3.6922 -3.1361 1.6356 3.3990 -7.8593 3.6758
Cyclist -1 -1 -5.2945 875.9789 155.9985 909.2118 194.0988 1.7513 0.5445 1.8116 13.5617 0.6253 33.4417 -4.9108 2.1960
Pedestrian -1 -1 -6.7863 980.2646 152.8633 1036.4775 256.0127 1.7178 0.5179 0.6609 6.8062 1.2579 12.0344 -6.2811 1.3511
Pedestrian -1 -1 -6.9448 1014.7056 153.0392 1070.9812 261.2611 1.6868 0.5300 0.5559 6.9489 1.2591 11.3169 -6.4049 0.6533
Car -1 -1 -7.6743 0.0000 186.5137 23.0994 220.1827 1.6726 1.6716 4.1120 -32.8722 2.0155 38.1064 -8.3804 -0.2692
Car -1 -1 -4.3432 80.4546 182.5915 135.5355 207.2627 1.5993 1.6610 4.2249 -33.9792 1.7493 48.4616 -4.9500 -0.3872
Pedestrian -1 -1 -7.6557 788.0283 160.3614 804.6627 194.2190 1.7881 0.7394 0.6824 10.2186 0.7247 37.8108 -7.3921 -0.6186
Car -1 -1 -5.2834 1068.2423 153.5309 1223.0000 231.4164 1.5002 1.6496 4.0284 12.2549 0.9811 15.6949 -4.6286 -0.9959
Cyclist -1 -1 -6.7351 37.3240 184.6272 116.3430 247.3362 1.7604 0.5888 1.7936 -15.6142 1.8881 20.9013 -7.3679 -1.4519
Car -1 -1 -7.8561 982.3423 160.3167 1044.5680 212.4536 1.5186 1.5986 4.1296 13.0868 0.9310 22.7852 -7.3390 -2.0512
Car -1 -1 -7.7095 788.8911 157.9583 830.1271 190.2127 1.6989 1.6675 3.8664 11.4086 0.5117 39.3474 -7.4276 -2.1200
Pedestrian -1 -1 -4.1656 35.1749 205.8219 59.5180 246.5872 1.1338 0.4114 0.3699 -15.9108 1.8624 20.1289 -4.8252 -2.1593
Cyclist -1 -1 -6.7828 804.7842 159.6385 839.8961 193.8461 1.7301 0.6760 1.5912 11.1213 0.6751 36.2509 -6.4858 -2.1648
