Car -1 -1 -8.3257 661.6575 166.5516 718.3878 196.7449 1.6119 1.6511 3.7231 4.7117 0.8674 39.7789 -8.2070 5.9799
Car -1 -1 -7.1574 0.0000 200.4703 297.4804 369.0000 1.4709 1.5782 3.7041 -3.1233 1.6193 3.3865 -7.8554 3.5916
Car -1 -1 -4.5870 446.7934 171.5099 481.9058 198.9828 1.6287 1.6778 3.6816 -8.6756 1.0958 43.8091 -4.7794 2.9209
Pedestrian -1 -1 -5.7634 365.3897 168.0191 429.2938 273.1829 1.6705 0.5821 0.8270 -3.4518 1.4726 11.6121 -6.0431 1.8206
Pedestrian -1 -1 -6.5493 919.0742 136.1113 1054.3237 316.1304 1.8759 0.6194 1.1827 4.1111 1.4138 7.7914 -6.0786 1.3976
Pedestrian -1 -1 -6.7330 888.6476 148.3428 994.8813 305.1326 1.8045 0.5753 0.9907 3.9442 1.4348 8.4372 -6.3082 1.0914
Pedestrian -1 -1 -4.8121 0.0000 184.1039 23.7787 238.0535 1.7428 0.6487 0.7825 -19.7520 1.8650 23.4142 -5.5046 1.0034
Pedestrian -1 -1 -5.9784 328.9568 174.2741 384.1089 282.1237 1.6182 0.4668 0.6891 -3.8544 1.5252 10.8510 -6.3088 0.5901
Cyclist -1 -1 -5.0492 878.1981 154.4899 905.0818 194.0442 1.8144 0.5915 1.8498 13.4895 0.6215 33.3708 -4.6666 0.2750
Pedestrian -1 -1 -7.6471 787.8919 161.5919 804.7625 195.1405 1.7705 0.7605 0.6133 10.2036 0.7728 37.7608 -7.3836 -0.2009
Cyclist -1 -1 -8.2007 991.0986 155.7634 1031.4896 222.0405 1.6422 0.3773 1.5893 10.4710 1.0296 18.3338 -7.6875 -0.9366
Car -1 -1 -4.3641 80.1331 183.7198 133.0634 207.7766 1.5561 1.6373 4.1508 -34.1368 1.7873 48.5430 -4.9723 -1.0523
Car -1 -1 -3.6352 507.2097 172.3266 559.0516 191.8513 1.5306 1.6358 3.8565 -5.7882 0.8898 57.1823 -3.7338 -1.4019
Car -1 -1 -4.7194 56.9243 173.7028 85.4044 196.1414 1.6154 1.6535 4.0226 -40.0135 1.1261 53.0049 -5.3614 -1.7551
