Car -1 -1 -4.7023 439.5612 172.0588 477.9692 205.6109 1.5850 1.7864 3.8810 -7.3260 1.1864 35.4752 -4.9024 4.8835
Car -1 -1 -7.1550 0.0000 202.4436 292.6270 369.0000 1.4567 1.5620 3.6677 -3.1298 1.6185 3.3625 -7.8573 3.8492
Pedestrian -1 -1 -6.7870 877.6515 158.1673 959.9191 267.0955 1.7474 0.7663 1.0038 5.1562 1.3895 11.7732 -6.3824 1.2606
Pedestrian -1 -1 -4.9059 0.0000 181.5518 32.9646 238.1537 1.8102 0.7535 0.7431 -19.3410 1.8457 23.1584 -5.5934 1.0506
Cyclist -1 -1 -5.3230 875.5783 155.8610 910.2490 194.2043 1.7614 0.5700 1.8248 13.5724 0.6297 33.4325 -4.9390 0.7734
Pedestrian -1 -1 -6.6711 899.3749 161.3755 967.8536 270.9079 1.6872 0.4696 0.8630 5.1154 1.3930 11.1405 -6.2496 0.4639
Car -1 -1 -4.2474 79.2500 183.4706 138.5041 207.0429 1.5318 1.6327 4.1621 -34.0589 1.7454 48.6668 -4.8534 -0.3369
Pedestrian -1 -1 -7.6924 788.1571 161.1020 804.4974 194.6750 1.7718 0.7433 0.6836 10.2093 0.7482 37.7796 -7.4288 -0.5947
Cyclist -1 -1 -8.2528 976.6165 153.7415 1025.0121 221.1301 1.6867 0.4204 1.8289 10.3560 1.0173 18.6284 -7.7509 -0.9056
Car -1 -1 -3.6369 507.9958 172.4715 557.0477 191.5548 1.4954 1.5724 3.6274 -5.8283 0.8662 57.0729 -3.7363 -1.5059
Car -1 -1 -4.8995 463.9174 176.8910 500.5869 201.5207 1.4815 1.5814 3.9240 -7.7976 1.2645 44.6437 -5.0696 -1.8014
Cyclist -1 -1 -6.7985 39.4978 185.1163 116.0165 246.9136 1.7359 0.5167 1.7907 -15.6000 1.8788 20.9212 -7.4304 -2.1716
