Car -1 -1 -5.1338 458.2891 173.1064 538.5403 211.1239 1.4334 1.7344 4.0329 -4.4420 1.1549 28.8234 -5.2832 6.5264
Car -1 -1 -7.1627 0.0000 201.3375 295.2023 369.0000 1.4660 1.5698 3.6671 -3.1238 1.6206 3.3925 -7.8599 3.5143
Pedestrian -1 -1 -7.2470 1034.4138 147.0565 1108.9496 258.1071 1.7230 0.5791 0.9382 7.4819 1.2045 11.4180 -6.6779 1.2424
Cyclist -1 -1 -8.4328 874.9562 156.2079 906.4171 195.0524 1.7950 0.5559 1.6709 13.5163 0.6726 33.5460 -8.0513 0.5578
Pedestrian -1 -1 -6.5620 1009.5262 148.1017 1082.9111 254.6354 1.7517 0.5819 0.9298 7.4360 1.2194 12.0282 -6.0184 0.4811
Car -1 -1 -7.6717 0.0000 186.2353 20.2663 217.9044 1.5704 1.6208 3.6542 -32.6750 1.8930 37.7668 -8.3792 0.1882
Pedestrian -1 -1 -7.2196 511.4559 172.4631 528.8748 203.9276 1.7169 0.8143 0.5034 -4.6932 1.2784 39.0000 -7.3367 0.0269
Pedestrian -1 -1 -4.1238 34.8806 204.8920 60.5749 246.0487 1.1447 0.4273 0.3940 -15.8984 1.8466 20.1274 -4.7831 -0.4701
Cyclist -1 -1 -8.1765 989.6094 153.6496 1027.5361 220.8735 1.6724 0.3477 1.6240 10.4508 1.0047 18.4199 -7.6661 -0.6418
Pedestrian -1 -1 -7.5960 787.4849 160.9868 804.7154 194.9489 1.7935 0.7525 0.6359 10.2025 0.7632 37.8020 -7.3328 -1.8346
Cyclist -1 -1 -7.5051 0.0000 182.5349 25.5608 217.2225 1.7962 0.5014 1.9880 -31.6898 1.9079 37.7518 -8.1977 -1.9286
Car -1 -1 -6.7426 1171.8331 149.1186 1223.0000 236.1746 1.4407 1.5987 3.8362 13.0842 0.9218 13.0581 -5.9666 -2.1535
