Car -1 -1 -7.0303 1103.5791 153.2335 1223.0000 201.6987 1.4988 1.6244 4.1629 18.6589 0.6559 22.8156 -6.3499 4.9080
Car -1 -1 -7.1604 0.0000 201.4742 296.0515 369.0000 1.4652 1.5608 3.6594 -3.1096 1.6202 3.3793 -7.8572 3.7432
Cyclist -1 -1 -5.2664 874.8569 154.9566 909.0959 194.0694 1.7978 0.5900 1.8916 13.5471 0.6239 33.4821 -4.8834 1.6087
Cyclist -1 -1 -8.2604 980.4422 148.9281 1027.5709 219.9286 1.7720 0.4027 1.7504 10.3905 0.9844 18.5368 -7.7550 0.7855
Car -1 -1 -7.7006 0.0000 186.8832 17.0923 217.8431 1.5284 1.5918 3.5568 -32.6469 1.8857 37.6306 -8.4094 0.2619
Car -1 -1 -4.2474 506.2769 172.7319 546.0245 191.8700 1.5069 1.5883 4.0287 -6.3942 0.8952 57.8366 -4.3552 -0.8902
Pedestrian -1 -1 -4.1723 36.9274 206.9425 61.2255 246.9370 1.1121 0.4029 0.3861 -15.8858 1.8744 20.1600 -4.8305 -1.0304
Car -1 -1 -7.5724 0.0000 187.5259 58.7810 218.2192 1.5412 1.6085 3.7858 -31.3555 1.9444 38.5010 -8.2502 -1.0883
Pedestrian -1 -1 -7.5901 787.6586 159.9188 805.2853 193.7225 1.7848 0.7737 0.6249 10.2206 0.6983 37.7958 -7.3263 -1.3289
Car -1 -1 -5.2359 0.0000 195.2569 23.4750 258.7067 1.4752 1.6660 4.0376 -17.5757 1.8900 18.4707 -5.9864 -2.1302
