Car -1 -1 -7.1364 0.0000 196.7044 299.9541 369.0000 1.4841 1.6188 3.8433 -3.1621 1.6058 3.3607 -7.8439 3.3340
Car -1 -1 -4.5289 0.0000 185.6986 23.7655 218.2919 1.6167 1.6540 4.0952 -32.7084 1.9120 37.9562 -5.2345 0.6705
Cyclist -1 -1 -7.9693 992.4664 148.1885 1022.3021 220.8689 1.8003 0.4599 1.7632 10.4209 1.0003 18.4161 -7.4600 0.3419
Car -1 -1 -4.2777 79.8638 182.8595 136.6754 206.3188 1.5277 1.6095 4.0941 -34.0797 1.6972 48.6302 -4.8842 0.1295
Cyclist -1 -1 -5.1778 876.6800 154.2307 908.0461 194.4565 1.8472 0.6142 1.8232 13.5347 0.6411 33.4024 -4.7943 -0.0721
Pedestrian -1 -1 -7.5960 787.8865 161.7777 804.6049 194.6847 1.7358 0.7156 0.6688 10.2003 0.7484 37.7642 -7.3325 -0.4776
Car -1 -1 -5.2870 0.0000 195.0830 26.7112 258.3865 1.4800 1.6687 4.1280 -17.5827 1.8877 18.4436 -6.0383 -1.7149
Pedestrian -1 -1 -4.1821 34.0921 206.9957 58.6077 247.1748 1.1145 0.4178 0.3677 -15.9152 1.8759 20.0986 -4.8426 -1.7883
Cyclist -1 -1 -6.7894 37.1158 185.4967 114.8325 247.4993 1.7366 0.5608 1.7885 -15.6243 1.8911 20.8829 -7.4229 -2.0994
Car -1 -1 -4.4983 576.4425 176.1940 605.5111 195.1186 1.5028 1.5814 3.9751 -1.1075 1.1608 58.2513 -4.5155 -2.1012
Car -1 -1 -8.1526 805.1960 149.8500 861.0052 187.3441 2.2650 2.0233 4.9093 14.4714 0.4135 45.1776 -7.8429 -2.1759
