Car -1 -1 -6.0276 589.4446 170.5303 720.5663 213.0280 1.4191 1.6547 4.3655 1.7503 1.0864 25.0925 -5.9570 6.0675
Car -1 -1 -4.4381 334.9644 179.7042 385.2184 205.0313 1.5157 1.8037 4.6069 -15.3928 1.4681 44.6605 -4.7662 4.2635
Car -1 -1 -7.1512 0.0000 200.9642 295.6877 369.0000 1.4757 1.5520 3.7019 -3.1413 1.6284 3.4074 -7.8493 3.6952
Car -1 -1 -4.4949 450.5582 172.0676 485.0594 195.1826 1.6004 1.6405 3.8372 -9.8276 1.0166 50.8944 -4.6827 2.1454
Cyclist -1 -1 -7.9369 995.4493 147.9935 1022.7236 220.5658 1.7888 0.4549 1.7427 10.4094 0.9879 18.3153 -7.4258 0.7653
Car -1 -1 -4.4860 0.0000 185.1992 27.9506 217.4077 1.6053 1.6372 4.0455 -32.6350 1.8727 38.0457 -5.1893 0.2311
Pedestrian -1 -1 -7.5716 788.0510 161.1025 804.9888 194.6331 1.7693 0.7321 0.6118 10.2131 0.7459 37.7594 -7.3078 -0.0987
Car -1 -1 -4.2738 80.3986 183.1453 137.5497 206.8233 1.5405 1.6122 4.1118 -34.0393 1.7305 48.6429 -4.8797 -0.2125
Cyclist -1 -1 -5.2469 877.8954 155.3636 909.7943 193.9719 1.7723 0.5385 1.8176 13.6018 0.6186 33.3949 -4.8616 -0.2371
Car -1 -1 -4.7945 570.3345 175.8855 593.0148 194.7264 1.4947 1.5622 3.7119 -1.9317 1.1286 58.0246 -4.8259 -1.5926
