Car -1 -1 -6.6713 905.0919 160.6836 1064.5004 206.5502 1.4690 1.7456 4.3747 12.5877 0.8346 23.7234 -6.1872 6.0578
Car -1 -1 -4.3550 244.9239 181.2923 324.3722 219.6439 1.6044 1.7334 4.6652 -14.4134 1.6431 32.0562 -4.7722 4.6262
Car -1 -1 -7.1852 0.0000 200.8656 291.5815 369.0000 1.4914 1.5201 3.7044 -3.1000 1.6432 3.3853 -7.8798 3.3941
Car -1 -1 -4.7183 436.4508 173.7248 469.3656 202.5887 1.5296 1.7140 3.8710 -8.5232 1.1707 39.5421 -4.9272 3.3720
Pedestrian -1 -1 -5.2876 878.9251 154.4615 903.5744 194.3763 1.8600 0.6434 0.9935 13.5327 0.6468 33.4971 -4.9051 0.5366
Cyclist -1 -1 -7.9601 996.0739 151.2413 1022.1685 220.9738 1.7170 0.3959 1.6640 10.3753 0.9969 18.2516 -7.4489 0.4033
Car -1 -1 -4.1650 506.8348 171.9734 550.6694 191.3060 1.5189 1.6042 4.2031 -6.1740 0.8490 57.7948 -4.2691 -0.9613
Pedestrian -1 -1 -7.6214 787.7980 161.6220 804.6984 194.6388 1.7420 0.7401 0.6592 10.2020 0.7461 37.7698 -7.3579 -1.4535
Car -1 -1 -8.1237 802.9337 152.3127 852.7972 188.6675 2.2460 1.9270 4.5941 14.4157 0.5047 46.0105 -7.8203 -1.7670
Car -1 -1 -4.3434 78.5223 179.6849 132.9221 209.0584 1.9187 1.6720 4.0642 -34.0658 1.8655 48.3578 -4.9524 -1.8294
Pedestrian -1 -1 -8.1088 384.8750 173.1890 399.5048 202.6395 1.7926 0.7505 0.5393 -13.0898 1.3477 43.4614 -8.3977 -1.9168
Pedestrian -1 -1 -3.1222 804.2841 163.8596 816.3597 195.4749 1.6044 0.5553 0.5846 10.5054 0.7601 36.2321 -2.8405 -2.0064
Car -1 -1 -7.3681 369.5484 174.5969 418.6462 200.9328 1.5861 1.5674 3.3417 -13.1923 1.2307 44.3758 -7.6535 -2.1464
