Car -1 -1 -5.0939 454.0883 172.9056 516.0768 207.3265 1.4949 1.5835 3.6398 -5.6138 1.1653 32.6738 -5.2606 6.4256
Car -1 -1 -4.2367 106.9877 185.2789 246.3087 245.1685 1.6471 1.7743 4.6265 -13.2405 1.8132 22.1794 -4.7670 4.8093
Car -1 -1 -7.1421 0.0000 201.7255 295.3430 369.0000 1.4650 1.5719 3.6994 -3.1346 1.6218 3.3541 -7.8462 3.8472
Car -1 -1 -6.8458 1146.2910 149.2591 1223.0000 198.6127 1.5018 1.7185 4.2251 20.1987 0.5514 22.6981 -6.1239 3.8222
Pedestrian -1 -1 -3.5458 990.4755 148.0368 1026.8545 220.3896 1.8220 0.7071 0.5769 10.3326 1.0048 18.1876 -3.0349 0.5278
Car -1 -1 -4.2704 79.6950 183.0918 136.9370 206.3949 1.5161 1.6101 4.0996 -34.0784 1.7023 48.6339 -4.8769 0.0708
Cyclist -1 -1 -5.2289 876.6327 154.6289 908.3853 193.9695 1.8122 0.6077 1.7394 13.5710 0.6206 33.4718 -4.8452 -0.3644
Pedestrian -1 -1 -7.5693 787.6840 162.0592 804.6053 194.7861 1.7263 0.7112 0.6787 10.1964 0.7537 37.7699 -7.3060 -0.5656
Car -1 -1 -7.7104 0.0000 185.9885 21.3680 218.2807 1.6008 1.6697 4.1958 -32.8184 1.9133 38.0239 -8.4167 -0.6636
Pedestrian -1 -1 -1.8320 321.2347 174.4715 345.1315 218.0119 1.7518 0.7098 0.9000 -11.1859 1.5094 29.0194 -2.1945 -1.0576
Pedestrian -1 -1 -4.1474 37.1261 205.8925 61.0687 245.7621 1.1104 0.4007 0.3692 -15.8793 1.8417 20.1522 -4.8056 -1.8246
Car -1 -1 -5.3063 512.1807 172.8849 563.2963 195.0284 1.5002 1.6104 4.0444 -4.7921 0.9843 49.9766 -5.3996 -1.9694
