Car -1 -1 -6.7796 1067.2614 155.4554 1223.0000 201.9106 1.4422 1.6530 4.1405 17.7188 0.6650 23.0833 -6.1298 6.3422
Car -1 -1 -4.3465 172.4995 183.2330 275.9087 233.5116 1.6332 1.7926 4.4122 -13.6036 1.7409 25.5118 -4.8296 6.1546
Car -1 -1 -4.9327 442.8176 173.4070 494.3582 206.1093 1.5122 1.7129 3.7412 -6.7746 1.1844 34.7529 -5.1217 6.0881
Car -1 -1 -7.1675 0.0000 200.3112 294.3750 369.0000 1.4690 1.5693 3.6757 -3.1222 1.6162 3.3886 -7.8650 3.5147
Pedestrian -1 -1 -3.6124 991.4491 148.1846 1029.0171 220.6750 1.8279 0.7448 0.5584 10.3871 1.0134 18.2128 -3.0999 0.7540
Cyclist -1 -1 -5.2237 876.4153 154.2820 907.9427 193.5986 1.8113 0.6055 1.7365 13.5559 0.6036 33.4728 -4.8404 0.2730
Car -1 -1 -7.6857 0.0000 187.1584 19.2429 217.9470 1.5176 1.6148 3.8915 -32.7767 1.8936 37.8354 -8.3938 0.0008
Pedestrian -1 -1 -7.5770 787.7332 160.4536 805.1226 194.2203 1.7834 0.7621 0.6022 10.2187 0.7248 37.7980 -7.3133 -0.4582
Pedestrian -1 -1 -4.2175 34.7722 203.8903 59.9019 246.4045 1.1812 0.4226 0.3982 -15.9113 1.8551 20.1300 -4.8772 -1.0255
Car -1 -1 -8.4778 1064.5674 153.0054 1223.0000 229.4052 1.4718 1.6415 3.9276 12.1567 0.9425 15.6080 -7.8242 -1.4268
Car -1 -1 -3.3289 980.9199 175.2380 1088.6749 209.0207 1.4210 1.5654 3.8222 18.7965 1.1999 31.1364 -2.7887 -1.5955
Cyclist -1 -1 -6.7631 37.6193 185.0926 116.3387 247.0519 1.7389 0.6048 1.7876 -15.6216 1.8812 20.9177 -7.3957 -2.0074
Cyclist -1 -1 -7.6327 346.8567 171.7201 369.0422 210.6090 1.8040 0.6000 1.8656 -11.8015 1.3969 33.7587 -7.9644 -2.0096
Car -1 -1 -8.1823 805.4119 150.9940 859.2108 188.3195 2.2743 1.8889 4.6131 14.5047 0.4765 45.4052 -7.8734 -2.0101
Pedestrian -1 -1 -4.1633 1052.1860 161.3986 1084.5908 220.1936 1.4262 0.4680 0.5214 11.4089 0.9632 17.4755 -3.5915 -2.1756
