Car -1 -1 -5.8894 617.1694 170.0950 725.8834 211.2922 1.4060 1.5322 3.6155 2.3694 1.0512 25.6535 -5.7966 6.2311
Car -1 -1 -7.1484 0.0000 203.0553 294.8179 369.0000 1.4432 1.5655 3.6614 -3.1349 1.6100 3.3815 -7.8489 3.8782
Car -1 -1 -4.4943 0.0000 185.2484 26.4841 217.1399 1.5871 1.6299 4.0412 -32.6529 1.8569 37.9980 -5.1984 0.8279
Pedestrian -1 -1 -6.8649 989.5237 147.2514 1029.2732 220.2945 1.8384 0.7261 0.5806 10.3463 1.0019 18.1782 -6.3533 0.4480
Cyclist -1 -1 -5.1675 877.1893 155.9470 907.0543 194.5354 1.7789 0.6077 1.7269 13.5560 0.6472 33.4781 -4.7843 0.0344
Pedestrian -1 -1 -7.5798 787.5498 160.2178 804.8904 193.9383 1.7801 0.7563 0.6165 10.2036 0.7095 37.7830 -7.3164 -0.5271
Car -1 -1 -4.2355 79.1856 183.5294 138.3432 207.1647 1.5358 1.6223 4.0868 -34.0360 1.7533 48.6201 -4.8415 -0.5944
Car -1 -1 -4.3108 508.7790 173.1580 544.7513 192.0568 1.4883 1.5562 3.7900 -6.3361 0.9101 57.7206 -4.4178 -0.6639
Cyclist -1 -1 -6.8787 44.9248 184.4684 120.2543 246.2858 1.7536 0.5373 1.8183 -15.6049 1.8778 21.1249 -7.5062 -1.7007
Pedestrian -1 -1 -5.9097 72.2186 172.9199 86.4965 197.8998 1.8170 0.6632 0.6413 -38.5276 1.2656 51.8330 -6.5442 -2.1465
