Car -1 -1 -5.9329 633.4764 169.4564 745.9324 211.3768 1.4129 1.5606 3.6937 2.9956 1.0410 25.3612 -5.8149 6.1002
Car -1 -1 -7.1621 0.0000 201.4641 293.5598 369.0000 1.4696 1.5404 3.6168 -3.1296 1.6253 3.4239 -7.8562 3.6588
Pedestrian -1 -1 -7.1731 986.9860 147.5542 1029.6893 220.9131 1.8382 0.7183 0.6271 10.3155 1.0130 18.1665 -6.6625 0.3567
Cyclist -1 -1 -5.0261 879.1934 154.9454 904.0960 194.5820 1.8224 0.5655 1.7716 13.5085 0.6477 33.4125 -4.6434 0.0320
Car -1 -1 -7.6467 0.0000 186.0810 26.2038 218.4991 1.6077 1.6626 4.2036 -32.7495 1.9261 38.0798 -8.3513 -0.2888
Car -1 -1 -4.2323 79.2374 183.5678 138.6299 207.1946 1.5354 1.6242 4.0950 -34.0328 1.7556 48.6329 -4.8382 -0.5875
Pedestrian -1 -1 -7.6889 787.8743 161.0033 804.2314 194.3645 1.7601 0.7379 0.7099 10.1947 0.7316 37.7791 -7.4257 -0.8802
Pedestrian -1 -1 -5.5267 560.5812 168.6042 575.6182 195.6730 1.7293 0.6052 0.7621 -2.3879 0.9694 45.6472 -5.5769 -1.1305
Cyclist -1 -1 -7.1136 1175.0465 143.4262 1223.0000 217.2915 1.7673 0.6314 1.6942 14.9821 0.8806 17.3360 -6.4083 -1.9547
Car -1 -1 -3.9813 509.8480 172.0763 556.8643 191.7831 1.5424 1.5871 3.9124 -5.7683 0.8831 57.3871 -4.0792 -1.9736
