Car -1 -1 -6.6987 934.5771 159.3985 1091.0016 205.4080 1.4719 1.6400 4.2286 13.4890 0.7971 23.6435 -6.1842 6.8992
Car -1 -1 -4.7386 438.1114 174.3447 470.6409 202.9558 1.4847 1.6476 3.8049 -8.3038 1.1654 38.7326 -4.9463 4.3009
Car -1 -1 -7.1473 0.0000 199.7360 291.2363 369.0000 1.4663 1.5769 3.6855 -3.1469 1.6079 3.3438 -7.8547 3.9166
Car -1 -1 -4.3253 236.1053 179.5534 316.8052 222.3604 1.7452 1.6621 4.3750 -14.3235 1.7069 31.0451 -4.7521 3.2598
Cyclist -1 -1 -5.2055 877.2930 155.3904 908.9933 194.1366 1.7756 0.5555 1.8807 13.5565 0.6251 33.3673 -4.8211 0.2776
Pedestrian -1 -1 -7.6044 788.0843 162.5687 804.7361 195.1060 1.7158 0.7179 0.6602 10.2047 0.7704 37.7482 -7.3408 0.1240
Car -1 -1 -7.5955 0.0000 187.5823 30.0893 219.2817 1.5630 1.6640 4.2446 -32.7206 1.9681 38.1517 -8.2988 -0.0644
Cyclist -1 -1 -7.9653 996.5911 151.1050 1022.9450 221.3153 1.7254 0.3853 1.7278 10.3885 1.0034 18.2466 -7.4534 -0.0848
Cyclist -1 -1 -6.7350 37.8665 185.9533 116.0488 248.0722 1.7414 0.5738 1.7790 -15.6122 1.9100 20.9028 -7.3677 -1.8451
Car -1 -1 -5.5052 0.0000 197.5183 24.9353 259.2357 1.4546 1.6543 4.0497 -17.4974 1.9090 18.0014 -6.2660 -2.0411
