Car -1 -1 -6.6426 878.6687 161.8097 1027.4005 206.4041 1.4417 1.6289 4.1953 11.6050 0.8377 23.8581 -6.1934 6.8951
Car -1 -1 -4.3829 256.9714 182.0075 333.2395 217.2290 1.5244 1.8187 4.7569 -14.4634 1.6007 33.2506 -4.7881 5.3391
Car -1 -1 -4.6682 434.0605 172.8041 469.4129 202.5689 1.6109 1.7911 3.8348 -8.6982 1.1945 40.3053 -4.8774 3.7562
Car -1 -1 -7.1687 0.0000 201.2641 293.1223 369.0000 1.4804 1.5415 3.6240 -3.1217 1.6345 3.4155 -7.8627 3.5187
Cyclist -1 -1 -7.9225 997.9231 149.1835 1020.2603 221.2954 1.7705 0.3690 1.6937 10.3492 1.0019 18.2035 -7.4113 0.9703
Car -1 -1 -4.3019 79.8597 182.8337 137.4372 206.6855 1.5475 1.6386 4.3140 -34.0204 1.7154 48.5915 -4.9081 -0.5732
Car -1 -1 -7.5689 0.0000 187.1385 32.6820 219.0995 1.5855 1.6499 4.1425 -32.6758 1.9655 38.2283 -8.2705 -0.8626
Pedestrian -1 -1 -3.7208 879.1569 156.8000 899.3804 195.1803 1.8022 0.6105 0.6640 13.4703 0.6895 33.5648 -3.3406 -1.0703
Pedestrian -1 -1 -7.5432 787.4287 160.5461 805.4020 194.2893 1.7814 0.7643 0.6556 10.2213 0.7281 37.8098 -7.2795 -1.4983
Car -1 -1 -4.4209 510.0255 171.3848 543.0003 190.9620 1.5413 1.6205 3.8894 -6.3567 0.8237 57.7269 -4.5282 -1.9371
Cyclist -1 -1 -7.0987 1175.4775 145.3148 1223.0000 217.5819 1.7303 0.6345 1.6728 14.9919 0.8882 17.3358 -6.3930 -2.0485
Pedestrian -1 -1 -4.2268 37.0578 205.5121 61.1892 245.7896 1.1203 0.4122 0.3765 -15.8858 1.8417 20.1619 -4.8849 -2.0532
