Car -1 -1 -7.0018 1051.6504 154.2280 1191.4430 200.3610 1.4878 1.5963 3.6554 17.2705 0.6408 23.7703 -6.3781 6.5733
Car -1 -1 -7.1601 0.0000 201.3639 294.0777 369.0000 1.4726 1.5503 3.6182 -3.1202 1.6268 3.3987 -7.8560 3.7021
Pedestrian -1 -1 -6.7459 988.5932 146.9921 1026.4705 220.2951 1.8504 0.7278 0.5808 10.3249 1.0049 18.2256 -6.2362 0.4115
Car -1 -1 -7.7578 0.0000 187.8258 18.3181 220.5020 1.6147 1.6372 4.0606 -32.8428 2.0309 38.0275 -8.4645 0.0504
Cyclist -1 -1 -5.1553 876.7969 153.9714 908.3599 194.1626 1.8400 0.6400 1.8511 13.5073 0.6257 33.3119 -4.7717 -0.1737
Car -1 -1 -4.3479 80.5654 182.2822 135.3631 206.9025 1.5977 1.6589 4.2295 -33.9805 1.7256 48.4600 -4.9547 -0.2708
Car -1 -1 -4.6091 1138.2314 148.4936 1187.6885 181.5852 1.5969 1.5976 3.9035 28.4827 0.0525 36.0785 -3.9434 -1.5673
Car -1 -1 -8.4874 1061.9236 151.9345 1223.0000 228.5517 1.4917 1.6581 3.8312 12.1440 0.9359 15.6950 -7.8369 -1.5831
Pedestrian -1 -1 -7.5760 976.1874 149.4573 1008.7010 219.9092 1.8332 0.5813 0.7506 10.3014 1.0258 18.8696 -7.0816 -1.8397
Pedestrian -1 -1 -7.5244 788.0430 158.6395 805.9448 193.6800 1.8448 0.7642 0.6125 10.2198 0.6940 37.6923 -7.2600 -1.9827
Pedestrian -1 -1 -6.1559 0.0000 183.8341 13.5950 219.5615 1.8280 0.6205 0.7611 -31.2816 2.0036 36.7304 -6.8555 -2.0219
Pedestrian -1 -1 -4.1234 35.2508 204.9043 60.3896 245.9682 1.1434 0.4220 0.3801 -15.9017 1.8457 20.1346 -4.7827 -2.1313
