Car -1 -1 -7.9878 573.0212 178.7015 642.1917 238.1644 1.5847 1.5965 3.2968 -0.1926 1.7713 21.3179 -7.9976 7.4449
Car -1 -1 -4.0031 0.0000 192.2677 147.7455 354.7216 1.4433 1.6518 4.3220 -8.0847 1.7458 9.0911 -4.7155 4.7414
Car -1 -1 -4.0571 0.0000 187.4379 129.3973 270.2342 1.4226 1.5560 3.5434 -11.8568 1.7575 14.8046 -4.7238 2.7588
Car -1 -1 -8.1186 482.4175 181.0058 539.2534 219.4716 1.5448 1.6129 3.4755 -4.4505 1.9243 31.7041 -8.2575 -0.9208
Car -1 -1 -5.0338 923.7936 174.2496 961.1315 194.2022 1.6319 1.6445 4.1640 28.2443 1.7546 61.4726 -4.6052 -0.9861
Car -1 -1 -7.7748 150.3053 168.7785 177.1016 190.2231 1.8239 1.6839 4.0997 -39.3072 1.4770 63.5774 -8.3269 -1.2023
Car -1 -1 -4.1892 0.0000 176.1964 84.0065 208.9241 1.4811 1.5360 3.8478 -27.5697 1.6526 35.0762 -4.8518 -1.3326
Car -1 -1 -4.0762 881.1418 182.4327 942.5291 208.3307 1.5218 1.6325 3.7880 18.9327 2.1452 45.3129 -3.6833 -1.5110
Car -1 -1 -8.1304 1102.2527 173.5759 1167.6925 206.1578 1.4573 1.5719 3.5972 24.8383 1.4933 34.3173 -7.5083 -1.7030
Car -1 -1 -5.9046 177.9870 176.0932 248.9043 197.6936 1.4792 1.6418 4.0564 -27.8937 1.7117 50.7912 -6.4048 -1.8538
