Car -1 -1 -7.8425 574.8483 175.0608 631.0157 230.9869 1.6197 1.6367 3.2550 -0.2560 1.6937 22.6535 -7.8544 7.5817
Car -1 -1 -8.0141 650.0924 174.4202 685.5079 200.7468 1.5261 1.5807 3.6208 3.4402 1.6252 43.9188 -7.9369 2.5686
Car -1 -1 -5.0990 855.5360 166.4170 901.0145 188.7527 1.5443 1.6321 4.0951 19.2256 1.0989 51.9609 -4.7467 2.3815
Car -1 -1 -8.2059 885.6215 160.0020 934.4210 189.6515 1.8272 1.6838 3.7755 19.1887 1.0349 46.3853 -7.8161 2.1810
Car -1 -1 -8.3902 1152.6490 160.0803 1241.0000 197.9037 1.5618 1.5934 3.6271 25.7672 1.0340 31.7006 -7.7124 0.0786
Car -1 -1 -8.2634 915.4312 161.1378 972.0894 192.3742 1.7599 1.6413 3.7976 19.5784 1.0995 42.5662 -7.8352 -0.5958
Car -1 -1 -4.5701 682.6667 174.1447 707.3901 191.9705 1.4893 1.5904 3.9861 7.3969 1.6050 62.7212 -4.4536 -0.7210
Car -1 -1 -7.7121 78.9388 164.6935 114.6871 192.3660 2.0724 1.7097 4.0355 -39.9617 1.4610 56.2229 -8.3279 -1.3409
Car -1 -1 -8.2956 965.8820 150.5444 1042.4683 190.9157 2.1940 2.0391 4.7009 22.5684 0.9813 41.6119 -7.8018 -1.6071
Pedestrian -1 -1 -7.3476 654.3779 171.6418 670.4048 201.8482 1.7372 0.6406 0.7648 3.0142 1.6672 41.9924 -7.2770 -1.8101
