Car -1 -1 -7.8545 562.5175 176.5275 615.3469 226.6392 1.6063 1.7119 3.1439 -0.7804 1.7412 24.9612 -7.8862 6.7329
Car -1 -1 -4.6388 522.5408 178.8119 544.0767 196.2190 1.5337 1.7004 4.0013 -7.1110 2.1033 66.9871 -4.7445 1.4009
Car -1 -1 -8.3184 895.6469 158.0411 950.1098 193.3438 2.0251 1.6351 3.3758 18.6021 1.1751 43.1239 -7.9139 1.3348
Car -1 -1 -8.4317 993.9380 150.9126 1075.1658 195.9383 1.8831 1.6068 3.1583 18.5800 0.9652 31.7966 -7.9071 -0.0009
Car -1 -1 -8.2031 866.8425 166.7722 912.5070 190.5793 1.5069 1.5924 3.7917 18.3491 1.1217 47.5803 -7.8374 -0.2024
Car -1 -1 -6.4717 321.7675 188.4764 395.4515 218.2649 1.4901 1.5760 3.5599 -13.7243 2.3749 39.3119 -6.8059 -0.4888
Pedestrian -1 -1 -6.5718 12.4322 183.7135 58.0259 294.2638 1.8056 0.4791 0.4889 -9.7624 1.9938 12.1890 -7.2367 -0.6934
Car -1 -1 -5.0230 799.4657 167.9882 828.3951 186.4118 1.7033 1.6205 3.5750 19.3121 1.2532 68.5257 -4.7497 -0.8897
Cyclist -1 -1 -7.4828 0.0000 167.6366 44.8274 242.3099 1.8402 0.6300 1.6655 -15.4153 1.7113 18.6706 -8.1661 -1.3701
Car -1 -1 -5.0020 1179.0114 164.9174 1241.0000 220.5599 1.4772 1.4425 3.2408 17.8711 1.2662 20.9293 -4.3024 -1.5934
Pedestrian -1 -1 -6.0918 320.6613 185.9573 334.1938 217.4118 1.7965 0.6980 0.6107 -16.4578 2.5651 41.9406 -6.4640 -1.8606
