Car -1 -1 -1.7570 703.4143 179.6988 841.6719 282.1622 1.4979 1.6075 4.0920 2.6528 1.6400 12.8797 -1.5539 11.0911
Car -1 -1 -1.9387 767.3418 95.9015 1155.2047 374.0000 2.1730 1.8452 4.2956 2.8948 1.6302 7.2489 -1.5588 10.7763
Car -1 -1 -1.4644 515.9345 176.7427 563.0225 216.9014 1.6260 1.6547 3.7507 -3.0547 1.8060 31.4589 -1.5612 10.3512
Car -1 -1 -1.7092 662.8168 178.1484 729.2917 228.4816 1.5108 1.6330 4.1359 2.7451 1.7040 24.1826 -1.5962 10.3363
Car -1 -1 -1.7566 681.5895 181.2013 774.6811 249.3214 1.5012 1.6174 3.8420 2.8295 1.7361 18.3221 -1.6034 9.2593
Car -1 -1 -1.6360 646.1287 176.2955 678.7840 205.5777 1.5596 1.5906 3.7202 2.8842 1.7632 40.7308 -1.5653 4.1398
Car -1 -1 -1.5811 637.3201 177.6914 661.5885 201.6529 1.6063 1.6536 4.0526 2.7496 1.9641 51.2579 -1.5275 1.8147
Car -1 -1 0.0627 511.7297 177.3979 561.7738 197.9178 1.6200 1.6457 3.9257 -5.9075 1.9929 58.2568 -0.0384 1.5066
Car -1 -1 -1.6727 659.6735 176.9485 706.0467 216.0425 1.6226 1.6583 3.9851 3.1639 1.8179 32.3591 -1.5752 0.6971
Car -1 -1 1.4574 681.2052 164.3575 703.3661 181.5659 1.4805 1.5454 3.6158 7.2369 0.7499 63.8812 1.5702 -0.8957
Car -1 -1 1.3632 708.1097 164.8324 741.7794 186.6187 1.4797 1.5858 3.8313 8.0457 0.9352 50.9571 1.5198 -1.2161
