Car -1 -1 -1.2814 269.9092 176.9495 473.7957 319.8678 1.6503 1.6453 4.1262 -3.2333 1.7221 10.5178 -1.5797 13.1529
Car -1 -1 1.7398 427.4200 182.2908 512.3755 244.0086 1.5067 1.6519 4.2899 -3.8882 1.8026 20.4327 1.5517 12.6530
Car -1 -1 -1.7986 726.8699 177.5596 902.6418 299.3836 1.5201 1.6460 4.1696 2.8887 1.6076 11.2660 -1.5476 12.3876
Car -1 -1 -1.7105 671.6990 178.6150 747.8628 239.6049 1.4756 1.5575 3.3762 2.5561 1.6449 19.4693 -1.5800 11.9386
Car -1 -1 -2.2371 866.9522 178.8305 1241.0000 374.0000 1.4110 1.5711 3.8854 2.5945 1.4548 3.2959 -1.5702 9.3724
Car -1 -1 -1.6169 645.1233 177.0305 688.6990 216.1632 1.5023 1.6207 3.7506 2.2676 1.6873 30.0002 -1.5415 7.6308
Car -1 -1 3.2726 441.7402 174.8186 521.6980 208.7008 1.6943 1.6525 3.8656 -6.5825 1.7982 37.0963 3.0970 4.6448
Car -1 -1 1.4561 707.2684 157.7493 741.7078 184.2080 1.5079 1.5979 3.7820 6.7501 0.6474 43.0389 1.6117 0.9689
Car -1 -1 -1.5834 632.1951 151.0967 662.6540 179.7805 1.5147 1.6076 3.7301 2.0108 0.3661 39.9926 -1.5331 -0.1037
Car -1 -1 -1.5915 624.2059 175.0292 642.4312 193.6074 1.6976 1.6398 3.9850 2.1672 1.9102 68.3982 -1.5598 -0.4230
Car -1 -1 -1.0158 135.5253 130.7341 231.0803 168.8386 1.4755 1.6078 3.9691 -17.8672 -0.1798 30.3606 -1.5478 -0.7968
Car -1 -1 -1.6452 630.3080 170.6955 662.9545 201.5666 1.8342 1.7121 4.2679 2.2057 1.7063 45.0225 -1.5963 -2.0693
