Car -1 -1 -1.7267 676.5408 180.3986 767.1635 247.4093 1.4851 1.6358 4.1799 2.6984 1.7015 18.5599 -1.5823 12.9660
Car -1 -1 -1.9235 759.5727 179.7155 1120.9506 374.0000 1.6091 1.6658 4.0909 2.6434 1.6957 7.0163 -1.5632 12.8836
Car -1 -1 -1.4451 492.0959 180.7915 553.2198 231.6551 1.6401 1.6729 4.1828 -3.1052 1.9498 26.0157 -1.5639 12.5701
Car -1 -1 -1.8006 711.0032 183.1779 855.6590 288.7892 1.5200 1.5909 3.7454 2.7962 1.7280 12.6317 -1.5828 11.0167
Car -1 -1 -1.6882 648.1440 179.9115 688.9464 213.7401 1.5168 1.5599 3.4532 2.7404 1.8751 34.8373 -1.6097 6.6592
Car -1 -1 1.6535 517.5820 186.3588 555.9447 218.7497 1.4668 1.6079 3.7654 -3.6568 2.1793 36.1497 1.5527 4.0434
Car -1 -1 -1.5524 637.3098 180.5420 663.8913 206.0726 1.4942 1.6018 4.0637 2.5674 2.0023 45.5679 -1.4961 3.7739
Car -1 -1 -1.6873 667.2485 179.7525 724.5827 227.2163 1.5932 1.6499 3.8873 3.0622 1.8677 26.7277 -1.5732 3.4918
Car -1 -1 -1.7072 723.2544 167.1039 756.9484 191.5643 1.4687 1.5592 3.8866 8.0894 1.1238 45.2946 -1.5305 0.4692
Car -1 -1 1.7188 482.8414 168.9957 509.0283 189.3672 1.6581 1.6172 3.9181 -9.5822 1.3444 60.6925 1.5623 -1.6282
