Car -1 -1 1.8870 327.1199 181.6626 482.0518 285.7503 1.5549 1.5672 3.7622 -3.5610 1.7376 13.0175 1.6199 13.6113
Car -1 -1 -1.9937 803.3220 149.6944 1191.2518 374.0000 1.7013 1.7107 4.1937 3.3308 1.5328 7.3571 -1.5686 12.5438
Car -1 -1 1.7935 433.9940 175.8063 507.8848 223.8585 1.4721 1.6124 3.9417 -4.6380 1.5803 24.3449 1.6053 10.5706
Car -1 -1 -1.3905 524.0230 165.4429 603.3252 227.2151 1.8372 1.7983 4.6880 -1.4574 1.6172 23.8918 -1.4514 10.5062
Car -1 -1 -1.3461 718.9844 170.0624 803.4103 231.1565 1.5328 1.5582 3.4502 4.2150 1.4631 19.9931 -1.1383 10.2851
Car -1 -1 -0.9814 762.6571 166.9589 869.1092 216.2364 1.5564 1.6379 3.8452 7.0368 1.3706 24.6553 -0.7034 4.4306
Car -1 -1 1.5300 495.2524 174.2040 521.7151 197.3417 1.4817 1.5995 3.7944 -6.8788 1.5765 48.4494 1.3890 -0.6514
Car -1 -1 1.5942 613.0268 154.7538 632.0820 172.5804 1.4918 1.5596 3.9034 1.0898 -0.0241 62.4223 1.6116 -0.9918
Car -1 -1 -1.9917 473.8681 164.4185 511.0635 183.0195 1.4640 1.5898 3.7611 -9.6308 0.8005 58.7943 -2.1540 -1.6223
Car -1 -1 1.8218 431.8243 158.1019 478.0865 184.8627 1.4853 1.6492 4.2150 -9.0329 0.6669 42.1847 1.6108 -2.1833
