Car -1 -1 -1.8299 831.5935 183.5020 1137.1640 374.0000 1.6066 1.5977 3.5737 3.1588 1.7378 6.9655 -1.4041 11.9364
Car -1 -1 1.7102 566.9967 180.2220 625.9017 226.2151 1.5346 1.6443 4.0379 -0.4700 1.8307 26.8505 1.6927 10.6937
Car -1 -1 -1.5936 802.3688 188.9642 914.3650 294.3834 1.4583 1.5931 3.8560 4.2317 1.7885 12.6906 -1.2717 7.8519
Car -1 -1 1.5313 731.1971 178.7935 767.3005 214.4877 1.6716 1.6314 3.7868 6.9465 1.9884 36.4449 1.7196 7.1867
Car -1 -1 1.6766 621.7926 179.9195 657.1089 208.9959 1.6309 1.6936 4.3817 1.8079 2.0834 43.8744 1.7177 6.7351
Car -1 -1 -1.6821 722.6286 181.5147 756.9911 208.8905 1.5208 1.6097 3.7632 7.6987 2.0632 43.2311 -1.5059 3.4064
Car -1 -1 1.5330 640.7731 180.5108 661.7284 201.2481 1.6020 1.5668 3.6422 3.3185 2.2472 58.9270 1.5892 2.7150
Car -1 -1 -1.7856 789.2545 169.7885 826.5504 193.4745 1.5596 1.6407 4.0342 13.5123 1.3581 49.5639 -1.5194 0.5313
Car -1 -1 -2.3357 944.5170 222.1113 1241.0000 374.0000 1.4613 1.5773 3.6738 2.7973 1.7750 2.7246 -1.5372 0.3129
Car -1 -1 2.0762 301.3588 130.6274 392.5479 172.4910 1.4808 1.6046 3.8589 -9.9888 -0.0145 27.5870 1.7288 -1.0479
Car -1 -1 -1.7645 789.9377 182.2212 837.1845 213.3966 1.5567 1.6754 4.3634 11.0679 2.1005 39.6148 -1.4921 -1.3096
