Car -1 -1 2.0387 0.0000 189.0710 377.3630 374.0000 1.5009 1.6370 4.1090 -3.6534 1.6993 6.7316 1.5414 13.7403
Car -1 -1 1.7586 460.7296 182.6913 534.7260 233.0293 1.4477 1.6314 4.2724 -3.6346 1.8015 23.7584 1.6068 13.5553
Car -1 -1 1.4187 669.5946 174.3061 765.0664 253.9676 1.6680 1.6272 3.9537 2.3745 1.7069 17.1659 1.5562 13.4023
Car -1 -1 -1.7126 647.9662 180.8471 712.1124 231.0700 1.4954 1.5675 3.9892 2.2135 1.7859 24.1589 -1.6212 9.5021
Car -1 -1 1.6526 516.4941 178.9900 549.9296 209.5905 1.5452 1.5198 3.3771 -4.1284 1.8902 38.8215 1.5467 6.7044
Car -1 -1 -1.6361 639.1749 180.4078 685.7395 222.3104 1.5512 1.6246 3.8557 2.0287 1.8790 29.3358 -1.5671 3.4231
Car -1 -1 1.7025 485.2464 165.7202 514.1894 185.8854 1.4776 1.6446 4.1970 -8.3879 0.9552 54.9818 1.5512 2.0403
Car -1 -1 2.3051 0.0000 186.6479 78.6022 284.1444 1.4755 1.6074 3.8902 -12.1655 1.7696 13.4150 1.5685 0.5952
Car -1 -1 -0.1921 709.5861 160.9782 801.3813 191.1320 1.4799 1.6548 4.2806 7.2180 0.8974 36.2467 0.0045 0.4682
Car -1 -1 1.5226 630.9918 180.1136 660.8536 206.5729 1.4803 1.5971 3.9730 2.0885 1.9377 43.4408 1.5706 -0.0689
Car -1 -1 -1.5578 622.7365 177.6868 641.2630 195.3980 1.4802 1.5764 3.9015 1.9347 1.9183 63.3659 -1.5273 -0.1600
Car -1 -1 1.6675 517.8570 164.4358 538.9191 180.9019 1.5199 1.6161 3.9642 -7.7474 0.7432 68.5914 1.5551 -0.2027
Car -1 -1 1.4961 634.3507 177.1574 668.4861 207.3146 1.5749 1.6046 3.8575 2.2258 1.8265 40.1763 1.5515 -1.2203
Car -1 -1 -0.1906 723.3496 146.5349 795.9695 172.0721 1.5119 1.6203 4.0613 8.9690 -0.0478 43.6014 0.0122 -1.8550
