Car -1 -1 1.8260 287.6895 184.9607 462.5344 296.9370 1.4124 1.6254 4.2463 -3.6079 1.6456 11.7208 1.5274 14.4849
Car -1 -1 -2.0848 827.1000 205.2164 1241.0000 374.0000 1.4195 1.5566 3.6032 2.8522 1.7348 5.2067 -1.5836 13.9748
Car -1 -1 1.7623 437.8483 174.0393 521.1957 239.5536 1.6239 1.5885 3.5641 -3.5160 1.6597 19.7413 1.5861 12.5353
Car -1 -1 1.3986 664.5079 179.9657 747.9344 240.8997 1.5166 1.6487 4.0543 2.5723 1.7394 20.5018 1.5234 12.3919
Car -1 -1 -1.6959 649.9494 183.0177 700.9511 222.3336 1.4385 1.5785 3.9147 2.5581 1.8811 29.4100 -1.6091 7.0115
Car -1 -1 1.7356 495.0308 175.6873 551.1169 216.3085 1.5055 1.6133 3.9443 -3.4641 1.6277 29.0256 1.6168 6.8577
Car -1 -1 -1.6321 638.6795 181.8619 670.8764 210.1644 1.4448 1.5492 3.4641 2.3876 1.9620 39.6665 -1.5720 2.7528
Car -1 -1 -1.4292 530.8113 178.8149 567.2883 206.6355 1.4513 1.5452 3.5266 -3.3893 1.7989 40.2164 -1.5133 1.5775
Car -1 -1 1.5879 916.6976 143.8059 948.9236 171.6768 1.4862 1.5894 3.9001 18.2266 -0.0696 40.7534 2.0084 -0.9315
Car -1 -1 -0.3628 809.3077 176.1414 1000.6583 242.0961 1.6001 1.6714 4.2123 7.3845 1.6885 18.4618 0.0177 -0.9496
Car -1 -1 1.5764 591.7413 176.9496 609.7526 194.0840 1.4905 1.5893 3.7544 -0.8512 1.8736 65.5443 1.5634 -2.1616
