Car -1 -1 -1.7764 696.3626 179.7113 803.4832 256.2488 1.4727 1.5842 3.6987 2.9338 1.6437 16.0841 -1.5959 14.6168
Car -1 -1 1.8359 271.1570 175.5690 460.0879 310.9188 1.5049 1.5304 3.5565 -3.1718 1.5494 9.9033 1.5260 13.1593
Car -1 -1 1.7154 460.2675 173.7583 528.9362 224.7591 1.4406 1.5699 3.7548 -3.5284 1.4713 22.3316 1.5587 12.2622
Car -1 -1 1.6870 506.5340 167.5182 554.0087 208.8723 1.6568 1.6062 3.5549 -3.3740 1.4434 30.6876 1.5775 9.8245
Car -1 -1 1.4434 650.2434 176.1161 702.1586 212.9572 1.4635 1.6717 4.4720 2.7547 1.6157 31.3286 1.5311 9.7965
Car -1 -1 1.5589 549.3380 171.6222 572.7604 193.9228 1.5193 1.5944 3.8750 -3.5242 1.4358 51.1511 1.4901 3.1218
Car -1 -1 1.7414 529.4621 170.2505 569.2528 200.3032 1.5794 1.5775 3.7507 -3.3357 1.4429 39.8541 1.6579 2.4017
Car -1 -1 -1.6305 620.0107 175.2430 653.4513 204.1224 1.5090 1.6149 3.8406 1.4010 1.6480 39.9583 -1.5954 1.2737
Car -1 -1 -1.6165 645.1282 174.6056 675.7786 202.0135 1.5258 1.6119 3.8475 2.8867 1.6337 42.3553 -1.5484 -0.0868
Car -1 -1 1.5155 615.1167 180.5164 637.0110 199.5735 1.4691 1.5812 3.7484 1.2628 2.1167 59.0470 1.5369 -0.7449
Car -1 -1 -1.6662 688.2027 162.6281 717.6085 185.7470 1.5460 1.6522 3.9872 6.4025 0.8626 50.2672 -1.5395 -0.7655
Car -1 -1 1.5182 627.6963 162.9171 647.5647 180.3549 1.4675 1.5209 3.7922 2.3507 0.6316 62.6253 1.5557 -1.7034
