Car -1 -1 1.8798 275.1285 176.3944 460.2230 301.6811 1.5735 1.5991 3.6376 -3.5087 1.6367 10.9810 1.5705 14.5553
Car -1 -1 1.2947 703.3837 182.2698 870.0314 299.4348 1.5305 1.5877 3.7165 2.5868 1.7074 11.6285 1.5136 14.3533
Car -1 -1 1.7436 442.5645 174.6285 524.7735 235.4090 1.5341 1.6122 3.9698 -3.4912 1.5893 20.3116 1.5734 12.2301
Car -1 -1 -1.7122 666.3845 185.1307 742.1446 243.0288 1.4298 1.5941 3.7778 2.5363 1.8118 20.5261 -1.5892 10.7452
Car -1 -1 1.6906 507.1691 175.3642 553.4699 213.5404 1.5649 1.5846 3.7647 -3.4828 1.6822 31.7135 1.5812 6.9539
Car -1 -1 1.4071 641.0400 180.1060 691.3520 217.8512 1.4778 1.5474 3.7405 2.3050 1.8084 30.9212 1.4815 6.4052
Car -1 -1 2.3567 0.0000 223.0105 226.9078 374.0000 1.4478 1.6052 3.9303 -3.6059 1.8182 3.3244 1.5307 5.0951
Car -1 -1 -1.6147 632.6390 178.9445 663.6589 206.7324 1.4986 1.6147 3.7569 2.1257 1.8661 41.6186 -1.5636 3.5435
Car -1 -1 -1.6856 635.3937 178.9512 674.5543 210.8642 1.5211 1.5908 3.5756 2.2166 1.8488 36.9153 -1.6257 1.4702
Car -1 -1 -1.4939 495.5150 167.1485 514.3337 182.2784 1.4563 1.5713 3.5795 -10.3739 0.9075 71.2857 -1.6384 -1.6709
