Car -1 -1 1.8791 262.3597 189.4354 457.2254 311.5438 1.4118 1.5885 3.9735 -3.5556 1.7079 10.8734 1.5630 13.2871
Car -1 -1 1.7682 431.2238 175.9904 516.9779 241.6325 1.5492 1.5673 3.3859 -3.5071 1.6390 18.8920 1.5847 12.8221
Car -1 -1 -2.1924 858.8488 205.7908 1241.0000 374.0000 1.4038 1.5448 3.6280 2.8732 1.6843 4.2954 -1.6029 12.3487
Car -1 -1 1.3815 669.0561 181.9823 755.0142 245.5280 1.4981 1.5971 3.7067 2.5951 1.7685 19.4481 1.5141 11.8023
Car -1 -1 1.7012 493.8333 176.2297 547.5674 218.6475 1.5255 1.5933 3.8684 -3.4608 1.6669 28.1962 1.5791 7.5208
Car -1 -1 -1.6962 649.7852 184.7920 701.5983 225.6588 1.4375 1.5514 3.8416 2.4816 1.9412 28.4662 -1.6093 7.0536
Car -1 -1 1.5606 527.9781 176.2534 558.8211 206.6904 1.5625 1.5999 3.9572 -3.7089 1.7589 39.5468 1.4671 4.8070
Car -1 -1 -1.6210 633.8752 180.0159 662.8246 205.9680 1.5069 1.6029 3.6729 2.3089 1.9696 44.7440 -1.5694 2.2226
Car -1 -1 1.5999 640.0997 180.1281 672.3201 210.6298 1.5161 1.6205 4.0274 2.5007 1.9300 38.9343 1.6640 0.5493
Car -1 -1 -0.0893 499.4485 158.1078 554.5337 179.0518 1.5111 1.6257 3.9080 -6.1689 0.4475 53.2492 -0.2046 -0.2653
Car -1 -1 1.5300 609.8006 175.9338 637.1985 202.1584 1.6134 1.6145 3.7746 0.8078 1.8214 46.7410 1.5473 -1.7209
Car -1 -1 -1.3334 456.7921 154.4414 499.1855 183.5370 1.6237 1.6123 3.7006 -7.6945 0.5965 42.1564 -1.5139 -1.8648
