Car -1 -1 -1.8076 734.1896 182.1950 899.5471 301.8113 1.5441 1.6290 3.7339 3.0260 1.7176 11.4887 -1.5501 14.1023
Car -1 -1 -1.7770 693.4665 181.6563 797.8466 259.9076 1.5488 1.5841 3.7862 2.9416 1.7754 16.6262 -1.6019 12.2049
Car -1 -1 -1.7161 659.5541 149.5003 746.7785 232.9980 2.4344 2.0199 5.6207 2.8689 1.7539 23.8695 -1.5965 9.6237
Car -1 -1 1.6383 503.2299 177.1695 550.0600 219.2521 1.5474 1.6049 3.9040 -3.3194 1.7327 28.9236 1.5240 8.7369
Car -1 -1 -1.6700 648.1989 180.5564 688.6399 213.5914 1.4750 1.5817 3.7201 2.7411 1.8687 34.9658 -1.5917 4.3615
Car -1 -1 1.5585 544.1716 175.9521 568.4590 199.0546 1.5097 1.6035 3.9096 -3.7543 1.7321 49.7060 1.4831 1.6440
Car -1 -1 -1.0617 634.7485 178.9183 681.7095 201.5474 1.4652 1.5835 3.8046 3.3394 1.9014 49.8296 -0.9948 1.3753
Car -1 -1 -0.8193 0.0000 168.6138 156.5741 313.3471 1.4671 1.6019 3.8674 -7.9595 1.4245 9.2772 -1.5284 0.6854
Car -1 -1 -3.8151 1002.7566 128.1042 1137.8873 171.0066 1.4759 1.6204 3.9477 16.4422 -0.0686 25.9257 -3.2499 0.3256
Car -1 -1 1.6904 504.7607 161.4028 530.3220 180.5771 1.5062 1.6138 3.8442 -7.4998 0.6070 58.6036 1.5632 -0.6175
Car -1 -1 -1.4882 512.0064 164.2446 533.7879 181.6390 1.4902 1.6021 3.8296 -7.6885 0.7530 63.7567 -1.6082 -1.9513
Car -1 -1 2.9568 479.8636 159.7711 532.1105 179.5621 1.4817 1.5931 3.7392 -8.0144 0.5026 55.3746 2.8131 -2.0652
