Car -1 -1 1.3137 697.8698 181.9573 852.8310 293.0366 1.5563 1.5926 3.9053 2.5905 1.7386 12.4242 1.5193 13.6061
Car -1 -1 1.8591 308.6438 178.5301 467.6868 291.6660 1.5598 1.5552 3.4270 -3.5020 1.6667 11.8307 1.5713 13.4281
Car -1 -1 1.7334 450.0496 174.7101 527.1419 234.9917 1.6005 1.6237 3.8636 -3.5123 1.6604 21.2066 1.5693 12.3510
Car -1 -1 -1.7113 664.4260 185.0763 735.2541 240.2352 1.4282 1.5526 3.7408 2.5278 1.8232 21.4044 -1.5937 9.3620
Car -1 -1 1.4584 644.1065 181.0361 690.9129 218.0132 1.4772 1.6074 3.8943 2.4219 1.8591 31.6710 1.5347 7.3349
Car -1 -1 1.5704 511.5220 175.6142 549.2506 213.8491 1.6024 1.5916 3.9008 -3.6346 1.7351 32.5559 1.4592 6.5264
Car -1 -1 2.2539 0.0000 203.6451 275.9248 374.0000 1.4138 1.5731 3.6430 -3.5628 1.6695 4.1388 1.5432 5.9757
Car -1 -1 -1.6529 637.0876 179.3543 674.4130 211.3054 1.5498 1.6281 3.8257 2.3055 1.9073 37.7110 -1.5918 4.1909
Car -1 -1 -1.6505 632.7696 178.1926 665.1062 205.0854 1.4886 1.6054 3.7232 2.2223 1.8179 42.5683 -1.5983 1.8721
Car -1 -1 1.6914 542.0894 174.8426 563.1445 190.9313 1.5423 1.6225 3.9560 -5.6880 1.7457 71.6723 1.6122 -1.6467
Car -1 -1 -2.2577 659.9148 176.0118 708.2188 194.9882 1.5114 1.6561 4.3254 6.1404 1.7863 60.4768 -2.1565 -1.6868
