Car -1 -1 -2.0064 787.4353 202.7036 1235.8224 374.0000 1.4020 1.5754 3.7460 2.6781 1.7265 5.9493 -1.5835 13.3749
Car -1 -1 1.3840 680.4815 186.6265 788.6381 269.6033 1.5690 1.6406 4.1267 2.6321 1.9226 16.4181 1.5430 12.9238
Car -1 -1 1.7365 417.2508 185.7524 510.4175 259.9345 1.5033 1.5703 3.6943 -3.4012 1.8435 17.1395 1.5406 12.1461
Car -1 -1 2.0686 0.0000 188.0949 392.4579 374.0000 1.5036 1.6695 4.6069 -3.3705 1.6799 6.0123 1.5577 10.9790
Car -1 -1 -1.7066 663.5499 185.0014 729.4749 239.0113 1.4856 1.5458 3.5948 2.5675 1.8949 22.4735 -1.5928 8.5727
Car -1 -1 1.4484 650.2712 184.7843 706.2737 228.6520 1.4714 1.6174 3.9906 2.4656 1.9569 27.3183 1.5384 6.0769
Car -1 -1 1.6270 575.1822 186.4094 604.3730 212.2642 1.4834 1.6221 3.9601 -1.2677 2.3762 45.4979 1.5991 0.5641
Car -1 -1 -2.8849 523.0194 179.8630 572.0488 198.4921 1.5260 1.6045 3.8534 -5.2932 2.1304 61.0600 -2.9714 -0.9300
Car -1 -1 -1.4510 633.5828 183.6962 657.6576 202.4475 1.4788 1.5867 3.9539 3.0388 2.4330 61.3910 -1.4016 -0.9938
Car -1 -1 -0.5224 142.8766 125.0044 282.0104 170.4913 1.4777 1.6086 4.1093 -14.1524 -0.0914 25.8368 -1.0235 -1.4927
Car -1 -1 -0.0270 590.1351 182.5241 639.2646 200.8298 1.4917 1.6316 4.0698 0.3499 2.3153 60.5610 -0.0213 -1.8380
