Car -1 -1 -8.1501 761.2938 184.9855 986.8440 326.0680 1.4432 1.5800 4.1755 3.2164 1.6435 9.8369 -7.8441 3.0208
Car -1 -1 -4.1812 113.8725 181.3193 198.6097 217.6395 1.4889 1.5661 3.6511 -20.2366 1.8890 32.2837 -4.7377 1.8128
Car -1 -1 -4.1913 175.1299 181.1763 242.4873 212.0929 1.4512 1.4875 3.3755 -20.2474 1.8913 36.4836 -4.6951 1.1819
Pedestrian -1 -1 -3.3873 1224.0031 159.8285 1241.0000 266.1222 1.7134 0.4206 0.2971 10.3158 1.5031 11.8848 -2.6851 -0.9146
Pedestrian -1 -1 -5.4229 1116.8979 172.9214 1157.2948 237.0302 1.6513 0.5848 0.6303 13.7670 1.6528 18.9258 -4.8019 -1.1086
Car -1 -1 -7.1289 1171.9142 170.5669 1241.0000 207.8096 1.5258 1.6774 4.2891 26.5110 1.4318 30.6861 -6.4214 -1.5439
Car -1 -1 -3.1902 655.6696 179.5833 705.5809 196.9156 1.5196 1.6758 4.3903 6.3005 2.1336 64.9314 -3.0943 -1.5706
Car -1 -1 -4.7392 1169.0524 165.9085 1208.8070 196.1181 1.5709 1.5757 3.7538 31.5951 1.2094 39.4932 -4.0683 -1.6333
Cyclist -1 -1 -7.9121 773.6104 171.0510 783.8143 208.9175 1.7128 0.3616 1.5975 7.7752 1.6310 33.4555 -7.6862 -1.6774
Car -1 -1 -4.6305 318.8816 180.4774 343.9697 200.3598 1.4925 1.5655 3.8050 -22.2987 2.1243 57.7786 -4.9976 -1.9545
Pedestrian -1 -1 -5.9994 1180.6219 188.3476 1241.0000 295.2905 1.3226 0.4081 0.6072 7.8194 1.5319 9.3951 -5.3212 -2.0789
Car -1 -1 -5.7625 1224.6479 170.9468 1241.0000 214.6053 1.5144 1.6531 3.9360 25.8473 1.4480 27.1519 -5.0074 -2.1587
Car -1 -1 -4.2052 208.2778 186.2390 261.8053 209.6977 1.5962 1.6878 4.2267 -27.8435 2.6312 53.6720 -4.6820 -2.1968
