Car -1 -1 -8.4325 866.2387 190.5323 1241.0000 374.0000 1.4734 1.6775 4.2967 3.4466 1.6545 5.2379 -7.8772 1.8562
Car -1 -1 -4.3472 279.9549 174.8149 322.9897 198.3081 1.5469 1.5441 3.5716 -21.1975 1.6864 49.6254 -4.7492 1.6867
Car -1 -1 -4.3741 302.9879 174.0005 341.6986 197.0080 1.6546 1.5866 3.5727 -21.4634 1.7428 53.8861 -4.7517 -0.3469
Pedestrian -1 -1 -6.5322 895.2865 170.2050 905.0067 211.6295 1.7540 0.4403 0.2829 12.3355 1.6415 30.7878 -6.1549 -0.5639
Cyclist -1 -1 -4.8779 1225.0771 161.6919 1241.0000 208.8436 1.8304 0.5492 1.7726 25.1431 1.3968 28.9098 -4.1674 -0.9293
Pedestrian -1 -1 -4.9863 849.6068 170.9208 871.7828 218.5015 1.6820 0.5599 0.7733 8.9494 1.6134 25.9088 -4.6578 -1.2537
Cyclist -1 -1 -6.4075 945.7125 173.5997 990.5920 214.7627 1.7201 0.7016 1.6364 15.2117 1.7522 30.7706 -5.9527 -1.3688
Pedestrian -1 -1 -9.0275 1076.5872 164.0465 1097.3618 203.6320 1.8305 0.6864 0.5947 22.3040 1.4229 33.8041 -8.4486 -1.5662
Pedestrian -1 -1 -7.9661 1201.4877 161.2208 1225.1298 207.8478 1.8720 0.6427 0.8732 24.6219 1.4047 29.5103 -7.2760 -1.6272
Pedestrian -1 -1 -8.0943 1005.9938 168.9980 1030.5563 219.6856 1.7645 0.6305 0.5852 14.3663 1.6299 25.4827 -7.5863 -1.7589
Pedestrian -1 -1 -3.7141 935.3548 164.8291 967.1662 219.5455 1.8063 0.5064 0.8175 11.3590 1.5411 24.1262 -3.2792 -1.8363
Pedestrian -1 -1 -6.8101 920.4536 165.4315 954.6564 223.8970 1.8181 0.4792 0.8557 10.2620 1.5869 22.7214 -6.3912 -1.8787
