Car -1 -1 -7.9648 574.6693 179.4469 640.6953 230.5195 1.4258 1.5990 4.3774 -0.2170 1.6564 22.9980 -7.9749 2.7274
Car -1 -1 -8.0881 636.6929 173.3886 803.9416 301.4205 1.6072 1.6264 3.6357 1.4226 1.6164 10.9694 -7.9639 2.4678
Car -1 -1 -4.5019 226.4234 176.7169 263.8392 200.9951 1.6836 1.6216 4.1042 -26.7351 1.9783 52.9226 -4.9679 -0.4984
Pedestrian -1 -1 -6.1926 746.9693 158.0263 771.2274 207.9995 1.9085 0.5777 0.8740 5.7345 1.3419 27.9571 -5.9928 -1.3326
Pedestrian -1 -1 -4.7113 1157.2511 171.2871 1198.0500 279.1012 1.6652 0.5019 0.4846 8.9742 1.6407 11.4889 -4.0612 -1.4573
Car -1 -1 -7.3869 266.5837 177.3665 308.8062 196.0982 1.5240 1.6389 4.0739 -27.5624 1.9231 61.7794 -7.8052 -1.5220
Car -1 -1 -4.9685 1172.6051 167.0496 1241.0000 204.8895 1.4877 1.5849 3.6834 25.1544 1.2592 30.3729 -4.2818 -1.6771
Pedestrian -1 -1 -8.0628 780.4972 162.2549 803.1667 213.7236 1.8562 0.7065 0.5201 6.5757 1.4736 26.2932 -7.8209 -1.9111
Car -1 -1 -7.3525 48.7959 174.1604 106.4774 199.6863 1.5816 1.5818 3.3465 -34.3820 1.6689 46.6494 -7.9850 -1.9289
Car -1 -1 -7.5804 378.4021 174.5924 419.1445 198.8355 1.5221 1.6010 3.8080 -13.8808 1.6408 47.4870 -7.8635 -2.0188
Car -1 -1 -3.0781 0.0000 182.5362 95.1593 217.8356 1.5286 1.6190 3.9001 -26.7047 2.0081 33.9838 -3.7404 -2.0991
