Car -1 -1 -7.9812 580.2640 182.3434 651.2752 236.8674 1.4510 1.6236 4.2600 0.0299 1.7716 22.1883 -7.9807 2.8231
Car -1 -1 -8.1247 648.4658 176.5196 843.0558 317.1283 1.6132 1.7029 3.7007 1.6510 1.6751 10.3166 -7.9719 2.4911
Car -1 -1 -4.5918 282.2168 179.8519 308.5779 197.8620 1.4961 1.6441 4.2023 -27.8575 2.1376 63.9319 -5.0015 -0.8741
Car -1 -1 -4.4270 60.9310 184.4036 112.4956 210.4583 1.4873 1.5818 3.8481 -32.6744 2.2423 45.1080 -5.0512 -1.3001
Pedestrian -1 -1 -4.4012 1064.9656 177.9042 1103.0607 263.4588 1.5775 0.4433 0.6179 8.9572 1.6758 13.7153 -3.8331 -1.4700
Car -1 -1 -4.5268 242.8442 181.2292 276.5476 203.5641 1.5908 1.6121 3.9324 -26.7212 2.2543 55.0816 -4.9769 -1.5576
Pedestrian -1 -1 -8.2337 765.5621 163.1367 787.3569 213.1198 1.9561 0.6858 0.5458 6.5411 1.5755 28.5612 -8.0114 -1.8452
Pedestrian -1 -1 -5.8387 93.1038 176.0076 111.6002 204.9230 1.8932 0.5444 0.8474 -33.5558 2.1026 47.6533 -6.4498 -2.0196
Pedestrian -1 -1 -6.0105 1006.8509 166.5069 1027.4753 206.2236 1.8112 0.5722 0.7041 18.7803 1.5215 33.3559 -5.5018 -2.0710
Car -1 -1 -4.6691 869.5455 176.1252 899.7049 202.2639 1.4917 1.5554 3.9369 16.6758 1.6997 43.8236 -4.3082 -2.1076
