Car -1 -1 1.9549 405.2149 178.0007 464.6288 208.6075 1.4198 1.5700 3.8354 -8.7382 1.6924 36.1561 1.7178 9.9131
Car -1 -1 -1.6359 704.3236 174.8186 736.4751 199.8786 1.4466 1.6586 4.3538 6.6866 1.5736 44.2398 -1.4859 6.8685
Car -1 -1 -1.3868 404.0069 162.5005 433.0405 185.3181 2.0430 1.8005 4.5608 -17.7368 1.1163 66.9408 -1.6458 2.7359
Car -1 -1 2.0838 221.7530 172.7498 295.7202 202.7434 1.4899 1.6317 4.2370 -18.4332 1.4851 38.0033 1.6322 2.0066
Car -1 -1 2.0968 211.9608 153.5139 271.9451 180.2952 1.5911 1.6224 3.8163 -22.8163 0.4425 44.8155 1.6259 0.1893
Car -1 -1 -1.6124 919.7903 164.2503 939.0655 179.5627 1.4697 1.5849 3.6831 31.5025 0.6443 71.2537 -1.1961 -0.7280
Car -1 -1 -0.2037 1178.6437 147.8038 1241.0000 178.1461 1.5359 1.6299 4.1277 32.8589 0.2682 38.2336 0.5062 -1.0621
Car -1 -1 -0.9553 126.5207 180.3217 227.6341 218.1777 1.5034 1.6419 4.2718 -18.9237 1.8547 31.7105 -1.4933 -1.5117
Car -1 -1 1.8447 292.1116 172.3939 338.6972 198.1581 1.5235 1.6382 4.0648 -18.2467 1.4967 44.7754 1.4577 -1.7933
Car -1 -1 -0.5353 1027.2068 167.0808 1152.6058 207.4721 1.5485 1.6195 3.8463 18.8781 1.3276 28.5622 0.0487 -1.8176
