Car -1 -1 2.2566 252.7378 170.9734 410.9574 246.1386 1.6868 1.6501 3.8781 -6.9277 1.6449 18.2899 1.8946 12.0491
Car -1 -1 2.5652 605.5348 174.2480 717.7843 211.7140 1.4617 1.6620 4.4914 2.1416 1.5237 30.0971 2.6363 12.0337
Car -1 -1 -3.4063 881.3866 162.3463 984.5520 202.2755 1.7804 1.6828 4.0450 14.7900 1.3122 33.3096 -2.9884 9.9171
Car -1 -1 -0.7027 374.0486 177.3000 459.1040 213.7855 1.5677 1.5774 3.6525 -8.9387 1.7861 33.4256 -0.9640 5.1500
Car -1 -1 1.8851 519.8558 177.5240 553.8818 196.6453 1.5060 1.6445 4.0555 -6.0655 1.9088 60.0331 1.7844 1.9144
Car -1 -1 1.6206 589.2255 177.1347 609.5742 194.8720 1.4521 1.5631 3.7270 -0.9051 1.8307 61.8675 1.6060 1.8620
Car -1 -1 1.5185 777.3140 155.4115 796.5806 170.9952 1.4889 1.6376 4.1783 17.5307 -0.1900 71.6679 1.7584 1.0467
Car -1 -1 1.8204 561.7775 174.7409 594.1753 193.7213 1.4832 1.6239 4.3742 -2.6046 1.6443 59.1462 1.7764 0.2304
Car -1 -1 1.6205 582.0330 173.7999 601.5515 192.6339 1.6429 1.5720 3.8665 -1.6367 1.7311 65.0857 1.5954 0.0626
Car -1 -1 -1.9850 1127.3221 155.1613 1184.2395 178.4136 1.4990 1.5748 4.0057 36.6816 0.3588 48.6423 -1.3389 -0.6745
Car -1 -1 -0.8809 289.7645 186.7577 331.4662 203.2268 1.5027 1.6169 4.0551 -29.7112 2.9264 71.6832 -1.2739 -2.1211
