Car -1 -1 2.4837 493.7476 176.6690 619.9442 220.2728 1.4352 1.6538 4.5047 -1.8992 1.5855 26.2350 2.4115 12.5168
Car -1 -1 2.3359 0.0000 181.0813 215.1167 312.2722 1.5589 1.6132 4.0341 -8.1322 1.7080 10.9372 1.6966 11.1601
Car -1 -1 2.7842 787.5005 162.3646 888.8199 203.5738 1.8057 1.7030 4.0182 10.2085 1.3465 32.5721 3.0879 9.8634
Car -1 -1 -1.2853 411.3820 177.6571 463.6894 210.2251 1.5120 1.5920 3.5516 -8.5437 1.7631 35.8452 -1.5193 6.8904
Car -1 -1 -1.5615 704.9319 173.9904 727.7651 195.0977 1.4667 1.5801 3.7425 7.6979 1.5526 52.3190 -1.4154 2.2417
Car -1 -1 -2.0558 368.8910 177.4085 412.5928 197.9571 1.5450 1.6190 4.0227 -17.4134 1.9187 57.1337 -2.3516 0.2588
Car -1 -1 2.3556 285.2153 187.1210 329.0964 203.5311 1.4853 1.6187 4.0356 -29.8780 2.9376 71.2569 1.9586 0.1176
Car -1 -1 -1.8500 834.4460 169.3503 913.8990 216.9792 1.5277 1.6019 3.7498 9.0276 1.4157 25.0654 -1.5043 -0.4387
Car -1 -1 -1.8223 1207.4646 141.3982 1241.0000 353.7405 1.7574 1.6934 4.0066 8.1635 1.4974 8.1234 -1.0345 -1.1108
Car -1 -1 -0.5610 409.3823 177.0796 463.9763 198.1766 1.7031 1.6825 4.2622 -14.6896 2.0743 61.2044 -0.7966 -1.3715
Car -1 -1 1.7814 519.3595 180.5458 549.0784 200.0651 1.4960 1.5985 4.1110 -6.1911 2.1491 59.1028 1.6770 -1.4023
