Car -1 -1 -2.0334 840.3626 186.1883 1241.0000 374.0000 1.4773 1.6633 4.1800 3.6061 1.6438 6.8827 -1.5508 12.8080
Car -1 -1 2.7271 676.7913 169.7132 760.5092 200.8985 1.6177 1.6414 4.1369 5.7868 1.4552 38.7628 2.8753 11.5089
Car -1 -1 2.3181 419.5867 178.4291 518.0112 217.5116 1.4304 1.5827 4.0307 -5.6573 1.6724 29.1424 2.1263 10.4619
Car -1 -1 0.8672 223.8350 182.2832 301.8039 213.7706 1.5141 1.6010 3.6889 -17.8715 2.0181 37.0599 0.4179 6.3873
Car -1 -1 -3.3532 880.9516 171.1246 971.8143 199.8071 1.5131 1.6475 4.2782 17.1169 1.4222 39.2922 -2.9423 5.0471
Car -1 -1 -3.6569 1134.4269 158.8858 1238.9151 188.7046 1.4611 1.5670 3.8487 29.0005 0.7770 36.4275 -2.9845 2.5937
Car -1 -1 1.7357 622.5685 179.5535 650.0588 199.0679 1.4782 1.5832 4.0019 2.1336 2.0389 58.2267 1.7723 0.7002
Car -1 -1 -0.7776 0.0000 182.5082 53.1210 218.0999 1.7087 1.6920 4.0895 -31.8335 2.2445 37.9001 -1.4762 0.5686
Car -1 -1 -3.4109 978.9818 179.5574 1079.4287 212.1585 1.4909 1.5998 3.8991 20.0816 1.8262 34.7798 -2.8872 0.5299
Car -1 -1 1.5142 510.4442 177.9147 543.3892 206.3126 1.4770 1.6011 3.9163 -4.7200 1.7747 40.3275 1.3977 0.4932
Car -1 -1 -3.6654 1148.9917 150.0388 1241.0000 186.9343 1.7316 1.6473 3.8478 28.7042 0.6612 34.9862 -2.9783 -0.0670
Car -1 -1 1.9218 115.7779 183.6794 192.4562 221.0097 1.5292 1.6428 4.1323 -20.7869 2.0579 33.0188 1.3600 -0.8811
Car -1 -1 1.7893 603.3489 180.3811 631.5174 198.8159 1.4936 1.5792 4.1415 0.6575 2.1683 62.4461 1.7998 -0.9456
Car -1 -1 -0.4513 436.4723 177.8676 486.5548 197.1984 1.7470 1.6776 4.3424 -14.0360 2.2353 68.2246 -0.6542 -1.7976
