Car -1 -1 -3.4967 990.7695 169.1290 1104.0645 203.0030 1.4675 1.5976 4.0487 19.5222 1.3065 32.4164 -2.9546 8.2705
Car -1 -1 1.6164 587.7739 176.9523 606.2060 192.8966 1.4708 1.6034 3.8490 -1.2463 1.8770 69.5016 1.5985 0.8324
Car -1 -1 2.3289 0.0000 193.1355 129.3339 310.5711 1.4792 1.5640 3.5055 -9.7293 1.8533 11.4990 1.6267 0.6515
Car -1 -1 -0.6371 172.6360 175.6881 288.3395 216.6298 1.4672 1.5672 3.8191 -14.7660 1.5864 28.1996 -1.1195 -0.1335
Car -1 -1 -2.6455 208.1379 188.2178 280.7001 211.3492 1.4773 1.6229 4.0288 -24.3618 2.5202 48.0943 -3.1143 -0.9233
Car -1 -1 1.8444 379.3357 187.2832 408.1491 204.7613 1.4727 1.5578 3.7751 -19.7138 2.8276 65.8330 1.5534 -1.0329
Car -1 -1 1.9315 278.1909 147.4347 318.0341 167.7187 1.4693 1.5961 3.6840 -23.7883 -0.4051 55.0897 1.5238 -1.0611
Car -1 -1 1.6332 576.8084 179.0777 597.9872 198.1572 1.5702 1.6021 3.8395 -1.9546 2.1273 62.5913 1.6019 -1.1786
Car -1 -1 -1.5657 596.3618 176.5157 624.9020 203.4364 1.5052 1.6161 3.7398 0.0108 1.7319 42.7253 -1.5654 -1.2993
Car -1 -1 1.6608 554.9821 173.4757 574.5628 189.3509 1.4923 1.5462 3.9813 -4.3779 1.5547 69.9936 1.5983 -1.9231
