Car -1 -1 -8.0617 546.7565 180.9281 642.9615 250.2287 1.5067 1.6748 3.5956 -0.5340 1.7305 18.0848 -8.0917 7.2656
Car -1 -1 -8.0007 524.7529 177.9931 586.4383 231.2100 1.6283 1.5797 3.3337 -1.9359 1.8134 24.2267 -8.0803 6.8544
Car -1 -1 -7.7942 328.5019 181.2957 384.2800 231.5418 1.6319 1.6679 4.1144 -9.2337 1.9661 26.3821 -8.1282 6.3658
Car -1 -1 -8.0387 500.9293 180.2285 557.5538 223.3269 1.5548 1.5888 3.5985 -3.3099 1.8674 28.6526 -8.1533 6.0383
Car -1 -1 -7.8963 482.8910 179.6883 513.2898 207.3438 1.4763 1.5656 3.6263 -6.4928 1.8865 41.4037 -8.0513 4.6774
Car -1 -1 -7.8645 457.2258 176.8478 477.1598 196.3685 1.7037 1.7332 3.5831 -13.0426 2.0777 65.6948 -8.0601 2.3065
Car -1 -1 -4.4945 0.0000 169.5586 310.2367 374.0000 1.8165 1.7902 4.6953 -4.5395 1.7918 7.8517 -5.0048 1.0941
Cyclist -1 -1 -4.3996 680.3985 168.4603 700.7558 204.7229 1.8074 0.5810 1.5683 4.0780 1.5881 36.7967 -4.2906 -0.1082
Car -1 -1 -8.1477 617.1693 173.7185 688.0858 220.4238 1.5389 1.5356 3.5881 1.3994 1.5718 25.7706 -8.0947 -0.6786
Pedestrian -1 -1 -6.9524 1167.4584 148.6099 1208.6101 236.0143 1.7991 0.5431 0.4260 12.0562 1.2998 15.1250 -6.2892 -1.7332
Car -1 -1 -7.4959 351.9394 182.2930 413.9137 215.7781 1.5515 1.6432 4.1846 -11.5240 2.0602 36.7706 -7.7980 -1.8440
