Car -1 -1 -7.7115 438.7267 176.9310 523.5195 245.3470 1.6351 1.6956 3.9360 -3.4114 1.7560 19.4733 -7.8834 8.3538
Car -1 -1 -8.1468 759.1097 180.0806 982.5333 324.7584 1.4988 1.6358 3.7416 3.1020 1.6129 9.5425 -7.8427 7.9592
Car -1 -1 -8.0507 711.2079 173.2675 815.0018 256.8524 1.6235 1.5524 3.2568 3.1537 1.6331 15.6615 -7.8565 6.8669
Car -1 -1 -8.0532 672.8814 176.1716 755.2018 237.3753 1.5575 1.5984 3.5446 2.7910 1.6592 20.3795 -7.9198 6.1710
Car -1 -1 -7.9001 646.1059 175.9694 684.4023 209.1315 1.4423 1.5968 3.5137 2.4760 1.5943 33.4930 -7.8275 4.9695
Car -1 -1 -7.7274 493.3394 170.8252 554.4929 219.9020 1.7996 1.8633 4.4270 -3.3730 1.7249 28.6804 -7.8440 1.8673
Car -1 -1 -7.8618 619.6628 170.7810 641.9194 193.0307 1.7529 1.7533 3.9779 1.6499 1.5893 58.8513 -7.8343 1.4055
Pedestrian -1 -1 -5.2491 1055.7344 154.5719 1110.0522 247.9762 1.6275 0.5384 0.6767 8.3994 1.3087 12.9185 -4.6833 -0.3911
Pedestrian -1 -1 -6.7442 1203.3700 145.4849 1241.0000 267.2951 1.6693 0.5421 0.5012 8.7861 1.2940 10.2102 -6.0481 -1.6529
Car -1 -1 -8.0937 599.1240 174.7437 627.8680 193.3148 1.5988 1.6474 4.0946 0.2553 1.7738 64.7462 -8.0901 -1.7415
Car -1 -1 -2.4597 295.5200 181.9432 412.8065 230.2124 1.4570 1.6194 3.3455 -8.4007 1.7707 23.6037 -2.7985 -1.9533
