Car -1 -1 -8.0816 686.6483 182.0347 818.6489 273.7473 1.4913 1.6646 3.6342 2.5447 1.6923 13.9624 -7.9061 7.5766
Car -1 -1 -8.0353 630.5120 180.1690 695.5610 229.7169 1.5459 1.6010 3.5679 1.7095 1.8172 24.9262 -7.9685 6.5685
Car -1 -1 -7.7525 439.7714 180.8698 506.6283 237.0594 1.6361 1.7425 4.1137 -4.4497 1.9231 23.7363 -7.9365 6.4558
Car -1 -1 -7.9973 660.7156 178.5645 734.8687 242.3328 1.6147 1.5831 3.2757 2.3288 1.7877 20.2296 -7.8852 6.1351
Car -1 -1 -7.8785 611.6319 178.8981 644.3651 210.0818 1.5366 1.6254 3.4590 0.8687 1.8688 37.9572 -7.8564 4.4766
Car -1 -1 -7.7217 475.2995 176.0350 529.8990 218.4587 1.7764 1.8695 4.5457 -4.8440 1.9310 32.8408 -7.8676 1.0994
Car -1 -1 -7.9240 585.4479 174.0345 608.4489 196.4794 1.8967 1.7233 4.1865 -1.2016 2.0035 63.3609 -7.9433 0.3855
Pedestrian -1 -1 -3.4570 868.7111 158.9890 881.2280 201.6011 1.8694 0.5188 0.3753 11.6766 1.2608 31.9190 -3.1097 -0.0665
Car -1 -1 -4.0531 0.0000 185.0828 77.1200 318.5589 1.5467 1.6684 4.0992 -10.2915 1.7664 10.8629 -4.7993 -1.5031
Pedestrian -1 -1 -8.2807 735.7488 178.3810 758.6635 227.8372 1.6884 0.5948 0.5771 4.7157 1.8827 25.0624 -8.0976 -1.7674
Car -1 -1 -4.4617 577.5820 177.7803 604.5247 194.6026 1.5272 1.5993 4.1463 -1.7972 2.0129 68.9898 -4.4881 -2.0820
