Cyclist -1 -1 -8.0381 1217.4202 149.7626 1241.0000 214.4702 1.6856 0.4463 1.7515 16.9968 1.0838 19.6663 -7.3329 0.6729
Cyclist -1 -1 -4.8507 701.1602 170.1246 717.3686 208.5364 2.0651 0.6084 2.0058 5.4258 1.9181 39.7966 -4.7167 0.4707
Cyclist -1 -1 -4.6048 693.8625 174.6232 708.4644 212.0971 1.8811 0.5484 1.9544 4.6861 1.9748 37.3298 -4.4815 0.4360
Pedestrian -1 -1 -6.1038 350.5264 180.3268 396.0421 261.4284 1.7612 0.6030 0.8705 -5.3206 1.9313 16.0927 -6.4189 0.2225
Car -1 -1 -4.7131 836.2403 175.8124 860.1702 197.3139 1.5081 1.6199 3.9351 17.5591 1.7351 53.3153 -4.3970 -0.1209
Car -1 -1 -4.1347 857.1570 177.5849 916.1715 202.2239 1.4903 1.6364 3.9602 17.6910 1.8048 46.1728 -3.7713 -0.9910
Cyclist -1 -1 -4.6410 96.4727 191.4012 131.5996 262.8094 1.6368 0.6026 1.4386 -12.2086 2.1117 17.7139 -5.2376 -1.1274
Cyclist -1 -1 -4.5720 673.6727 176.5202 692.6445 218.1752 1.8292 0.6082 1.8753 3.2988 2.0008 32.8413 -4.4735 -1.2179
Cyclist -1 -1 -4.8292 579.5473 167.8098 597.3035 213.5190 1.9036 0.5751 1.5805 -0.9755 1.6932 30.8726 -4.8611 -1.2462
Pedestrian -1 -1 -8.2349 321.8776 170.0442 347.8889 238.9446 1.7942 0.4944 0.5009 -7.3492 1.7208 19.1412 -8.5974 -1.5859
Pedestrian -1 -1 -5.2602 1101.0326 134.2649 1169.7056 237.3968 1.9954 0.6691 1.0304 10.4769 1.2485 14.4972 -4.6443 -1.7674
