Car -1 -1 -7.7343 508.9676 177.2048 560.8167 220.7462 1.6423 1.6389 4.1372 -3.0633 1.8338 29.7143 -7.8367 7.2551
Car -1 -1 -8.0714 717.0661 178.1600 896.3384 306.2769 1.5389 1.6192 4.2595 2.6733 1.6352 10.9853 -7.8400 6.8461
Car -1 -1 -8.0535 688.4448 179.5688 792.9363 255.6537 1.5006 1.6066 3.5773 2.7849 1.6695 16.3667 -7.8889 6.7178
Car -1 -1 -7.9922 666.7862 177.7556 740.2120 233.2506 1.5204 1.6297 4.3599 2.7377 1.6869 22.3511 -7.8727 6.4197
Car -1 -1 -7.8110 649.1497 177.1303 681.8793 208.8205 1.5949 1.6034 3.5997 2.9777 1.8351 38.7034 -7.7354 3.3851
Car -1 -1 -8.2673 798.5735 76.9818 1241.0000 374.0000 2.0858 1.8389 4.4923 2.8190 1.6544 5.5219 -7.8180 2.5791
Car -1 -1 -7.7318 632.8846 176.1245 662.7743 201.3291 1.6282 1.5810 3.8541 2.5825 1.8600 49.1742 -7.6801 1.5840
Car -1 -1 -3.0921 503.9612 172.7655 558.4816 194.9836 1.7066 1.6429 4.1584 -6.1461 1.6995 56.3642 -3.2006 0.5988
Car -1 -1 -7.9644 659.4969 177.1366 711.3930 216.6832 1.5401 1.7223 4.1336 3.0849 1.7339 30.6267 -7.8656 0.1987
Car -1 -1 -4.8156 773.6727 172.1386 816.1055 204.4086 1.4964 1.6119 3.8541 8.9920 1.4630 35.4816 -4.5698 -0.0112
Pedestrian -1 -1 -6.9335 712.2388 170.4248 731.6834 204.5176 1.8028 0.6727 0.7806 5.9551 1.6740 38.6357 -6.7822 -0.5966
Car -1 -1 -4.7444 530.3476 181.1230 562.5250 210.2564 1.4736 1.6294 3.8565 -3.5715 1.9508 39.6515 -4.8342 -0.7030
Car -1 -1 -4.7433 782.6679 181.7715 834.5148 229.4933 1.4143 1.5230 3.6595 6.5071 1.7357 24.0697 -4.4830 -1.1522
Pedestrian -1 -1 -6.3885 487.0733 175.8878 499.9535 207.1452 1.7893 0.6955 0.6669 -6.7886 1.9666 41.8090 -6.5489 -1.8068
