Car -1 -1 -4.5950 531.0491 179.7317 571.0461 211.4274 1.5634 1.6765 3.9313 -3.1267 1.9487 38.4513 -4.6762 6.9744
Car -1 -1 -4.9238 711.2393 167.1129 817.7812 250.9093 1.7390 1.5901 4.0064 3.4393 1.6195 16.9891 -4.7283 5.9336
Car -1 -1 -7.9231 674.4067 172.6619 717.6222 211.8943 1.6608 1.6474 3.9383 3.7777 1.6523 32.5478 -7.8091 4.7129
Car -1 -1 -7.6664 579.3795 175.2778 616.0552 203.6743 1.8333 1.7427 4.2433 -0.8203 2.0058 49.2030 -7.6835 4.6143
Car -1 -1 -7.6766 556.9966 179.2996 591.3445 204.0339 1.5805 1.6684 3.9820 -2.4342 2.0389 49.2702 -7.7262 1.0658
Car -1 -1 -5.4619 1025.7831 0.0000 1241.0000 374.0000 1.8821 1.6088 3.7359 3.0153 1.5648 2.3375 -4.6103 0.7031
Cyclist -1 -1 -2.9169 698.1862 173.0419 726.6052 202.2143 1.9179 0.7305 1.7577 6.7936 1.9303 48.0983 -2.7779 -0.4314
Car -1 -1 -6.4556 523.7972 181.8365 590.2451 206.7967 1.4752 1.6584 3.8905 -3.3427 2.0492 44.8460 -6.5300 -1.4021
Pedestrian -1 -1 -4.0537 110.6911 219.7229 146.7184 282.7283 1.0279 0.3449 0.3873 -8.2444 1.8389 12.2844 -4.6351 -2.0247
Car -1 -1 -4.4741 658.7200 179.1260 702.3589 206.0114 1.5442 1.7588 4.1992 4.3937 1.9528 44.7744 -4.3775 -2.1405
