Car -1 -1 -7.7285 770.0496 170.5473 871.1268 253.7942 1.4960 1.5917 3.4796 4.3796 1.4543 14.8794 -7.4483 7.9104
Car -1 -1 -4.2607 90.0939 184.3087 424.3653 374.0000 1.5678 1.6559 3.7955 -3.4757 1.7232 7.8713 -4.6651 7.8176
Car -1 -1 -7.6536 504.3013 168.4164 605.9810 244.3521 1.7278 1.7611 4.4705 -1.3280 1.6266 18.7482 -7.7242 7.2284
Car -1 -1 -7.3524 811.6633 167.2505 954.6738 229.5414 1.5078 1.6966 4.4792 7.4400 1.3718 19.5698 -6.9946 6.6453
Car -1 -1 -4.4432 388.0498 178.7752 489.7695 241.1470 1.4522 1.6007 4.0448 -4.4737 1.6267 19.2448 -4.6692 6.4290
Car -1 -1 -8.7482 1030.0471 16.0380 1241.0000 374.0000 1.6021 1.6686 3.9375 3.2888 1.5199 2.3466 -7.8552 1.4504
Pedestrian -1 -1 -4.7055 992.9119 167.1049 1017.6467 233.8203 1.4241 0.4663 0.4773 8.5576 1.3011 15.7226 -4.2153 -0.2125
Car -1 -1 -4.5079 588.1100 171.5680 625.1417 195.8647 1.6037 1.7119 4.3783 -0.2145 1.5185 49.9405 -4.5125 -0.5722
Car -1 -1 -4.4350 568.7692 167.1071 600.5031 187.2373 1.5774 1.5977 3.7966 -2.0491 1.1268 58.5739 -4.4701 -0.9649
Pedestrian -1 -1 -4.2916 171.9408 165.3015 202.0749 227.6817 1.8722 0.6448 0.4928 -12.9015 1.6452 21.9341 -4.8182 -1.2945
Car -1 -1 -4.8711 466.5484 168.3838 493.8129 188.3962 1.5888 1.6208 3.8218 -10.7340 1.2336 59.3547 -5.0494 -1.3710
