Car -1 -1 -8.0793 936.1741 187.7357 1241.0000 374.0000 1.4649 1.5721 3.5601 3.3555 1.6119 5.2050 -7.5332 7.1603
Car -1 -1 -7.6371 914.1365 178.7060 1119.2053 318.1388 1.5090 1.6978 3.9647 5.7280 1.6066 10.0290 -7.1316 6.0764
Car -1 -1 -7.5202 206.5269 169.4702 501.5787 374.0000 1.7680 1.7431 4.3878 -2.6093 1.7386 8.4378 -7.8125 6.0642
Car -1 -1 -4.2385 0.0000 190.6221 269.5398 364.7351 1.4616 1.5958 4.1122 -5.7156 1.7258 8.6150 -4.8105 5.7640
Car -1 -1 -5.0157 343.0273 188.6453 400.5293 223.7137 1.3879 1.4616 3.4360 -10.6527 2.1283 32.0193 -5.3349 -0.3826
Car -1 -1 -2.5007 449.1671 173.1307 521.8528 199.0337 1.5898 1.7205 4.4238 -7.9980 1.6078 46.0903 -2.6719 -1.1816
Cyclist -1 -1 -2.9707 442.2298 176.5664 481.8822 215.8351 1.7829 0.6805 1.6964 -6.8381 1.9553 33.1951 -3.1728 -1.2205
Car -1 -1 -7.0633 420.3967 182.3605 508.8788 215.9425 1.4735 1.6322 4.3325 -7.0475 1.9665 35.1871 -7.2600 -1.5174
Car -1 -1 -4.5714 337.0104 181.1837 373.9318 208.6973 1.4614 1.5118 3.5111 -14.5673 1.9598 41.3263 -4.9086 -1.8873
Car -1 -1 -8.2260 469.7599 175.7001 521.0208 203.4931 1.5250 1.6339 3.9299 -6.7741 1.6992 42.1311 -8.3848 -1.9864
