Car -1 -1 -4.3744 282.6541 181.2014 470.1242 301.0581 1.5497 1.6479 3.6970 -3.5352 1.7039 11.4748 -4.6676 7.8336
Car -1 -1 -7.6541 733.1248 170.9984 820.5778 234.6557 1.4645 1.5506 3.3768 4.2913 1.4215 18.4579 -7.4299 7.4509
Car -1 -1 -7.3152 777.6679 167.3853 896.8648 220.3224 1.5490 1.7214 4.2575 7.3155 1.3886 23.1739 -7.0136 7.1706
Car -1 -1 -7.6580 522.1718 167.0075 604.0261 230.4608 1.7606 1.7080 4.2918 -1.3814 1.5981 22.2613 -7.7199 6.7431
Car -1 -1 -8.3242 848.3094 133.7110 1241.0000 374.0000 1.7453 1.6639 4.3020 3.3510 1.5473 5.8196 -7.8244 6.6252
Car -1 -1 -4.4801 422.7371 176.3283 506.3462 228.3645 1.4749 1.6726 4.1320 -4.5322 1.5946 22.8269 -4.6745 6.3431
Car -1 -1 -4.8709 486.7966 175.8854 520.9763 199.7639 1.4776 1.6046 3.9765 -7.0329 1.6851 47.3291 -5.0180 1.2380
Pedestrian -1 -1 -7.2028 1212.4789 168.7848 1241.0000 240.3671 1.7173 0.5565 0.4326 15.1278 1.6194 17.6288 -6.5023 -0.4021
Pedestrian -1 -1 -7.6800 1223.2659 159.4182 1241.0000 218.1337 1.7817 0.6092 0.6128 19.3905 1.3737 22.3243 -6.9716 -0.4516
Car -1 -1 -4.3595 588.1940 166.8946 627.6935 189.4297 1.6010 1.6340 4.0333 -0.1376 1.1773 53.4349 -4.3624 -1.4703
