Car -1 -1 -7.9901 798.3664 185.4913 864.1415 233.0142 1.4945 1.6838 4.1442 7.8346 1.9881 26.0241 -7.7016 5.9415
Car -1 -1 -8.3670 1004.4764 196.1964 1241.0000 374.0000 1.5405 1.5590 3.7249 3.4343 1.7232 3.6804 -7.6565 3.8799
Pedestrian -1 -1 -7.7478 970.7786 166.8809 992.5713 213.6354 1.9216 0.7309 0.8365 15.5178 1.6758 30.2054 -7.2777 0.7374
Pedestrian -1 -1 -7.9240 1063.6564 180.1178 1084.7460 223.7894 1.6179 0.6232 0.6443 17.5152 1.8968 27.3055 -7.3591 0.3174
Pedestrian -1 -1 -8.2380 954.4718 172.6000 980.0699 222.4944 1.8288 0.6560 0.6429 13.2134 1.8192 26.7903 -7.7847 -0.2930
Cyclist -1 -1 -7.7091 1016.1332 169.7080 1037.8318 222.5103 1.7126 0.4028 1.6834 13.9405 1.6103 24.1904 -7.1920 -0.3109
Pedestrian -1 -1 -7.8777 1093.7996 154.2706 1119.4230 213.4692 1.8774 0.6651 0.4912 15.9601 1.2877 23.2685 -7.2827 -0.5313
Pedestrian -1 -1 -8.1272 1108.6342 165.5280 1128.3074 206.7487 1.8342 0.6095 0.4968 22.8143 1.5079 32.4409 -7.5189 -1.2566
Pedestrian -1 -1 -6.2955 1045.7303 162.9547 1071.9240 217.3158 1.8144 0.6831 0.7434 15.2253 1.4837 24.5663 -5.7464 -1.2918
Pedestrian -1 -1 -4.1058 1132.9564 160.9581 1151.7196 203.6580 1.8762 0.5462 0.3881 23.5821 1.3532 32.0246 -3.4757 -1.7014
Pedestrian -1 -1 -3.7177 1229.8545 150.3886 1241.0000 202.9080 1.9581 0.4772 0.2889 23.6153 1.1202 27.1568 -3.0075 -1.8200
