Car -1 -1 -4.3780 266.7506 180.9562 435.1212 271.9565 1.4305 1.6614 4.3376 -4.7937 1.6107 13.9046 -4.7048 7.4224
Car -1 -1 -7.6228 438.0073 163.8606 590.1387 279.5361 1.7755 1.7612 4.5332 -1.6120 1.6371 13.4262 -7.7410 7.1396
Car -1 -1 -7.8494 849.2594 172.2650 1005.9663 310.3032 1.4794 1.5984 3.4633 4.1177 1.4728 9.6388 -7.4575 6.5486
Car -1 -1 -7.4742 873.5043 166.9079 1049.1019 256.7968 1.5273 1.6910 4.2799 7.0249 1.4260 14.3313 -7.0272 5.5524
Car -1 -1 -3.8856 0.0000 191.8413 197.6002 374.0000 1.6254 1.6098 3.7212 -3.4638 1.7470 2.7518 -4.7382 3.5313
Car -1 -1 -2.3171 0.0000 186.3668 166.7889 330.5576 1.4587 1.6469 3.9219 -7.7007 1.6371 8.5154 -3.0369 -0.0345
Car -1 -1 -6.7949 494.7447 184.4904 589.0892 221.6274 1.4026 1.5267 3.6144 -2.8433 1.9120 29.9466 -6.8893 -0.9489
Pedestrian -1 -1 -4.0482 116.2302 205.4031 171.8736 311.4545 1.2516 0.3981 0.4246 -5.7891 1.6626 8.8882 -4.6123 -1.1084
Pedestrian -1 -1 -8.0557 112.8753 180.0235 145.6481 254.3483 1.5461 0.4801 0.5811 -10.3521 1.7031 15.4571 -8.6381 -1.5128
Cyclist -1 -1 -5.7006 574.4008 167.1413 608.6423 201.1199 1.7548 0.6353 1.7388 -1.0164 1.4595 37.9917 -5.7276 -1.7477
Car -1 -1 -7.3722 440.4387 168.2419 481.3944 189.1022 1.6503 1.6449 3.9561 -12.2127 1.2852 59.2118 -7.5750 -2.0444
