Car -1 -1 -7.7811 938.3443 177.1255 1030.6136 258.3507 1.6289 1.6578 3.5693 8.6499 1.7387 16.6316 -7.3094 5.4179
Car -1 -1 -4.5400 838.7061 177.9587 888.8398 209.9899 1.4850 1.6874 4.3231 12.8432 1.7591 36.4836 -4.2046 2.6006
Car -1 -1 -4.4699 893.7191 177.0192 933.1783 200.0731 1.5311 1.6563 4.0068 21.3568 1.8361 50.7836 -4.0743 1.9135
Car -1 -1 -4.5628 953.2851 185.9625 1033.5010 243.3198 1.3857 1.4900 3.5419 10.7145 1.7855 20.1548 -4.0809 0.7624
Pedestrian -1 -1 -3.6791 881.2303 172.2217 894.8116 193.2443 1.8312 0.4858 1.0022 24.3173 1.7758 63.1748 -3.3136 0.0507
Pedestrian -1 -1 -8.2128 1056.8182 173.5659 1073.8981 206.0510 1.7596 0.5398 0.8068 24.9172 1.7987 39.5513 -7.6544 -0.4566
Car -1 -1 -4.6795 920.1595 174.7496 940.8151 193.2947 1.5996 1.5782 3.7899 28.7376 1.7747 64.7062 -4.2635 -0.9214
Car -1 -1 -5.0757 971.9115 175.3083 1031.9258 203.9584 1.5917 1.6538 4.3807 23.0927 1.7446 42.7554 -4.5838 -0.9611
Car -1 -1 -6.5454 1006.9064 177.1362 1090.1769 205.6421 1.5315 1.6417 3.6847 24.4727 1.7790 40.4498 -6.0049 -2.0220
Pedestrian -1 -1 -4.8122 541.0250 195.6943 558.5006 244.6192 1.0763 0.3514 0.4381 -1.4196 1.6015 16.3524 -4.8983 -2.1319
