Car -1 -1 -8.1370 840.4747 183.5335 1214.7716 374.0000 1.6015 1.6571 3.4773 3.0774 1.7209 6.2448 -7.6991 7.4333
Car -1 -1 -4.5787 556.7458 180.4086 619.7089 227.4467 1.5112 1.7271 4.1950 -0.7454 1.8065 26.0566 -4.6078 6.1663
Car -1 -1 -4.7490 727.2244 178.6305 765.8757 214.5768 1.6409 1.7145 3.8804 6.6492 1.9422 35.6378 -4.5667 5.4628
Car -1 -1 -4.5878 615.8876 180.9851 653.9283 208.1883 1.4849 1.7513 4.2715 1.4996 1.9942 42.9760 -4.5537 4.0694
Car -1 -1 -7.8772 812.8028 190.0702 934.7260 302.7922 1.4434 1.6038 3.7265 4.1763 1.7746 11.8741 -7.5479 2.6041
Car -1 -1 -7.9350 717.5513 181.0779 751.1879 209.0819 1.5385 1.6447 3.8406 7.2933 2.0485 42.7898 -7.7679 1.8815
Pedestrian -1 -1 -7.9216 821.0414 172.9196 836.4167 217.9020 1.8366 0.5559 0.7550 9.0128 1.8391 29.8910 -7.6321 -0.2162
Cyclist -1 -1 -4.8593 831.4167 177.0253 850.3234 222.6989 1.6543 0.4427 1.5628 8.6113 1.8153 27.0884 -4.5553 -0.6211
Car -1 -1 -8.1715 856.7813 182.4136 957.1465 238.6701 1.4889 1.6150 3.9215 8.7770 1.8037 21.7834 -7.7939 -1.0965
Car -1 -1 -4.8800 632.4843 180.2581 659.1443 201.6204 1.6237 1.5769 3.4431 2.8170 2.2360 57.8949 -4.8321 -1.0979
Pedestrian -1 -1 -7.9043 541.2318 172.0332 555.3737 207.1228 1.8783 0.7248 0.7435 -3.3798 1.8341 39.0414 -7.9906 -1.1460
Cyclist -1 -1 -4.8176 804.6366 177.7087 821.5876 215.3856 1.6931 0.5600 1.8541 9.4146 1.9256 33.6326 -4.5476 -1.3836
Car -1 -1 -4.8940 757.6229 174.9645 789.2426 200.6511 1.8696 1.6812 3.7299 12.3253 2.0349 54.7250 -4.6741 -1.8671
Car -1 -1 -6.7198 790.1794 173.5668 855.7229 200.3320 1.7375 1.6926 3.8272 14.1169 1.7858 48.0272 -6.4360 -1.9483
