Car -1 -1 -7.9412 813.3803 178.3472 943.2609 297.4276 1.6084 1.6136 3.2678 4.1320 1.7107 11.6902 -7.6105 7.3982
Car -1 -1 -4.5717 641.2862 180.6851 692.4139 219.6671 1.5594 1.7100 4.0181 2.5314 1.9283 31.8722 -4.4939 6.6264
Car -1 -1 -4.7397 787.2811 178.6250 820.6318 210.1628 1.6455 1.6830 3.8980 10.8017 1.9859 40.5024 -4.4814 2.9404
Car -1 -1 -4.5584 690.8105 181.4021 725.1953 205.4009 1.4741 1.6485 4.2697 6.5608 2.0722 48.2262 -4.4245 2.5130
Car -1 -1 -6.3906 814.8216 186.0051 986.5660 260.0991 1.4742 1.5647 3.3536 6.2370 1.7864 15.9609 -6.0252 0.1879
Car -1 -1 -4.7705 707.6699 178.2949 729.2250 196.9613 1.5559 1.6277 4.1558 9.4936 2.0508 63.5326 -4.6233 -0.7482
Pedestrian -1 -1 -5.9160 912.9577 186.2807 939.0339 241.1572 1.5048 0.4668 0.5432 8.8477 1.8892 20.3171 -5.5113 -0.9928
Pedestrian -1 -1 -4.0173 137.5954 215.3179 191.4285 313.8112 1.1183 0.3427 0.4451 -5.3906 1.6416 8.6504 -4.5613 -1.1393
Cyclist -1 -1 -4.8526 856.4182 178.5708 872.3986 213.3609 1.7965 0.5779 1.5893 13.4808 2.1069 38.3696 -4.5177 -1.1463
Car -1 -1 -4.8645 852.4683 166.9542 898.1069 203.0291 1.8788 1.7128 4.2851 14.5403 1.5712 39.8451 -4.5173 -1.1931
Car -1 -1 -4.7320 783.2902 179.4662 809.8884 204.6417 1.5431 1.5999 3.9251 12.1906 1.9965 47.4186 -4.4824 -1.3959
Car -1 -1 -4.8546 848.1422 173.8344 879.7645 195.3112 1.5199 1.6292 4.0976 18.7279 1.5952 53.4290 -4.5195 -1.4182
Car -1 -1 -4.6649 663.0184 171.8040 684.2844 191.9160 1.6846 1.6602 3.7725 5.5079 1.5963 62.4158 -4.5777 -1.4477
Car -1 -1 -4.7256 834.5442 174.0145 859.6445 197.1568 1.5652 1.6228 4.0825 16.7584 1.6508 51.2101 -4.4114 -1.9726
Pedestrian -1 -1 -3.2577 905.2286 172.4759 916.7250 227.0764 1.8411 0.4801 0.3050 10.2132 1.8281 24.6025 -2.8691 -1.9909
Car -1 -1 -8.0426 824.2682 169.8865 861.3877 195.5406 1.6453 1.6516 3.8767 15.5000 1.4547 48.2973 -7.7342 -2.0923
