Car -1 -1 -8.0600 816.1869 180.5232 1072.7771 374.0000 1.6265 1.6389 3.5150 3.1996 1.7284 7.7437 -7.6829 6.4756
Car -1 -1 -4.5702 570.7733 181.5169 632.7375 225.4081 1.4875 1.7748 4.3211 -0.2738 1.8458 27.6037 -4.5807 5.7647
Car -1 -1 -4.7824 733.2958 178.4435 772.2899 213.1875 1.6591 1.6814 3.8977 7.2567 1.9623 37.1459 -4.5915 5.1170
Car -1 -1 -4.5918 626.0338 181.0429 664.1420 208.6431 1.5611 1.8430 4.3209 2.1788 2.0912 44.4510 -4.5437 2.8725
Car -1 -1 -7.8787 798.9027 188.3162 904.4518 288.6758 1.4831 1.5994 3.8476 4.3201 1.8137 13.3708 -7.5737 2.5036
Car -1 -1 -7.9728 726.1250 181.4360 760.4572 208.8371 1.5561 1.6150 3.7567 8.0664 2.1032 44.1041 -7.7936 2.2397
Cyclist -1 -1 -4.7389 812.2773 179.0239 824.9958 215.3182 1.7015 0.5384 1.7857 10.0929 2.0091 35.0741 -4.4615 1.0242
Car -1 -1 -4.5046 647.5891 179.6825 674.5005 200.5162 1.6261 1.5256 3.5079 4.2080 2.2065 59.4570 -4.4348 0.1347
Pedestrian -1 -1 -3.5917 1220.6605 142.3364 1241.0000 214.0243 1.7679 0.5371 0.3938 15.6558 1.0150 18.1039 -2.8868 -1.0153
Car -1 -1 -8.4160 782.7919 172.8447 832.8883 198.3905 1.6901 1.6102 3.6736 13.5509 1.6892 49.7296 -8.1519 -1.1464
