Car -1 -1 -8.0799 716.7709 184.7152 863.8065 287.3394 1.5248 1.6886 3.8364 3.0209 1.7712 13.0872 -7.8591 7.7236
Car -1 -1 -8.1838 783.4465 191.0791 1081.7855 374.0000 1.4808 1.6373 3.8247 3.0720 1.7287 7.8932 -7.8266 7.4611
Car -1 -1 -4.6501 491.2009 180.6070 543.5527 227.3947 1.4799 1.5943 3.6837 -3.2307 1.7722 25.3375 -4.7763 5.8743
Car -1 -1 -7.9731 654.8312 181.1977 701.6469 217.4629 1.4459 1.5775 3.8296 2.8840 1.8334 31.5968 -7.8836 4.9179
Car -1 -1 -4.6456 527.4089 180.1847 561.3722 209.9110 1.4401 1.5221 3.8598 -3.4361 1.8442 37.8626 -4.7360 4.0166
Car -1 -1 -4.5968 540.3986 177.0483 572.4859 203.8197 1.6141 1.6153 3.8110 -3.4104 1.8927 46.0472 -4.6708 3.2392
Car -1 -1 -4.8024 638.0219 179.3966 668.4188 205.3801 1.5696 1.5969 3.9826 2.7174 2.0103 46.6183 -4.7451 2.8366
Pedestrian -1 -1 -8.1705 1109.7001 141.9747 1147.7153 222.0094 1.8770 0.6115 0.4931 12.3385 1.1525 17.2470 -7.5578 -0.3724
Car -1 -1 -8.0799 667.8745 164.4876 772.4826 245.7161 2.0653 1.8920 4.8381 2.9638 1.8523 20.8380 -7.9415 -0.6226
Car -1 -1 -4.7486 560.6258 178.7117 583.2217 199.3900 1.4995 1.5852 4.0917 -2.9945 1.9679 55.6275 -4.8025 -0.7353
Pedestrian -1 -1 -8.0806 1026.2219 155.1657 1054.8131 211.8456 1.8129 0.6675 0.6440 13.9568 1.2468 23.4850 -7.5502 -1.0368
Pedestrian -1 -1 -3.4374 1012.8689 184.5885 1062.8464 303.4143 1.5991 0.4603 0.4791 5.8889 1.7666 10.0418 -2.9208 -1.7308
Car -1 -1 -7.6890 488.8453 164.8844 523.1245 197.1310 2.1530 1.7249 4.0113 -7.2210 1.6206 50.1997 -7.8314 -2.0622
