Car -1 -1 -8.0263 685.6436 186.2334 793.2723 264.8734 1.3913 1.5612 3.8115 2.5565 1.7108 15.3314 -7.8652 7.8090
Car -1 -1 -4.4958 377.9498 176.9402 499.5941 259.5077 1.4832 1.6409 3.9399 -3.4775 1.5798 15.1323 -4.7187 7.4017
Car -1 -1 -5.1326 754.8600 189.4652 1185.7988 374.0000 1.4485 1.6306 4.1310 2.5873 1.6465 6.5019 -4.7708 7.3353
Car -1 -1 -4.2088 0.0000 180.8836 356.0776 374.0000 1.5314 1.5664 3.5185 -3.4805 1.6155 5.8127 -4.7291 7.0068
Car -1 -1 -4.6267 485.2586 177.0606 537.9558 221.6728 1.4970 1.5961 3.7895 -3.5902 1.6625 26.5075 -4.7606 5.9537
Car -1 -1 -4.8610 650.0146 181.7142 711.3567 225.7070 1.3917 1.5728 3.9834 2.3865 1.7317 25.6783 -4.7701 5.6841
Car -1 -1 -7.9616 641.3279 179.6646 685.4412 214.1339 1.3961 1.5505 3.4935 2.2502 1.7118 31.7012 -7.8920 4.7712
Car -1 -1 -4.8068 634.4554 176.3731 673.8160 208.1161 1.5051 1.6265 3.7805 2.1456 1.6925 36.5571 -4.7492 3.9597
Pedestrian -1 -1 -2.9529 857.7437 166.6116 879.2807 202.9519 1.8197 0.5923 0.9362 13.0814 1.5068 36.6220 -2.6127 -0.9101
Car -1 -1 -4.1618 637.4645 171.9989 685.1003 193.7205 1.5939 1.6588 4.2458 3.9325 1.5308 55.1532 -4.0914 -1.9423
