Car -1 -1 -7.9733 679.8470 181.7054 745.7574 232.2189 1.4779 1.6827 3.6342 3.2282 1.7892 23.5796 -7.8397 6.7270
Car -1 -1 -7.9833 666.2977 179.8098 718.3913 220.8818 1.4976 1.5719 3.8001 3.1828 1.7941 28.8746 -7.8753 4.9709
Car -1 -1 -5.3840 906.9158 213.2561 1241.0000 374.0000 1.3405 1.5760 3.9685 3.0560 1.6547 3.6242 -4.7238 4.4445
Car -1 -1 -4.2317 0.0000 194.3196 426.5901 374.0000 1.3802 1.6979 3.9159 -2.9941 1.6181 6.0167 -4.6771 3.0752
Car -1 -1 -4.7808 538.9903 176.4723 572.6937 206.8831 1.6285 1.6429 3.9634 -3.1733 1.8452 41.2119 -4.8577 2.6442
Car -1 -1 -8.0211 640.5154 176.9286 675.6157 201.6892 1.5339 1.6287 4.1469 3.0865 1.8143 47.5523 -7.9572 -0.3890
Cyclist -1 -1 -7.6355 646.9406 176.1523 660.1552 208.7272 1.6733 0.3550 1.6293 2.2652 1.8508 38.0645 -7.5771 -0.9023
Car -1 -1 -5.1000 977.7109 183.8386 1208.9368 303.0766 1.4855 1.6173 3.7572 7.2240 1.6881 11.3422 -4.5455 -1.1091
Car -1 -1 -4.8904 562.5023 176.7864 588.3422 195.0518 1.4931 1.5549 3.8314 -3.0212 1.8413 61.9040 -4.9393 -1.3177
Car -1 -1 -4.9460 617.4783 177.6301 645.8664 196.3294 1.5345 1.5985 3.8337 1.8132 1.9601 62.2934 -4.9175 -1.3698
Pedestrian -1 -1 -7.4086 770.8357 177.2023 792.8455 226.2104 1.7019 0.5926 0.5186 6.0299 1.8577 25.5134 -7.1798 -1.9175
