Car -1 -1 -4.9333 682.0776 182.7860 806.5450 267.2257 1.4731 1.6675 3.9440 2.5877 1.7081 15.0768 -4.7676 8.7075
Car -1 -1 -4.4819 366.2363 175.6881 492.2129 266.1389 1.5651 1.6235 3.6405 -3.5078 1.6286 14.4235 -4.7171 7.3135
Car -1 -1 -4.5840 471.4213 175.1089 535.7626 225.8403 1.5184 1.6006 3.8965 -3.4598 1.5984 23.7299 -4.7278 5.8567
Car -1 -1 -7.9572 660.2846 182.7823 720.4000 229.9811 1.3912 1.5697 3.8553 2.5452 1.7477 24.0059 -7.8536 5.1599
Car -1 -1 -4.2291 0.0000 199.3587 381.6280 374.0000 1.3218 1.5997 4.2508 -3.5785 1.6384 6.4966 -4.7162 5.1484
Car -1 -1 -7.9697 634.0836 179.1697 668.9747 205.8839 1.3995 1.5502 3.4620 2.2480 1.7685 40.4142 -7.9151 3.4557
Car -1 -1 -4.8562 637.9914 176.8107 685.1832 213.3055 1.6126 1.6623 4.0623 2.3559 1.8125 34.4236 -4.7891 2.8933
Car -1 -1 -4.6529 516.6691 175.9267 555.0568 209.5306 1.5298 1.6351 3.8542 -3.6019 1.6876 35.1667 -4.7547 2.2887
Cyclist -1 -1 -7.5340 796.2658 174.4594 819.0792 209.5414 1.6989 0.6110 1.6513 9.7969 1.7803 35.8774 -7.2701 0.2150
Pedestrian -1 -1 -3.6159 1222.6804 153.0200 1241.0000 234.6446 1.7460 0.4800 0.2947 13.5956 1.3214 15.7011 -2.9118 -0.8538
Car -1 -1 -4.5439 618.4057 173.9488 641.6740 190.2113 1.4894 1.6031 3.7309 1.9044 1.5958 68.3333 -4.5165 -1.1083
Car -1 -1 -4.0112 752.0743 178.9137 827.5255 209.4600 1.4308 1.5760 3.8468 9.0230 1.7499 36.2666 -3.7698 -1.5211
Cyclist -1 -1 -6.7963 1101.4453 158.3563 1241.0000 299.7960 1.7408 0.5755 1.6331 7.3027 1.5621 9.2777 -6.1454 -1.6003
