Car -1 -1 -4.8852 688.2939 187.1967 794.1090 259.9095 1.3945 1.6569 4.2347 2.8483 1.7704 16.8006 -4.7211 6.7079
Car -1 -1 -8.1264 722.2438 189.2327 893.4053 305.2318 1.4721 1.6185 3.6912 2.8981 1.7766 11.5575 -7.8880 6.5913
Car -1 -1 -4.4120 308.0887 184.9623 509.6357 306.4202 1.4592 1.7121 4.5772 -2.9385 1.6904 11.4651 -4.6583 6.5000
Car -1 -1 -5.2206 836.2408 184.9711 1241.0000 374.0000 1.5514 1.7147 4.1067 2.8837 1.6643 4.6802 -4.6974 5.2953
Car -1 -1 -4.5108 427.5589 178.4174 524.5132 252.2651 1.5703 1.5842 3.7075 -3.1769 1.7194 17.4972 -4.6885 5.1890
Car -1 -1 -4.6076 503.8372 178.9581 554.8300 223.0931 1.4773 1.4978 3.4427 -2.9314 1.7145 26.3539 -4.7179 4.9754
Car -1 -1 -4.8414 665.1110 181.1341 712.7922 217.4155 1.4024 1.4896 4.1335 3.2730 1.7809 30.9256 -4.7376 4.3081
Car -1 -1 -4.6294 532.0245 178.8408 572.1000 213.3362 1.4839 1.5564 3.6975 -2.6830 1.7772 33.5322 -4.7092 2.3982
Car -1 -1 -7.7983 651.6368 177.0306 677.0525 200.4835 1.5723 1.5961 3.6094 3.8352 1.8778 50.9388 -7.7240 2.3084
Car -1 -1 -8.2313 1022.0580 211.8993 1241.0000 354.6252 1.4171 1.6985 4.1554 7.6122 2.1101 10.5944 -7.6226 1.0288
Pedestrian -1 -1 -4.0754 1072.2607 188.4601 1099.7068 241.7937 1.6556 0.5216 0.5204 15.0753 2.1585 22.9299 -3.5005 -1.4981
Car -1 -1 -4.9655 623.8041 175.2729 657.2415 196.5735 1.5829 1.6284 4.0732 2.3105 1.7785 56.2731 -4.9251 -1.9054
