Car -1 -1 -4.5471 392.6669 176.7939 504.1130 263.0780 1.4831 1.5744 3.5882 -3.1370 1.5714 14.3980 -4.7586 7.7752
Car -1 -1 -8.0037 681.7394 180.1585 757.7070 235.6457 1.3993 1.5531 3.8544 2.9879 1.6275 20.6392 -7.8627 7.0284
Car -1 -1 -4.6154 491.1776 175.0774 545.4265 217.5184 1.4559 1.6222 4.1066 -3.4046 1.5453 27.0438 -4.7399 5.4186
Car -1 -1 -4.8123 648.7316 175.2587 688.6827 208.0692 1.5212 1.5725 3.9044 2.8116 1.6464 35.7098 -4.7349 5.4171
Car -1 -1 -4.6141 523.6306 171.1641 562.8614 205.7564 1.6028 1.5651 3.5676 -3.2508 1.5242 35.2209 -4.7059 5.0195
Car -1 -1 -8.8079 1000.1772 197.4517 1241.0000 374.0000 1.4983 1.5223 3.7290 3.1099 1.6441 2.3582 -7.9452 2.0286
Car -1 -1 -7.7152 543.5252 172.0792 579.1554 197.9908 1.5336 1.6622 4.0587 -3.0067 1.4874 44.7873 -7.7822 1.9276
Pedestrian -1 -1 -7.6417 338.4438 171.8380 359.8882 215.6518 1.7914 0.7183 0.6276 -10.8327 1.7495 29.8594 -7.9872 -1.3017
Car -1 -1 -4.5826 630.4240 174.3247 657.3327 195.2621 1.5358 1.5876 3.7536 2.5949 1.6521 55.1934 -4.5362 -1.7319
Car -1 -1 -4.9128 628.8386 173.0497 666.9231 199.1400 1.5518 1.6092 3.9398 2.2804 1.5643 45.0147 -4.8630 -1.9261
