Car -1 -1 -8.0304 706.4050 182.5896 822.0521 267.3835 1.4946 1.6690 3.6881 3.0048 1.7217 15.0018 -7.8375 7.6971
Car -1 -1 -8.0245 678.0583 180.1647 762.2294 240.9431 1.4997 1.6545 3.9247 2.9312 1.7249 20.2683 -7.8838 6.8784
Car -1 -1 -7.9591 644.1287 177.5170 681.8248 208.2692 1.5419 1.6139 3.7730 2.7522 1.8039 38.6711 -7.8891 4.0529
Car -1 -1 -4.6228 515.3146 177.9872 557.7338 213.3385 1.4743 1.5732 3.7397 -3.2981 1.7186 32.5143 -4.7236 3.3648
Car -1 -1 -4.8777 528.2504 178.0843 564.9012 202.7566 1.4316 1.6266 4.0146 -4.0278 1.7725 44.9244 -4.9670 1.3639
Car -1 -1 -7.9497 653.2460 162.3999 716.3392 225.5098 2.2259 1.9407 4.7425 2.7349 1.8569 27.8203 -7.8534 0.7834
Car -1 -1 -4.6246 547.8032 175.4461 573.6743 197.9192 1.5885 1.6001 3.5557 -3.6307 1.7858 53.2075 -4.6928 0.5857
Car -1 -1 -4.9234 625.5578 176.7802 656.6343 197.4508 1.4574 1.5368 3.8044 2.2446 1.7598 53.6376 -4.8822 -0.3333
Car -1 -1 -4.9637 556.6385 176.4316 586.3163 196.1672 1.6282 1.6180 3.9896 -3.3924 1.9482 62.4507 -5.0181 -0.8144
Pedestrian -1 -1 -7.9735 201.7784 174.2061 231.2137 241.2124 1.5416 0.5524 0.5160 -9.3161 1.5738 16.9853 -8.4689 -1.5303
Pedestrian -1 -1 -5.5867 121.9993 156.2137 159.2649 242.3537 1.8335 0.5488 0.4240 -10.2312 1.4790 15.6568 -6.1579 -2.1283
