Car -1 -1 -4.2829 69.5030 176.9596 407.3016 374.0000 1.5905 1.6162 3.6196 -3.4792 1.6430 7.4642 -4.7065 8.1284
Car -1 -1 -8.0321 676.6935 185.1518 773.9572 255.0556 1.3994 1.5717 3.7980 2.5465 1.7224 17.0457 -7.8872 7.8596
Car -1 -1 -5.0544 732.4241 185.5639 1033.9370 372.1055 1.4926 1.7104 4.0446 2.5996 1.6714 8.1115 -4.7562 7.6228
Car -1 -1 -4.5099 402.5741 175.2765 507.3549 249.4056 1.5167 1.6132 3.9182 -3.5303 1.5795 16.8510 -4.7140 7.4722
Car -1 -1 -4.8444 647.5311 180.3668 703.5660 222.3992 1.4354 1.5783 4.0379 2.3696 1.7421 27.4295 -4.7599 6.3168
Car -1 -1 -4.6825 494.1653 177.5162 536.9584 217.7201 1.4356 1.5423 3.6372 -3.6654 1.6290 28.0885 -4.8116 4.9781
Car -1 -1 -4.7810 634.0836 176.9433 669.6393 205.5205 1.4116 1.5881 4.1690 2.1343 1.6405 38.3366 -4.7263 3.6843
Car -1 -1 -7.9306 640.2772 178.3726 681.1816 212.1054 1.4469 1.5961 3.6680 2.2543 1.7161 33.3932 -7.8644 3.5243
Pedestrian -1 -1 -6.9398 900.7127 180.0414 936.9532 246.0479 1.6586 0.4952 0.6989 7.8775 1.8462 18.5320 -6.5444 -1.2635
Car -1 -1 -7.8175 699.9089 164.4780 729.4980 195.6156 1.8716 1.7026 4.3698 6.6342 1.3679 45.6721 -7.6745 -1.8065
Pedestrian -1 -1 -6.8767 846.6816 167.2264 867.4062 201.1409 1.7828 0.5459 0.8875 13.0761 1.4867 38.3107 -6.5506 -1.8513
Car -1 -1 -4.5919 640.7845 174.1569 665.9212 194.1491 1.5100 1.5486 3.6416 3.4067 1.6155 56.6777 -4.5325 -1.9511
Pedestrian -1 -1 -6.4361 856.0409 166.5110 869.9112 197.6764 1.8094 0.5984 0.6811 14.7718 1.4408 42.2455 -6.1023 -2.1943
