Car -1 -1 -4.5765 408.6019 175.9448 509.9785 256.1500 1.4873 1.6100 3.7132 -3.1419 1.5612 15.4298 -4.7748 7.2827
Car -1 -1 -8.0030 678.0340 180.2277 750.8611 233.3181 1.4058 1.5757 3.7526 2.9718 1.6447 21.5181 -7.8684 6.9213
Car -1 -1 -4.6099 526.1213 171.1545 564.5912 206.0681 1.6598 1.5589 3.5934 -3.2275 1.5787 36.1081 -4.6989 5.1931
Car -1 -1 -4.8557 646.2465 175.7918 690.1290 207.4667 1.5037 1.6416 4.1007 2.8629 1.6616 36.7440 -4.7790 4.2451
Car -1 -1 -4.6007 493.4952 174.9072 547.4001 213.6678 1.3862 1.6467 3.8885 -3.4430 1.4711 27.9648 -4.7226 4.0473
Car -1 -1 -8.5849 932.5757 197.0936 1241.0000 374.0000 1.4677 1.5386 3.6273 3.0300 1.6392 3.2791 -7.8837 3.6789
Car -1 -1 -7.6780 541.6857 174.6045 580.2554 199.4128 1.4814 1.6950 4.3861 -3.0825 1.5975 45.6796 -7.7454 0.8182
Car -1 -1 -5.1402 705.1207 175.1336 764.2468 207.1393 1.4796 1.5209 3.5478 6.0384 1.5976 35.5380 -4.9737 0.2185
Car -1 -1 -4.5845 558.8467 170.7074 585.7345 191.8312 1.6113 1.6359 3.9459 -2.9744 1.4473 57.0685 -4.6366 0.0634
Car -1 -1 -4.8228 636.8134 173.6869 669.4044 199.3921 1.5562 1.6470 3.7552 2.6564 1.6109 45.7265 -4.7656 -2.0693
