Car -1 -1 -8.0763 707.9850 182.8204 861.5450 286.4683 1.3875 1.5876 3.7360 2.6287 1.5774 11.8965 -7.8651 8.0449
Car -1 -1 -4.5983 465.4570 173.4113 530.2005 221.8307 1.4135 1.6270 3.6100 -3.5322 1.4324 22.9405 -4.7499 7.2478
Car -1 -1 -4.8565 659.4099 176.1351 731.0044 226.6114 1.3979 1.6015 4.0102 2.4844 1.5082 22.2790 -4.7476 6.7916
Car -1 -1 -4.4386 297.4251 170.9307 474.6013 282.4391 1.5063 1.6352 4.1844 -3.4742 1.4800 11.8441 -4.7187 6.2119
Car -1 -1 -7.9549 648.3426 173.9879 698.5717 213.1213 1.4348 1.5859 3.6992 2.3914 1.4821 28.4269 -7.8725 4.4943
Car -1 -1 -4.8023 639.7772 171.0866 684.0770 204.8383 1.4539 1.6564 3.9910 2.2790 1.3774 33.0937 -4.7347 4.1465
Car -1 -1 -5.3925 849.6971 197.6919 1241.0000 374.0000 1.4536 1.6113 4.2935 2.5619 1.6352 3.1094 -4.7497 3.4888
Car -1 -1 -3.8597 0.0000 183.8138 177.0724 374.0000 1.5816 1.6426 3.8208 -3.3662 1.6468 2.3622 -4.7656 3.3341
Pedestrian -1 -1 -7.9073 914.4338 168.8447 932.4720 211.2722 1.7695 0.6652 0.5887 13.1945 1.6020 30.4838 -7.5028 -0.1700
Pedestrian -1 -1 -6.7232 1022.1374 172.1085 1071.0251 265.0221 1.6859 0.5809 0.5810 8.0481 1.6721 13.4079 -6.1930 -1.6020
Pedestrian -1 -1 -5.9236 227.8282 165.7456 244.9321 235.0443 1.8127 0.4893 0.2452 -9.9539 1.6265 19.1314 -6.3980 -1.6409
Pedestrian -1 -1 -7.1817 907.9772 155.7286 929.3531 191.8426 1.8388 0.7423 0.6960 15.8851 0.9665 37.2308 -6.7815 -1.9071
Pedestrian -1 -1 -3.5653 732.6292 166.3204 749.2663 199.2307 1.7321 0.6711 0.6512 6.9238 1.3879 38.3798 -3.3886 -1.9348
Car -1 -1 -7.7095 582.4618 167.6368 606.4634 186.8730 1.7476 1.6745 4.1492 -1.4464 1.2733 67.7124 -7.7311 -2.1897
