Car -1 -1 -8.1011 722.5708 187.2157 913.0558 314.5760 1.3907 1.5820 3.8516 2.6400 1.6326 10.2418 -7.8570 7.7957
Car -1 -1 -4.6024 453.6603 177.7866 524.4020 231.8294 1.4246 1.6485 3.7221 -3.5219 1.5827 21.2694 -4.7652 7.3365
Car -1 -1 -4.8859 663.3183 181.0024 744.7672 236.9948 1.3941 1.6052 3.9524 2.5222 1.6488 20.5680 -4.7664 7.1108
Car -1 -1 -4.3954 235.4275 177.4463 457.7479 312.6213 1.4859 1.6484 4.0418 -3.4288 1.5628 10.0928 -4.7158 6.9617
Car -1 -1 -7.9499 652.6624 178.1750 705.2192 220.6200 1.4318 1.5667 3.6356 2.4315 1.6413 26.6197 -7.8605 6.2468
Car -1 -1 -4.8194 642.0598 175.9259 689.5559 211.5131 1.4349 1.6420 3.8070 2.3206 1.5763 31.3572 -4.7468 5.0280
Car -1 -1 -5.6702 956.3108 200.9679 1241.0000 374.0000 1.5151 1.6015 3.6167 2.6393 1.6620 1.9087 -4.7971 1.8716
Car -1 -1 -7.7392 588.8172 173.6773 611.0087 190.8488 1.5147 1.6013 3.8057 -0.9141 1.5918 65.8117 -7.7533 0.1376
Car -1 -1 -4.9783 603.6207 172.8830 638.6128 193.7848 1.4665 1.5884 3.8621 0.7414 1.4684 52.6963 -4.9646 -1.2108
Car -1 -1 -2.9247 524.1819 172.7630 568.6598 190.5558 1.5828 1.6519 3.7392 -5.7535 1.5744 65.2441 -3.0126 -1.5016
Car -1 -1 -4.9510 489.5109 167.3826 518.7042 188.5125 1.6968 1.5493 3.7748 -8.8582 1.2572 59.9835 -5.0973 -1.6794
Car -1 -1 -4.8270 451.8586 174.8243 474.5634 192.4484 1.5145 1.5798 3.6215 -13.1493 1.6954 64.4087 -5.0279 -2.1878
