Car -1 -1 -6.4293 449.8174 195.8925 529.9577 223.2910 1.4599 1.6943 4.4494 -7.1075 2.8621 42.4370 -6.5949 4.3006
Car -1 -1 -3.4212 804.5021 170.0745 857.4858 189.8806 1.6708 1.6476 4.0335 18.8489 1.4361 61.7233 -3.1265 0.0139
Car -1 -1 -6.8915 1121.1633 140.5730 1241.0000 181.1838 1.7585 1.7418 4.3809 25.6423 0.3604 32.2420 -6.2240 -0.4307
Pedestrian -1 -1 -7.9510 220.2631 159.3281 245.8487 213.5333 1.7976 0.7222 0.4847 -12.7569 1.3487 24.3281 -8.4297 -0.5410
Car -1 -1 -4.0263 553.6968 179.0563 599.9429 200.6707 1.5485 1.5746 3.6087 -2.5133 2.0350 54.7105 -4.0725 -0.6003
Pedestrian -1 -1 -3.3151 729.8733 179.6422 740.5869 211.7388 1.7430 0.5868 0.4836 6.8334 2.1181 39.6031 -3.1461 -0.9313
Pedestrian -1 -1 -8.1954 624.1036 173.9841 641.2466 211.4730 1.8390 0.6746 0.6395 1.0832 1.8954 35.8266 -8.1660 -1.0077
Pedestrian -1 -1 -7.6944 738.4953 172.0137 759.9496 226.1747 1.7360 0.6018 0.5967 4.4910 1.7087 23.5092 -7.5087 -1.0497
Car -1 -1 -5.1577 1057.0980 171.6050 1124.2678 199.6190 1.4151 1.5672 3.5690 25.4039 1.3517 38.3222 -4.5761 -1.0572
Car -1 -1 -4.4947 252.6082 174.5085 296.8919 205.1741 1.8842 1.7103 4.3132 -21.7403 1.9966 46.8693 -4.9271 -1.4474
Car -1 -1 -6.5703 866.9813 183.2465 958.6860 211.2265 1.4633 1.6615 4.3415 16.5031 2.0481 39.5707 -6.1783 -1.5156
Pedestrian -1 -1 -4.6235 746.9050 218.4158 773.3520 296.4194 1.0896 0.3513 0.3864 2.1497 1.7727 10.5874 -4.4301 -1.9485
