Car -1 -1 -6.6277 713.5546 181.1572 952.8506 257.9920 1.4135 1.6177 4.2702 4.2937 1.5899 14.4149 -6.3446 7.0950
Car -1 -1 -3.2476 648.1376 177.9918 733.3640 208.6612 1.5032 1.5899 4.1260 3.9900 1.7680 36.4301 -3.1399 3.4003
Car -1 -1 -6.4609 645.0686 178.7515 720.4346 205.9414 1.4957 1.6450 4.0406 4.0725 1.8394 41.0992 -6.3634 1.4852
Car -1 -1 -4.4245 638.2949 177.8876 676.9086 199.8077 1.4350 1.5898 4.1374 3.3429 1.8023 50.4703 -4.3592 -1.0415
Car -1 -1 -4.6500 514.2628 183.0586 543.1670 208.3712 1.5271 1.6302 4.1545 -5.3252 2.2264 47.3509 -4.7618 -1.0864
Car -1 -1 -8.3666 693.2035 174.9214 742.4956 197.8761 1.5414 1.6670 4.0482 7.5426 1.6936 51.0327 -8.2212 -1.1903
Cyclist -1 -1 -7.8845 0.0000 159.2729 39.2712 261.1406 1.8178 0.6747 1.6611 -11.3865 1.5751 13.7242 -8.5677 -1.3018
Pedestrian -1 -1 -4.2756 179.6270 187.3061 204.3652 231.5920 1.7682 0.6181 0.7406 -17.1056 2.3659 29.4623 -4.7980 -1.6961
Car -1 -1 -7.9183 632.5060 177.0504 652.3583 194.8683 1.6085 1.6248 3.6960 3.0051 2.0138 67.8768 -7.8746 -1.7034
Car -1 -1 -4.7998 543.5446 181.5473 564.0840 198.7995 1.5304 1.5967 3.8567 -5.3478 2.3750 68.0890 -4.8783 -1.8494
Car -1 -1 -4.5521 749.1888 173.1539 786.9545 198.1524 1.4758 1.6481 4.2494 9.8521 1.4951 44.9294 -4.3380 -2.0946
Car -1 -1 -4.6721 625.9881 180.6899 651.2214 202.9450 1.4588 1.6221 3.8316 2.0095 2.0302 50.6616 -4.6331 -2.1021
