Car -1 -1 -7.3248 71.9399 182.7856 270.3029 276.6937 1.5134 1.5843 3.4303 -7.8957 1.4744 13.3016 -7.8518 2.5899
Car -1 -1 -7.6465 430.2443 177.1724 514.3829 236.3023 1.5515 1.6035 3.9575 -3.8627 1.3406 20.8608 -7.8276 2.5823
Car -1 -1 -8.0657 698.0215 186.3909 805.1794 258.0280 1.3721 1.5376 3.4555 2.9387 1.4006 15.5754 -7.8829 2.3296
Car -1 -1 -7.5700 326.1342 177.3343 472.6684 278.9135 1.5851 1.6072 3.4027 -3.6288 1.4623 12.9311 -7.8385 2.2660
Car -1 -1 -7.6919 482.4891 177.1077 531.0596 213.3557 1.5188 1.5825 3.5406 -4.4614 1.1792 31.9089 -7.8300 2.1435
Car -1 -1 -7.9610 641.8674 176.8006 683.4885 208.2863 1.5045 1.6641 4.0240 2.6882 1.1026 36.3898 -7.8882 2.0348
Car -1 -1 -7.4541 308.4884 180.0228 403.1920 227.5935 1.4268 1.5349 3.8431 -8.1680 1.2712 23.5306 -7.7849 1.4204
Car -1 -1 -7.8822 585.7654 175.3175 612.0595 198.4625 1.5283 1.6904 3.8878 -0.6675 0.8748 49.4442 -7.8961 1.2542
Car -1 -1 -7.8583 517.7075 176.8571 544.5883 202.1540 1.4866 1.5742 3.7799 -4.7491 0.9956 44.2099 -7.9651 0.6254
Car -1 -1 -6.9618 0.0000 213.7120 135.8617 375.0000 1.4551 1.5686 3.6796 -3.4170 1.6166 2.1910 -7.9071 -0.1420
Car -1 -1 -7.7048 431.4612 168.3924 470.6611 198.9680 1.6702 1.6429 3.8321 -8.9651 0.7514 41.2327 -7.9178 -0.3942
Car -1 -1 -4.5376 383.8434 179.9225 434.2122 214.8080 1.4438 1.5339 3.5487 -8.7067 1.2249 31.5888 -4.8047 -0.5100
Car -1 -1 -7.4200 570.3330 176.2281 610.3156 196.3277 1.5184 1.6037 4.0111 -1.3459 0.8396 56.4653 -7.4441 -0.6944
Car -1 -1 -4.8794 532.2808 172.9249 562.5419 194.7773 1.5722 1.6128 3.9836 -4.5777 0.6881 53.8486 -4.9641 -0.9633
Cyclist -1 -1 -8.1242 688.2095 173.5599 701.1336 201.9841 1.6131 0.3507 1.4981 4.9883 0.9518 41.5631 -8.0060 -0.9904
Car -1 -1 -4.3971 159.7899 187.5906 263.5498 238.0877 1.3661 1.5408 4.0743 -11.8980 1.4453 21.7906 -4.8920 -1.4196
Car -1 -1 -7.7237 402.1806 155.1333 435.5747 183.9396 1.7970 1.6435 3.6694 -12.3144 -0.0866 46.9372 -7.9790 -2.0095
Pedestrian -1 -1 -7.7810 837.3221 165.1810 852.5212 208.6343 1.8100 0.5629 0.7080 9.9852 0.9756 30.3777 -7.4665 -2.0224
Car -1 -1 -4.8705 682.5273 171.9714 720.0582 200.2727 1.6094 1.6186 3.8430 5.4932 0.8564 42.8241 -4.7441 -2.1182
Car -1 -1 -7.9186 701.8060 177.1702 738.5464 206.9717 1.4684 1.6271 3.8394 5.7648 1.0721 37.4023 -7.7672 -2.1552
