Car -1 -1 -7.6719 450.3768 180.3331 515.7458 225.4016 1.4906 1.6504 3.6783 -4.4049 1.3292 25.6251 -7.8408 2.5879
Car -1 -1 -7.5768 329.1310 180.4594 478.3661 274.4118 1.5425 1.6709 4.0510 -3.7713 1.4646 13.8406 -7.8382 2.5123
Car -1 -1 -8.0375 693.0867 187.2195 789.7933 253.7444 1.3676 1.5442 3.5047 2.9283 1.4190 16.6459 -7.8667 2.3869
Car -1 -1 -7.3573 0.0000 178.4479 371.1211 375.0000 1.5477 1.5146 3.4860 -3.4634 1.5053 6.2628 -7.8446 2.2860
Car -1 -1 -7.7585 504.6127 179.0596 539.6406 206.8801 1.4099 1.5236 3.4740 -4.5389 1.0981 38.1841 -7.8763 1.9861
Car -1 -1 -7.9799 634.0541 177.6790 670.3822 203.8163 1.4501 1.6075 4.0431 2.5149 1.0321 41.9522 -7.9209 1.9561
Car -1 -1 -7.8599 587.4496 177.2570 615.4191 202.8170 1.5159 1.6593 3.7715 -0.4347 1.0440 44.5311 -7.8700 1.6419
Car -1 -1 -7.4287 190.8275 182.9646 333.9147 251.1028 1.4415 1.5648 3.9333 -8.1084 1.3940 17.1817 -7.8638 0.8766
Car -1 -1 -7.5708 336.1078 181.4051 409.5886 225.2108 1.4955 1.6003 3.6367 -8.5691 1.3655 26.3808 -7.8823 0.8707
Car -1 -1 -7.6637 404.2995 169.4707 451.7253 207.7571 1.7890 1.6127 3.5930 -8.8328 1.0534 35.4261 -7.9065 0.5436
Car -1 -1 -7.7272 446.8568 170.1699 482.0597 198.3210 1.6994 1.6636 4.2372 -9.0573 0.7913 45.5651 -7.9226 -0.4865
Car -1 -1 -7.6057 351.1716 156.1868 401.5322 192.7442 1.7965 1.6309 3.6358 -11.9402 0.3701 37.1894 -7.9144 -0.9545
Car -1 -1 -7.8591 528.6461 175.4219 553.8488 199.3811 1.5563 1.6331 4.0957 -4.5531 0.9203 48.8129 -7.9520 -1.1280
Car -1 -1 -6.1980 578.0042 177.3473 631.4785 198.9769 1.5219 1.6030 3.7116 -0.2147 0.9684 51.5283 -6.2025 -1.1727
Car -1 -1 -4.5094 0.0000 191.4217 30.8466 375.0000 1.4327 1.5622 3.7471 -7.3618 1.5149 7.5029 -5.2674 -1.3244
Pedestrian -1 -1 -7.6382 365.7669 158.9569 384.1547 200.7204 2.0454 0.7722 0.5119 -11.5272 0.7595 35.4978 -7.9502 -1.4493
Car -1 -1 -7.3108 0.0000 175.5594 126.2169 281.2055 1.5030 1.6263 4.0669 -10.2737 1.3658 12.3537 -7.9938 -1.6837
Car -1 -1 -3.6252 731.3585 171.2602 800.8773 197.2586 1.5322 1.6202 3.8062 9.5742 0.7099 43.6518 -3.4110 -1.7364
Pedestrian -1 -1 -8.3033 577.4507 177.0069 589.9774 200.9025 1.6866 0.7221 0.5528 -1.7345 1.1074 51.1508 -8.3375 -1.8261
Car -1 -1 -6.4445 444.6721 178.7107 512.9125 202.3860 1.5309 1.6669 4.2706 -8.6366 1.1104 47.9784 -6.6220 -2.1351
Car -1 -1 -7.7838 565.6652 177.5596 590.9020 198.9105 1.5095 1.5870 3.8635 -2.1520 0.9683 52.7754 -7.8247 -2.1850
