Car -1 -1 -7.5126 230.2510 185.7878 446.2935 310.9435 1.5103 1.6505 4.1387 -3.7834 1.5207 10.7722 -7.8430 2.6595
Car -1 -1 -7.6749 432.2376 179.8811 503.6678 230.2936 1.4841 1.6283 3.5089 -4.4160 1.3272 22.9243 -7.8633 2.3781
Car -1 -1 -8.0204 682.9957 183.6574 767.5712 244.6214 1.4124 1.5526 3.4230 2.8558 1.3765 18.3773 -7.8690 2.3602
Car -1 -1 -7.8034 584.2696 177.0962 615.7493 204.5561 1.5593 1.6807 3.9609 -0.4485 1.0984 42.8315 -7.8142 2.2480
Car -1 -1 -7.3369 87.9396 185.9596 284.2348 270.2662 1.4312 1.5688 3.9108 -8.1141 1.4481 14.1983 -7.8482 2.2298
Car -1 -1 -7.9372 628.9762 177.6139 660.6547 202.3412 1.4935 1.6511 4.1609 2.2744 1.0345 45.5266 -7.8880 1.8005
Car -1 -1 -7.7418 493.7919 178.7362 534.0637 210.2214 1.4845 1.5901 3.5985 -4.6450 1.1792 35.7066 -7.8706 1.6670
Car -1 -1 -7.0472 0.0000 203.4803 218.4477 375.0000 1.4719 1.5745 3.6142 -3.4499 1.5945 3.0080 -7.8572 0.7329
Car -1 -1 -7.6217 383.3245 169.1031 444.5538 212.0843 1.8527 1.8014 4.1721 -8.8706 1.1583 33.0960 -7.8819 0.3020
Car -1 -1 -7.8708 522.2269 177.5015 548.4608 202.5966 1.5516 1.6151 4.0172 -4.7489 1.0748 46.5346 -7.9723 0.1429
Car -1 -1 -4.3201 291.1817 179.9609 386.6368 228.2979 1.4380 1.5609 3.7653 -8.6353 1.2818 23.2978 -4.6715 -0.1598
Car -1 -1 -7.6784 572.1336 178.9046 602.6146 200.1199 1.4498 1.5624 3.5862 -1.4343 1.0186 51.0118 -7.7068 -0.4655
Car -1 -1 -7.4301 476.8376 177.0966 519.0215 199.2477 1.5222 1.5877 3.7328 -7.8310 0.9644 51.4117 -7.5809 -1.3026
Pedestrian -1 -1 -6.4359 487.9919 175.5536 499.8064 201.1338 1.7504 0.6863 0.7090 -7.8858 1.0894 49.6242 -6.5930 -1.3635
Car -1 -1 -4.9816 658.4644 177.1038 697.1053 200.9720 1.5541 1.6022 3.9888 4.6907 1.0261 48.9089 -4.8869 -1.4294
Pedestrian -1 -1 -7.4669 574.6239 177.7322 588.3731 202.1870 1.6630 0.7987 0.5366 -1.8232 1.1543 49.2737 -7.5041 -1.6364
Pedestrian -1 -1 -8.0173 455.4219 172.7149 469.8488 205.2650 1.8285 0.6952 0.7213 -8.2786 1.1265 40.8432 -8.2164 -1.6557
Car -1 -1 -2.9750 395.8970 177.2983 471.3153 204.6176 1.5279 1.6238 3.9818 -9.9504 1.0852 41.1511 -3.2111 -1.8455
