Car -1 -1 -7.6646 438.6726 177.9801 513.8014 237.2129 1.6340 1.5986 3.3710 -3.8969 1.4345 21.5251 -7.8419 2.6019
Car -1 -1 -7.5334 252.6077 188.7661 447.0852 304.8971 1.4645 1.6442 3.7805 -3.7710 1.5287 11.0719 -7.8547 2.5915
Car -1 -1 -7.2902 0.0000 182.4887 223.7086 293.9920 1.5626 1.5734 3.7551 -8.1989 1.5246 11.9720 -7.8804 2.5333
Car -1 -1 -7.9605 651.6793 182.2253 705.5761 222.3044 1.4511 1.6489 4.0442 2.6500 1.3430 28.0606 -7.8677 2.5250
Car -1 -1 -8.0422 703.6503 189.3306 815.6238 267.4346 1.3685 1.5332 3.4955 2.8820 1.4619 14.5305 -7.8505 2.2611
Car -1 -1 -7.5658 379.4359 181.0428 441.8625 217.4426 1.4749 1.5709 3.8286 -8.4732 1.3060 31.0607 -7.8303 2.1674
Car -1 -1 -7.7049 480.0312 180.3084 534.4822 220.5685 1.5541 1.6369 4.1316 -4.1314 1.3648 29.8239 -7.8417 1.6947
Car -1 -1 -7.7155 502.6488 179.5252 539.6007 207.2233 1.4949 1.5987 3.5350 -4.8769 1.1880 40.5813 -7.8347 1.3474
Car -1 -1 -7.9294 622.8817 180.1816 648.1523 200.4228 1.5219 1.6475 4.2719 2.1150 1.1436 56.2172 -7.8925 1.2391
Car -1 -1 -7.8951 584.6205 179.9340 609.1633 201.7498 1.5179 1.6123 3.7440 -0.8384 1.1506 51.9327 -7.9116 0.9772
Car -1 -1 -7.7664 432.6585 178.9604 466.5432 206.2459 1.4791 1.5619 3.7266 -8.9870 1.1402 40.9158 -7.9816 0.0311
Car -1 -1 -4.2719 252.1100 185.6855 368.1081 243.1611 1.4551 1.5584 3.6788 -8.2296 1.4696 20.1103 -4.6559 -0.1051
Car -1 -1 -7.8226 530.9139 180.4918 554.3199 201.3445 1.4582 1.5766 3.8238 -4.7226 1.1280 52.2235 -7.9128 -0.2800
Pedestrian -1 -1 -7.9358 337.9747 173.8601 355.3091 213.0870 1.7453 0.6838 0.6597 -11.8179 1.2402 32.4260 -8.2830 -0.7031
Car -1 -1 -7.4238 269.8065 153.7606 323.9883 189.6720 2.4540 1.8193 4.5505 -22.1733 0.3047 51.4190 -7.8292 -0.7589
Car -1 -1 -7.6715 454.3442 167.4578 489.5019 194.4365 1.7801 1.6721 4.0260 -9.3184 0.6086 49.4466 -7.8570 -0.9303
Car -1 -1 -3.0153 718.7507 174.1774 797.8282 206.9866 1.5438 1.5870 3.6181 7.3366 1.0246 35.1619 -2.8116 -1.0354
Car -1 -1 -7.7701 613.0964 179.1052 634.2597 196.7132 1.5836 1.6400 3.9776 1.4946 1.0342 66.7143 -7.7482 -1.2012
Pedestrian -1 -1 -6.8810 576.8417 178.9668 587.7891 199.9812 1.7296 0.7345 0.5975 -2.1279 1.2154 59.6377 -6.9170 -1.3850
Car -1 -1 -7.6220 571.8076 179.0339 600.0269 197.4418 1.5146 1.5969 3.6809 -1.8395 1.0061 61.1084 -7.6524 -1.5679
Pedestrian -1 -1 -7.8084 922.5424 163.2630 950.0943 234.2433 1.8361 0.6402 0.6213 8.6459 1.2684 19.0162 -7.3877 -1.6959
Car -1 -1 -5.2360 648.2580 172.8276 685.0405 191.6768 1.7206 1.6434 4.0566 5.5069 0.5899 67.8024 -5.1557 -1.8540
Car -1 -1 -7.8991 485.3706 169.3178 508.0842 189.6379 1.6442 1.6849 4.4805 -9.3966 0.3580 60.5291 -8.0527 -2.0086
