Car -1 -1 -7.5678 310.7945 182.7487 469.8767 283.0275 1.5380 1.6375 4.0329 -3.7775 1.5003 13.0493 -7.8444 2.4647
Car -1 -1 -7.6703 447.7344 179.9110 511.9188 225.7106 1.4722 1.5727 3.4593 -4.3884 1.3019 24.8455 -7.8436 2.4168
Car -1 -1 -8.0338 691.6016 186.6855 786.3208 252.5614 1.3881 1.5510 3.5561 2.9391 1.4267 17.0144 -7.8660 2.3375
Car -1 -1 -7.8296 586.1345 177.0446 615.2269 203.9743 1.5783 1.6922 4.1580 -0.4219 1.0996 44.2225 -7.8395 2.2013
Car -1 -1 -7.7589 501.7346 179.9419 537.7241 209.4887 1.4700 1.5432 3.4585 -4.5835 1.2078 37.5123 -7.8801 2.1687
Car -1 -1 -7.4437 176.5631 184.3366 323.6248 253.4505 1.4053 1.5831 3.8864 -8.1020 1.3876 16.5887 -7.8919 1.9650
Car -1 -1 -7.9817 631.4757 177.5055 668.1647 204.8308 1.5494 1.6667 4.0579 2.4274 1.1124 42.8441 -7.9259 1.9536
Car -1 -1 -7.3216 0.0000 188.6267 336.6843 375.0000 1.4985 1.5249 3.5269 -3.5146 1.5330 5.4536 -7.8720 1.8588
Car -1 -1 -7.6274 398.0649 170.1894 451.5382 208.2918 1.7500 1.6867 3.8825 -8.8641 1.0600 34.9743 -7.8741 1.7645
Car -1 -1 -7.6664 573.6656 179.0901 603.9258 200.5388 1.4975 1.5476 3.6178 -1.3615 1.0700 52.0989 -7.6928 -0.3119
Car -1 -1 -7.5972 326.5564 181.8429 398.1429 225.2320 1.4232 1.5314 3.5498 -8.6242 1.3127 25.4015 -7.9216 -0.5505
Car -1 -1 -7.8835 526.1426 176.4540 552.4261 200.5582 1.5459 1.6289 4.0399 -4.6521 0.9841 48.2096 -7.9796 -0.7629
Cyclist -1 -1 -6.5036 452.0312 171.8600 480.7465 203.4137 1.8646 0.6412 1.5873 -8.5031 1.0755 43.0920 -6.6976 -0.9495
Car -1 -1 -8.1559 676.7925 176.9066 737.0710 214.4226 1.5614 1.6072 3.6832 4.2881 1.2157 31.8687 -8.0237 -1.2992
Car -1 -1 -5.2828 679.5533 173.4070 727.6345 196.8929 1.6892 1.6315 4.0577 7.1135 0.8400 53.8865 -5.1526 -1.6591
Pedestrian -1 -1 -7.7506 788.8309 169.8096 804.3693 207.2337 1.7581 0.6530 0.6551 8.9478 1.0345 34.1913 -7.4971 -1.9420
Car -1 -1 -7.7719 489.4917 174.7583 515.2460 196.6935 1.5806 1.5967 3.8447 -7.8683 0.8272 53.7679 -7.9168 -2.1284
Pedestrian -1 -1 -7.7538 352.1887 167.0171 370.3108 206.3259 1.8614 0.7698 0.5409 -11.8250 0.9998 34.3913 -8.0828 -2.1304
