Car -1 -1 -7.4496 184.8868 185.7806 410.5987 316.0703 1.5281 1.6060 3.5902 -4.2016 1.5377 10.2609 -7.8294 2.7326
Car -1 -1 -7.6508 421.2286 186.6494 501.2220 239.3561 1.4231 1.6458 3.4292 -4.2774 1.4690 21.2228 -7.8477 2.5792
Car -1 -1 -7.8896 589.4620 181.5835 629.8904 217.6854 1.5324 1.6785 3.5371 -0.0004 1.3784 32.3105 -7.8901 2.4213
Car -1 -1 -7.7188 477.7599 184.7488 530.9979 224.4670 1.4578 1.5625 3.8925 -4.0435 1.4408 28.3353 -7.8596 2.1853
Car -1 -1 -8.3347 834.2592 186.7303 1240.0000 375.0000 1.6107 1.5944 3.8787 3.2072 1.6273 5.8819 -7.8555 2.1541
Car -1 -1 -7.6863 404.9617 183.6460 455.7361 218.2513 1.4838 1.6479 3.6779 -8.0448 1.4167 32.7165 -7.9259 1.6885
Car -1 -1 -7.3638 139.9046 167.4124 307.1676 259.2974 1.7976 1.6354 3.8282 -8.3753 1.4495 15.9892 -7.8397 1.4376
Car -1 -1 -7.1776 0.0000 199.2075 136.8253 330.2501 1.3391 1.5057 3.6637 -8.2596 1.5619 9.5878 -7.8750 1.3362
Car -1 -1 -7.8581 634.6810 183.2279 658.1361 204.0390 1.4052 1.5826 3.8192 2.6780 1.2711 50.4821 -7.8059 0.9738
Car -1 -1 -7.4995 298.2874 173.3050 401.8143 233.3841 1.8081 1.7860 4.4297 -8.4416 1.4498 23.8650 -7.8363 0.6870
Car -1 -1 -7.9377 577.5549 183.3125 609.9518 209.8380 1.4507 1.5516 3.5873 -0.8714 1.3468 41.1809 -7.9591 0.4369
Car -1 -1 -2.8627 391.2514 174.1105 471.2480 204.1685 1.7315 1.7272 4.2677 -10.3871 1.0920 42.3581 -3.1020 0.0718
Car -1 -1 -4.4274 469.2321 180.3733 502.4510 199.3636 1.4916 1.6068 4.0032 -9.9022 1.1114 58.5434 -4.5946 -0.0988
Car -1 -1 -7.7023 491.7021 182.9617 536.7513 215.3440 1.5076 1.6383 3.8350 -4.5822 1.4028 35.4030 -7.8305 -0.5906
Car -1 -1 -4.9049 686.9769 179.8269 731.9052 209.4857 1.5699 1.6990 4.1924 5.5897 1.2848 40.1914 -4.7681 -0.7418
Car -1 -1 -6.3840 524.8353 181.3411 590.6361 205.6225 1.5822 1.6950 4.2355 -3.3898 1.3299 48.0379 -6.4545 -0.8696
Car -1 -1 -8.1906 661.7627 179.3286 705.6923 204.2344 1.6114 1.6969 4.0737 5.0660 1.2307 48.6878 -8.0880 -1.0053
Car -1 -1 -8.6827 667.2540 178.9336 716.1887 198.7190 1.5722 1.6310 3.9239 6.8586 1.0732 59.1390 -8.5683 -1.0360
Car -1 -1 -4.8857 711.8051 183.2084 766.9578 218.3726 1.4874 1.7211 4.2651 5.8387 1.4026 32.5402 -4.7102 -1.1003
Car -1 -1 -4.2467 540.0053 178.1913 579.6777 197.1796 1.4704 1.5511 4.0064 -3.8286 0.9266 57.8119 -4.3129 -1.2227
Car -1 -1 -4.4696 365.9637 185.0712 412.5786 213.0979 1.5015 1.6268 3.8599 -12.2706 1.4939 40.4791 -4.7625 -1.2969
Car -1 -1 -4.8894 715.2011 179.5256 749.8190 204.1073 1.5551 1.5907 3.8012 8.1515 1.1953 47.3830 -4.7205 -1.8102
Car -1 -1 -8.5683 1191.8779 189.4132 1240.0000 375.0000 1.4844 1.6118 3.8909 8.1690 1.5393 7.3649 -7.7503 -1.8474
Cyclist -1 -1 -7.9419 466.9402 178.1774 476.7728 205.4932 1.6859 0.4621 1.6671 -8.5838 1.2517 45.2315 -8.1288 -2.0250
Car -1 -1 -4.3213 652.7662 181.1816 689.4681 200.1800 1.5434 1.6331 4.1362 5.3640 1.2159 60.6118 -4.2339 -2.0865
Pedestrian -1 -1 -4.6688 283.0466 174.6120 300.8917 220.3905 1.7868 0.6116 0.8526 -12.5833 1.3731 28.5661 -5.0805 -2.1722
