Car -1 -1 -7.4681 203.6799 188.2892 416.3167 313.6433 1.5111 1.5947 3.5638 -4.1635 1.5641 10.5501 -7.8357 2.6098
Car -1 -1 -7.6647 429.8347 186.6908 505.2790 238.3784 1.4379 1.6157 3.4697 -4.2129 1.4864 21.8319 -7.8535 2.5331
Car -1 -1 -7.8782 592.9994 180.5693 632.5095 217.4976 1.5881 1.6986 3.5023 0.1421 1.3884 32.6825 -7.8743 2.5208
Car -1 -1 -7.7141 482.5064 183.2599 535.3502 222.7723 1.4964 1.5801 4.0221 -3.9862 1.4225 29.2387 -7.8489 2.3904
Car -1 -1 -7.3631 161.8766 167.8636 319.6188 255.4222 1.7836 1.6257 3.7503 -8.2937 1.4303 16.5437 -7.8216 1.6868
Car -1 -1 -8.4524 874.9805 172.6284 1240.0000 375.0000 1.7169 1.6344 4.0592 3.2385 1.6725 4.5849 -7.8659 1.5522
Car -1 -1 -7.1817 0.0000 195.1768 165.8717 324.4826 1.4014 1.6190 3.9162 -8.2436 1.5680 10.0524 -7.8557 1.5429
Car -1 -1 -7.7173 410.7983 183.3819 459.4183 218.1065 1.5058 1.6645 3.8735 -7.9382 1.4264 33.1805 -7.9507 1.3791
Car -1 -1 -7.5123 303.1226 167.1874 406.1132 230.9145 1.9531 1.8350 4.5813 -8.4490 1.4008 24.3321 -7.8434 1.0196
Car -1 -1 -7.9606 633.8831 182.9335 663.5000 205.0624 1.4600 1.6230 3.8253 2.7491 1.3096 49.3812 -7.9058 0.9298
Car -1 -1 -7.6295 437.2362 175.2434 477.9013 203.8859 1.6751 1.6319 3.7765 -9.1570 1.0921 43.9452 -7.8341 0.3178
Car -1 -1 -7.8218 581.9919 183.8633 610.4432 209.9384 1.4371 1.5296 3.4818 -0.6606 1.3627 41.3720 -7.8381 0.0616
Car -1 -1 -7.8278 534.2448 181.1732 558.6103 204.3195 1.5331 1.5777 3.7288 -4.2168 1.2655 49.5201 -7.9127 -0.0838
Car -1 -1 -4.5975 474.7241 179.8924 499.8261 198.4948 1.4801 1.5913 4.0146 -9.9098 1.0567 59.2406 -4.7629 -0.1642
Car -1 -1 -4.5199 377.4797 186.7841 416.4870 212.6611 1.4188 1.5379 3.3560 -12.1125 1.5131 41.3671 -4.8034 -0.6332
Car -1 -1 -8.1674 660.8840 179.3282 703.3937 203.8654 1.6223 1.6709 4.3077 5.0729 1.2332 49.8102 -8.0669 -1.1318
Car -1 -1 -4.7307 541.6915 178.6450 561.5416 197.4590 1.4826 1.5388 3.7777 -4.6189 0.9650 58.6041 -4.8094 -1.3746
Car -1 -1 -4.9546 695.7914 183.1234 749.7263 213.8759 1.5020 1.7267 4.4796 5.8712 1.3999 37.4164 -4.8005 -1.4141
Pedestrian -1 -1 -5.1283 294.9952 175.7965 317.9201 220.4349 1.7928 0.5738 0.8409 -12.3508 1.4146 29.3686 -5.5235 -1.7093
Car -1 -1 -8.6732 671.2479 179.5365 717.7084 198.6505 1.5393 1.6040 3.7514 7.1736 1.0821 59.8431 -8.5549 -1.7810
Car -1 -1 -8.0135 711.4711 181.8346 764.0115 217.8728 1.5658 1.7225 4.2528 5.9192 1.4191 33.3715 -7.8399 -1.9445
Car -1 -1 -4.5920 497.7815 184.5333 538.5762 215.4908 1.4965 1.6116 3.8769 -4.5513 1.4636 36.6899 -4.7150 -1.9664
Car -1 -1 -4.9099 725.1496 182.6429 788.7894 222.1534 1.5116 1.7408 4.2411 6.0151 1.4133 29.6232 -4.7119 -2.0628
Car -1 -1 -3.8654 705.4657 177.9969 768.9315 202.2135 1.5815 1.6616 4.1882 8.7692 1.1102 48.7449 -3.6889 -2.1069
Car -1 -1 -4.6698 404.7477 169.0426 430.8432 192.3820 1.5927 1.6225 4.1049 -13.5218 0.4892 51.2323 -4.9268 -2.1952
