Car -1 -1 -7.3673 5.4603 187.6403 395.7273 375.0000 1.5026 1.6109 4.1257 -3.7415 1.5350 7.4783 -7.8172 2.8830
Car -1 -1 -7.6240 404.9026 178.3414 492.1892 236.6709 1.5034 1.6347 3.5181 -4.4374 1.3263 20.3004 -7.8368 2.5949
Car -1 -1 -8.0052 670.0188 181.4932 740.8439 232.6022 1.3866 1.5309 3.5606 2.7612 1.2858 21.3017 -7.8784 2.2218
Car -1 -1 -7.7268 484.2892 180.4172 528.6144 212.7118 1.4097 1.5961 3.4478 -4.6499 1.2004 33.1111 -7.8656 2.1565
Car -1 -1 -7.8588 584.2585 177.2882 614.7919 204.5961 1.4931 1.6700 3.8513 -0.5162 1.0598 41.2444 -7.8716 2.1226
Car -1 -1 -7.4610 261.7860 183.8564 367.0330 235.3136 1.3876 1.5564 3.7198 -8.5849 1.3511 21.2554 -7.8408 1.8983
Car -1 -1 -7.6683 362.4226 166.4337 425.0684 216.4304 1.9417 1.7466 4.2713 -8.9132 1.2124 30.1303 -7.9538 1.0357
Car -1 -1 -7.7801 515.9396 176.3865 546.6336 202.4521 1.5268 1.5842 3.9923 -4.6797 1.0098 44.1284 -7.8855 0.7775
Car -1 -1 -7.2774 0.0000 186.7273 184.6861 302.9721 1.4475 1.5443 3.6506 -8.2118 1.4745 10.8676 -7.9128 0.6058
Car -1 -1 -7.9779 621.1041 175.1078 652.3830 198.4843 1.5530 1.6793 3.9529 1.9427 0.8817 49.7985 -7.9395 0.4415
Car -1 -1 -7.6861 465.9487 175.1532 500.1744 199.8977 1.5781 1.6115 3.9084 -8.2709 0.9365 47.8015 -7.8569 -0.2665
Car -1 -1 -7.7251 577.2659 177.0390 607.2496 199.7653 1.4913 1.5814 3.7575 -1.0465 0.9549 49.1227 -7.7466 -1.0522
Car -1 -1 -2.9487 527.7975 177.5296 590.9208 200.4969 1.5100 1.6507 3.9930 -3.2542 1.0049 48.3318 -3.0160 -1.4741
Car -1 -1 -7.6420 418.9019 174.2847 465.5684 204.8689 1.5991 1.6971 4.0017 -9.0843 1.0277 39.5973 -7.8663 -1.8675
Pedestrian -1 -1 -7.4648 573.4481 174.3801 586.9716 200.3065 1.6916 0.6939 0.6544 -1.8379 0.9848 47.3297 -7.5038 -2.1106
