Car -1 -1 -7.6356 424.1086 187.1573 503.5784 239.3929 1.4293 1.6156 3.4566 -4.2657 1.4924 21.5482 -7.8291 2.7643
Car -1 -1 -7.4565 196.0157 189.8228 418.0349 317.4379 1.5022 1.6240 3.6333 -4.1428 1.5810 10.4334 -7.8261 2.7095
Car -1 -1 -7.8853 591.7982 180.9489 632.0519 217.9486 1.5782 1.6937 3.5314 0.1018 1.3964 32.4520 -7.8827 2.4713
Car -1 -1 -7.6919 479.0593 184.7798 533.9480 224.7939 1.4894 1.5548 3.9309 -4.0145 1.4733 28.7405 -7.8298 2.2326
Car -1 -1 -8.3691 858.5115 185.4677 1240.0000 375.0000 1.6209 1.6074 4.0097 3.2469 1.6236 5.2420 -7.8383 2.0003
Car -1 -1 -7.3542 151.4195 168.9032 315.4564 257.5750 1.7606 1.6149 3.8159 -8.2753 1.4368 16.2071 -7.8199 1.8744
Car -1 -1 -7.1653 0.0000 195.4959 153.2363 332.5690 1.4152 1.5949 4.0549 -8.2978 1.5839 9.7561 -7.8567 1.5951
Car -1 -1 -7.9591 632.6841 182.8483 662.4738 204.9701 1.4788 1.6545 3.9642 2.7102 1.3207 50.0782 -7.9058 1.3935
Car -1 -1 -7.4504 297.1689 168.5430 406.4378 233.2566 1.9612 1.8162 4.4695 -8.4525 1.4561 24.0775 -7.7849 0.7129
Car -1 -1 -7.6805 580.6263 183.9849 618.5815 210.4899 1.4476 1.5626 3.7080 -0.4533 1.3806 41.2175 -7.6919 0.6272
Car -1 -1 -4.4725 472.4943 179.4480 503.2528 198.2389 1.4845 1.5861 3.9672 -9.7869 1.0290 58.8293 -4.6370 -0.1798
Car -1 -1 -4.4513 527.5934 182.8472 566.3819 205.6247 1.4964 1.6295 4.2020 -4.1516 1.3409 49.4371 -4.5351 -0.1903
Car -1 -1 -7.7781 408.2755 184.4441 453.7521 219.1690 1.4918 1.7020 4.4299 -8.1277 1.4588 33.2053 -8.0167 -0.2139
Car -1 -1 -7.6204 434.2856 174.7480 478.9630 203.8332 1.6896 1.7369 4.2209 -9.1921 1.0817 43.8934 -7.8260 -0.2783
Car -1 -1 -8.0589 724.7189 180.8187 790.5137 221.3853 1.5418 1.7608 4.3751 6.0129 1.3748 29.5139 -7.8602 -1.2848
Car -1 -1 -4.7056 505.6661 185.2446 538.4441 216.1365 1.4863 1.5702 3.4797 -4.3627 1.4880 36.4056 -4.8245 -1.6486
Cyclist -1 -1 -6.3215 256.2564 180.2920 310.6619 226.3948 1.6825 0.8227 1.8349 -12.2256 1.5030 27.0102 -6.7432 -1.7854
Car -1 -1 -8.1782 662.1229 180.6080 704.1495 204.4811 1.5630 1.6627 3.9971 5.0826 1.2615 49.1968 -8.0763 -1.9060
Car -1 -1 -4.9104 715.9108 183.3394 758.0989 210.8431 1.4629 1.5854 3.8091 7.1334 1.3633 40.1582 -4.7363 -1.9744
Car -1 -1 -7.3345 297.2820 171.2190 370.7829 215.2138 1.9835 1.6461 3.7269 -13.0399 1.3526 34.3800 -7.6948 -2.1012
