Car -1 -1 -8.1474 724.4379 180.5149 936.2460 323.1751 1.6363 1.6749 4.0058 2.8350 1.5826 10.2736 -7.8856 2.6542
Car -1 -1 -7.7414 435.4124 185.4646 493.6143 229.6530 1.4233 1.5583 3.9611 -4.9852 1.4329 25.2142 -7.9350 2.5958
Car -1 -1 -7.4147 65.6623 188.2928 352.0319 346.8538 1.5132 1.5884 3.5429 -4.5397 1.5584 8.7231 -7.8822 2.5678
Car -1 -1 -7.6238 364.6321 188.0479 460.3482 249.1502 1.4126 1.6372 3.3470 -4.9535 1.4922 18.4727 -7.8826 2.4154
Car -1 -1 -7.8725 563.2365 181.5347 605.8973 219.0920 1.5165 1.7248 3.5210 -1.0707 1.3680 30.8293 -7.9073 2.3266
Car -1 -1 -7.7164 366.9204 183.8244 418.5428 219.6485 1.4442 1.6311 3.6794 -9.2182 1.3883 30.9205 -8.0041 1.7986
Car -1 -1 -7.2829 0.0000 164.1584 228.0005 278.9124 1.8015 1.6379 3.8706 -8.8657 1.4711 13.2287 -7.8641 1.7965
Car -1 -1 -7.4874 238.5472 164.9569 359.5469 238.1833 1.9915 1.8175 4.6183 -9.2481 1.4407 21.8854 -7.8831 1.1386
Car -1 -1 -7.9624 602.3081 179.7214 628.9300 200.7556 1.5205 1.5997 3.6661 0.5360 1.1235 53.8668 -7.9529 0.6274
Car -1 -1 -7.8340 555.2210 183.5050 584.5388 211.0211 1.4661 1.5613 3.5707 -2.1104 1.3751 40.1122 -7.8867 0.4848
Car -1 -1 -7.6541 397.2092 173.3715 443.4191 205.4207 1.7552 1.7957 4.1044 -10.7756 1.1067 41.4664 -7.9071 -0.1222
Car -1 -1 -7.9852 488.4465 182.4463 520.7073 206.4237 1.4449 1.5461 3.6131 -6.5592 1.2781 45.2664 -8.1286 -0.3113
Car -1 -1 -4.5988 454.2614 179.5538 503.6600 218.0315 1.6450 1.7367 4.4169 -5.8706 1.4031 32.9911 -4.7740 -0.3773
Car -1 -1 -8.0359 494.8015 182.4821 525.7003 203.8047 1.5525 1.6359 3.8961 -7.4396 1.3536 54.4450 -8.1715 -0.9613
Car -1 -1 -4.8932 648.9887 177.8878 687.5568 205.7883 1.6800 1.6894 4.1988 3.7456 1.2389 45.4584 -4.8119 -0.9927
Car -1 -1 -4.6101 462.4248 173.6386 484.8148 191.9824 1.6712 1.6622 4.0820 -12.5904 0.6166 67.5946 -4.7939 -1.3501
Car -1 -1 -4.9614 718.4982 185.9155 798.8417 230.7657 1.4200 1.6993 4.2693 5.0887 1.4466 25.0027 -4.7633 -1.4656
Cyclist -1 -1 -4.8815 657.6595 178.9604 668.9729 206.9125 1.6923 0.4173 1.6691 3.3948 1.3138 44.3722 -4.8061 -1.6368
Car -1 -1 -4.8064 430.7507 180.3211 456.4128 200.6438 1.5002 1.5666 3.7872 -12.6337 1.1391 55.1094 -5.0310 -1.6969
Car -1 -1 -4.1909 635.7104 180.4947 681.7844 201.2220 1.4881 1.5944 4.1318 3.8337 1.1493 53.7689 -4.1205 -1.9365
Pedestrian -1 -1 -5.4294 110.3096 164.0939 137.6824 238.7355 1.8564 0.4866 0.3144 -12.2627 1.3313 18.1549 -6.0168 -1.9651
Car -1 -1 -4.4335 694.1629 180.7505 734.3047 205.5183 1.4766 1.5543 3.5838 6.6459 1.2106 44.8100 -4.2876 -1.9687
Car -1 -1 -4.7272 677.3521 178.6834 699.2399 199.5668 1.5752 1.6336 3.9120 6.2518 1.0826 56.2455 -4.6175 -2.1177
Cyclist -1 -1 -6.8680 215.2251 178.9687 265.1857 226.5865 1.6930 0.4382 1.6674 -13.5149 1.4711 26.3913 -7.3375 -2.1514
