Car -1 -1 -7.8408 442.3595 179.4466 498.4045 230.3811 1.5786 1.7180 3.3425 -4.6163 1.4000 24.0746 -8.0286 2.7465
Car -1 -1 -7.5151 90.4185 192.6705 283.6866 294.3554 1.4114 1.6006 3.8513 -6.9835 1.5603 12.3081 -8.0222 2.6329
Car -1 -1 -7.6361 254.3979 186.1672 350.0667 241.7007 1.4286 1.6157 4.3886 -8.7651 1.4595 20.8734 -8.0294 2.5177
Car -1 -1 -7.7396 348.7611 183.6382 398.2036 217.0184 1.4110 1.6489 4.2688 -10.5980 1.3445 32.6422 -8.0515 2.3713
Car -1 -1 -7.9636 541.3385 176.8200 618.2973 242.0779 1.6251 1.6982 3.7791 -0.9138 1.4162 19.8998 -8.0094 2.2452
Car -1 -1 -7.5644 225.5558 167.0541 300.9362 215.4741 1.9452 1.7437 4.4222 -14.8684 1.2158 31.1974 -8.0061 1.3598
Car -1 -1 -7.4825 137.0581 185.4715 260.1786 239.7679 1.4790 1.6918 4.5779 -12.3550 1.4878 21.9856 -7.9896 0.6087
Car -1 -1 -7.3036 0.0000 170.7752 91.8763 284.4710 1.8500 1.5588 3.5178 -11.6177 1.6152 13.5519 -8.0028 0.5332
Car -1 -1 -7.1883 0.0000 200.3908 80.3017 375.0000 1.4640 1.6537 3.9461 -6.2349 1.6267 5.6267 -8.0013 0.2499
Car -1 -1 -7.8658 381.7897 181.2102 411.8821 208.1677 1.4702 1.5845 3.9607 -12.1779 1.2519 41.3303 -8.1509 0.2319
Car -1 -1 -8.1019 497.4271 180.7419 530.7260 200.5881 1.5679 1.6936 4.3536 -7.7616 1.2146 59.1263 -8.2323 -0.3125
Car -1 -1 -7.7265 340.9893 178.7736 369.6088 200.5740 1.5933 1.6020 3.5739 -19.1059 1.1226 54.4531 -8.0628 -0.8215
Car -1 -1 -7.8301 412.2549 176.4639 435.1351 198.3275 1.6435 1.6391 3.6676 -14.3284 0.9858 56.0074 -8.0797 -0.8804
Car -1 -1 -7.2181 438.8850 181.9784 517.8179 217.8145 1.5119 1.6507 3.6430 -5.7876 1.3755 32.3270 -7.3943 -1.5346
Car -1 -1 -7.8057 303.4313 169.4091 328.0903 190.6247 1.6467 1.6493 3.9443 -23.5116 0.4200 57.9290 -8.1899 -1.7924
