Car -1 -1 -7.2951 29.8026 183.9745 252.9126 276.0895 1.4371 1.5996 3.7892 -8.2678 1.4179 13.1137 -7.8485 2.8060
Car -1 -1 -7.5268 287.3405 179.7166 444.1420 278.7046 1.5139 1.5713 3.4334 -4.1514 1.4300 12.7244 -7.8363 2.7965
Car -1 -1 -7.9330 648.3026 177.3430 682.5385 205.1565 1.4306 1.5609 3.3988 3.0293 1.0259 38.6767 -7.8558 2.6442
Car -1 -1 -7.7227 457.6026 180.6928 516.4518 222.8052 1.3849 1.6005 3.5161 -4.2399 1.2363 25.4228 -7.8866 2.3443
Car -1 -1 -7.8445 594.6708 177.3796 629.8890 209.4324 1.4912 1.6391 3.7483 0.2009 1.1268 35.3305 -7.8393 2.2721
Car -1 -1 -7.7320 505.6916 178.3275 547.0283 209.1938 1.4356 1.5580 3.9044 -3.9873 1.1154 35.3947 -7.8437 2.1355
Car -1 -1 -7.6778 429.9254 177.9442 476.8816 209.2081 1.4860 1.6179 4.0927 -7.7485 1.1405 36.2402 -7.8873 1.8814
Car -1 -1 -7.4702 266.9807 161.9095 376.4504 231.9824 1.8766 1.6609 3.8349 -8.3292 1.2526 21.1801 -7.8408 0.7646
Car -1 -1 -7.8709 580.1440 177.3344 607.6044 202.6693 1.4592 1.5814 3.6869 -0.8995 1.0054 43.2750 -7.8920 -0.3406
Car -1 -1 -4.4191 369.3229 174.9078 440.8387 215.8389 1.5494 1.6912 4.0538 -8.1889 1.1593 29.2563 -4.6899 -0.8474
Pedestrian -1 -1 -8.0541 470.1098 165.0783 483.6615 193.5089 1.7866 0.7252 0.6804 -8.3352 0.5213 45.6246 -8.2340 -1.2060
Car -1 -1 -7.6791 453.8674 163.8590 490.3530 189.5761 1.6301 1.6773 4.1556 -8.9647 0.2765 47.6521 -7.8643 -1.2430
Car -1 -1 -4.2367 533.6865 176.3575 575.9658 197.9611 1.6276 1.6487 4.0170 -4.1216 0.9604 56.3273 -4.3098 -1.6945
