Car -1 -1 -7.4061 0.0000 189.9409 216.0197 303.7574 1.4503 1.6171 4.4644 -8.1510 1.5426 11.6817 -8.0047 2.7312
Car -1 -1 -7.5949 264.5351 184.8115 354.2284 233.2027 1.3917 1.5818 4.2273 -9.4009 1.3802 22.8703 -7.9810 2.6761
Car -1 -1 -7.7320 392.7083 178.9871 481.1750 249.9243 1.5772 1.6850 3.7247 -4.1885 1.4388 17.9228 -7.9586 2.6446
Car -1 -1 -7.6658 341.5128 182.5644 396.9509 217.4520 1.4534 1.5998 4.1016 -10.6016 1.3431 32.0845 -7.9828 2.5217
Car -1 -1 -7.8999 525.1759 176.7719 582.5256 227.3665 1.5472 1.7224 3.3313 -1.8866 1.2891 23.7425 -7.9787 2.4288
Car -1 -1 -7.4099 109.9522 165.1926 241.2450 234.6808 2.0208 1.7706 4.7003 -13.8455 1.4387 23.3235 -7.9408 1.0492
Car -1 -1 -7.6327 317.5762 179.7774 358.3348 204.3130 1.4778 1.6213 3.7170 -16.9548 1.1504 45.2478 -7.9896 0.6567
Car -1 -1 -7.5118 251.8348 182.1646 316.6322 214.0561 1.4471 1.6117 3.9329 -15.5351 1.3088 34.6411 -7.9308 0.4869
Car -1 -1 -7.7519 364.5409 178.3854 402.1538 207.2511 1.5119 1.6104 3.6474 -12.3428 1.1543 39.5983 -8.0525 -0.2967
Car -1 -1 -4.0755 0.0000 186.3095 78.7022 280.8479 1.4777 1.5500 3.6759 -11.7644 1.5008 13.1752 -4.7944 -0.3238
Car -1 -1 -6.1654 396.1713 172.9887 460.9532 201.0580 1.7392 1.6078 3.8228 -11.3421 0.9818 45.5773 -6.4082 -0.7092
Car -1 -1 -7.8119 515.8926 179.3531 537.1409 198.6744 1.5375 1.5830 3.7279 -6.6697 1.0712 59.1190 -7.9242 -0.7802
Car -1 -1 -7.8090 469.6791 180.8297 499.4327 206.8795 1.4448 1.5422 3.6213 -7.1483 1.2017 41.7606 -7.9779 -1.6058
Car -1 -1 -4.8864 578.3036 179.7162 623.1359 211.3799 1.5127 1.6139 3.8533 -0.4451 1.2501 36.3854 -4.8990 -1.6071
Pedestrian -1 -1 -4.9167 725.0032 203.7279 745.8984 254.2271 1.0674 0.3739 0.3750 2.7052 1.4725 15.5306 -4.7477 -1.7472
Car -1 -1 -4.9028 552.1672 180.2274 597.4965 211.5858 1.4892 1.5863 3.7431 -1.7417 1.2525 36.1453 -4.9510 -1.9517
Car -1 -1 -4.2890 193.8434 182.6788 259.5674 214.0303 1.4633 1.5372 3.5223 -18.6948 1.3451 35.3567 -4.7725 -1.9601
Cyclist -1 -1 -8.1608 611.8619 176.8000 641.3799 230.8809 1.5619 0.4232 1.5773 0.5057 1.3190 21.5778 -8.1381 -1.9830
Cyclist -1 -1 -4.2325 687.7234 175.0940 727.8823 231.3911 1.6365 0.5626 1.5280 2.9844 1.3424 21.6825 -4.0979 -2.1391
