Car -1 -1 -7.5254 134.2999 189.3449 291.9200 266.4442 1.4301 1.6244 4.5583 -8.5555 1.5356 15.9666 -8.0106 2.8606
Car -1 -1 -7.9156 522.4376 177.7229 587.5988 235.2438 1.6162 1.7619 3.5309 -1.7386 1.4059 22.0694 -7.9937 2.5506
Car -1 -1 -7.7948 413.6671 180.6721 481.0522 240.1728 1.5711 1.6927 3.4361 -4.6043 1.4512 20.8096 -8.0102 2.5268
Car -1 -1 -7.6688 304.9894 185.4334 373.5869 226.4102 1.4337 1.6578 4.4041 -10.1963 1.4429 27.4855 -8.0212 2.3316
Car -1 -1 -7.3557 24.8463 188.1439 193.3779 254.8067 1.4472 1.6891 4.0244 -12.2019 1.5287 17.8716 -7.9480 2.0578
Car -1 -1 -7.7477 356.3777 183.8877 397.5190 214.7512 1.4726 1.5639 3.9876 -11.6645 1.4094 36.4095 -8.0560 1.7523
Car -1 -1 -7.5532 269.2195 184.6314 326.2066 213.7141 1.4777 1.6298 4.2290 -16.6427 1.4482 38.7122 -7.9571 1.4601
Car -1 -1 -7.3158 0.0000 207.3302 105.3342 375.0000 1.4089 1.5720 3.9141 -6.8675 1.6929 7.1484 -8.0626 0.7803
Car -1 -1 -7.4661 162.8231 169.7012 264.8385 223.4562 1.8379 1.8518 4.2250 -14.5598 1.3076 26.7773 -7.9601 0.5744
Car -1 -1 -7.8376 502.6014 182.2802 524.0049 201.3438 1.5177 1.6874 3.9175 -7.7741 1.2841 59.2706 -7.9679 -0.1018
Car -1 -1 -7.7856 401.4131 178.8636 429.2267 202.5848 1.6181 1.6590 3.6471 -13.6335 1.1849 50.9830 -8.0460 -0.4638
Car -1 -1 -4.6160 373.9359 173.2532 397.2399 190.8104 1.5201 1.6154 3.9927 -19.8686 0.4846 64.3575 -4.9146 -1.3138
Car -1 -1 -4.4667 241.3514 180.4938 285.3998 207.4906 1.6297 1.5987 3.9327 -21.7515 1.3448 45.4798 -4.9108 -1.5900
Car -1 -1 -8.0996 578.7772 177.3029 650.2540 220.6184 1.5996 1.7964 4.5857 0.1322 1.3075 28.9876 -8.0956 -1.7607
Pedestrian -1 -1 -4.8773 15.2175 170.5457 46.8406 236.4606 1.8087 0.6021 0.6092 -16.2149 1.4063 20.1525 -5.5485 -1.9817
Cyclist -1 -1 -2.6950 241.0096 178.6500 276.5633 210.5522 1.8674 0.7141 1.7524 -20.6231 1.4833 42.4391 -3.1452 -2.0830
