Car -1 -1 -7.8788 573.6915 174.6580 619.3408 216.1259 1.5500 1.7092 3.9271 -0.5479 1.1555 28.8692 -7.8980 1.8846
Car -1 -1 -7.2300 0.0000 180.2540 182.2834 302.3377 1.4804 1.4691 3.2548 -7.8638 1.4204 10.3538 -7.8672 1.7874
Car -1 -1 -7.6673 382.3132 185.4879 488.7401 255.8366 1.3959 1.6041 3.9990 -3.8077 1.4030 16.3095 -7.8934 1.2568
Car -1 -1 -7.2956 84.5451 181.4190 227.1476 243.0606 1.5035 1.5537 3.6032 -12.0290 1.4111 19.3415 -7.8460 0.4938
Car -1 -1 -8.0054 643.0399 175.5677 697.2164 216.7683 1.4861 1.5500 3.5237 2.3013 1.1382 27.7399 -7.9239 -0.4486
Pedestrian -1 -1 -7.5641 373.1528 177.0226 396.3900 225.4868 1.7324 0.6853 0.5057 -8.0887 1.4397 25.9517 -7.8636 -0.7834
Car -1 -1 -4.8449 521.9039 173.1333 552.9942 195.6421 1.4940 1.6229 4.0154 -4.9383 0.6922 49.8551 -4.9435 -1.2590
Pedestrian -1 -1 -7.9972 657.1202 171.4649 681.1522 220.2759 1.7440 0.8014 0.4891 2.1696 1.2529 25.9534 -7.9151 -1.2796
Car -1 -1 -7.8150 646.3764 175.7429 672.6430 199.9832 1.5127 1.5685 3.6401 3.3712 0.9217 46.7563 -7.7438 -1.3866
Pedestrian -1 -1 -7.6520 694.7876 174.2906 711.9601 214.1278 1.6328 0.6097 0.5501 3.9290 1.1852 29.8229 -7.5227 -1.5939
Cyclist -1 -1 -7.8567 546.3107 171.1508 553.4500 207.5025 1.7556 0.3438 1.6288 -2.9004 1.0765 35.5431 -7.9379 -1.6981
Car -1 -1 -6.4080 685.1935 179.0865 763.6761 208.6557 1.4876 1.6250 3.8131 5.9299 1.1794 37.0378 -6.2509 -1.7652
Car -1 -1 -4.6718 608.1314 172.8214 626.3636 189.1156 1.5272 1.6031 4.0116 0.9327 0.3657 69.4222 -4.6588 -1.7986
Car -1 -1 -5.9981 635.8253 171.6412 693.8527 194.3880 1.5758 1.6150 3.8235 4.0484 0.6356 51.2336 -5.9201 -1.8515
Car -1 -1 -7.8250 544.8638 176.5651 585.5504 212.8334 1.4629 1.6380 3.8591 -1.8155 1.1142 30.9490 -7.8834 -1.8860
Cyclist -1 -1 -5.0476 698.8546 170.8017 718.8260 202.1198 1.7978 0.6401 1.6745 5.8863 0.9705 42.1493 -4.9101 -1.9621
Car -1 -1 -5.3281 617.9417 178.0433 681.4460 205.1815 1.4794 1.6483 3.9623 2.3240 1.0885 41.3029 -5.2727 -1.9749
Car -1 -1 -4.5691 540.3126 175.1537 569.9886 196.0592 1.4971 1.6342 4.1384 -3.9021 0.7767 53.5999 -4.6417 -2.0086
Car -1 -1 -4.8369 544.2098 174.0786 577.6679 200.7612 1.5708 1.5921 3.7925 -2.9553 0.9153 44.3305 -4.9035 -2.0504
Pedestrian -1 -1 -7.9216 703.6527 172.8840 716.8474 206.8414 1.7875 0.6401 0.8022 5.4184 1.1385 38.2624 -7.7823 -2.1344
