Car -1 -1 -7.8595 574.8903 177.0665 619.0246 216.2219 1.5354 1.7317 3.4416 -0.5031 1.2160 29.9282 -7.8766 2.6203
Car -1 -1 -7.3601 111.8287 182.7498 281.9087 272.4631 1.5512 1.5143 3.2082 -7.8869 1.5087 14.0407 -7.8640 2.5523
Car -1 -1 -7.6713 417.2449 186.9012 506.0533 246.7001 1.4168 1.6240 3.8144 -3.8029 1.4661 19.0560 -7.8660 1.0102
Car -1 -1 -7.9807 637.5623 176.3720 685.0820 212.8502 1.5011 1.5920 3.8068 2.2495 1.1374 31.5272 -7.9106 0.1553
Car -1 -1 -7.3590 155.1790 183.8392 266.6980 235.9793 1.4804 1.5416 3.4386 -12.1285 1.4414 22.1303 -7.8555 0.0631
Car -1 -1 -7.1363 0.0000 200.4052 56.1784 375.0000 1.4346 1.6302 4.0062 -7.7196 1.6285 7.0982 -7.9449 -0.5712
Cyclist -1 -1 -6.3852 454.3361 173.7752 498.2571 219.5400 1.7658 0.6691 1.6403 -5.2168 1.3246 28.2873 -6.5663 -1.2543
Pedestrian -1 -1 -7.8634 651.0212 172.8124 670.0737 215.5338 1.7448 0.7767 0.4858 2.1323 1.2384 29.6256 -7.7927 -1.2599
Pedestrian -1 -1 -3.9637 263.3447 171.1474 304.5061 242.4637 1.8425 0.6009 0.8145 -8.6237 1.4792 19.0547 -4.3838 -1.5185
Car -1 -1 -6.3046 557.8657 182.2003 625.1125 207.1918 1.5113 1.6633 4.0755 -1.0482 1.3291 44.3958 -6.3286 -1.7246
Car -1 -1 -4.6794 540.0749 174.8362 558.3678 191.1228 1.4775 1.5773 3.9769 -5.4595 0.5360 67.2357 -4.7604 -2.0258
Car -1 -1 -8.2932 582.8049 176.4013 621.4294 195.6892 1.5270 1.6188 4.0031 -0.5192 0.8293 59.0660 -8.3024 -2.0473
Car -1 -1 -5.0006 623.7838 177.5566 667.2543 203.0518 1.5218 1.6205 4.0705 2.2862 1.0648 45.0770 -4.9506 -2.1580
