Car -1 -1 -7.4365 115.9500 196.3371 387.5005 353.6013 1.4074 1.5055 3.3685 -3.8782 1.5630 8.3600 -7.8590 2.6368
Car -1 -1 -7.8616 565.7145 177.3520 602.8604 212.7132 1.5986 1.6803 3.5769 -1.1739 1.2432 34.3195 -7.8960 2.3844
Car -1 -1 -7.3167 59.4495 188.2480 260.0992 275.7995 1.4788 1.6520 3.6794 -8.5886 1.5463 14.1104 -7.8553 2.0616
Car -1 -1 -4.4726 368.0704 177.9507 432.0251 220.3804 1.6388 1.6359 3.9893 -8.5570 1.3583 29.7889 -4.7503 1.3588
Car -1 -1 -7.4368 242.0511 180.8574 325.8022 221.2778 1.5043 1.5786 3.9356 -12.8643 1.3422 28.7212 -7.8547 1.1411
Car -1 -1 -7.1408 0.0000 199.5175 75.5343 375.0000 1.4193 1.6159 3.9316 -7.7767 1.6091 7.5119 -7.9258 0.5258
Car -1 -1 -7.9512 608.5796 175.7631 639.9398 201.0884 1.6592 1.7381 4.1990 1.0621 1.0401 49.2552 -7.9301 -0.8599
Car -1 -1 -7.7298 597.9404 174.1670 620.4684 190.9768 1.5663 1.6733 4.1125 0.1606 0.5369 69.1246 -7.7279 -0.8975
Pedestrian -1 -1 -8.1765 422.5328 178.7353 439.8628 213.6062 1.6738 0.5823 0.8439 -8.6390 1.3629 35.0183 -8.4170 -0.9556
Pedestrian -1 -1 -3.4835 658.6335 175.7921 678.8885 210.8071 1.6951 0.6389 0.8210 2.9500 1.2391 35.2146 -3.4010 -0.9797
Car -1 -1 -7.3602 82.9225 186.5330 215.2726 246.3500 1.5183 1.5873 3.6139 -12.7538 1.5589 20.1825 -7.9180 -1.0940
Car -1 -1 -7.6975 424.6030 182.2865 467.5714 212.7866 1.4747 1.5850 3.6394 -8.2153 1.3333 36.6241 -7.9170 -1.2270
Car -1 -1 -4.7385 400.9930 173.4101 425.2737 196.2327 1.5611 1.5692 3.8100 -13.9177 0.7537 51.2213 -5.0028 -1.7997
Car -1 -1 -4.5753 115.4708 171.6775 146.7422 191.0385 1.5517 1.6232 4.0568 -39.6159 0.4668 59.7934 -5.1586 -1.9359
Car -1 -1 -7.8779 400.4598 182.0481 435.9305 214.3230 1.5415 1.6408 4.0296 -9.7010 1.3904 36.4976 -8.1363 -2.0608
Car -1 -1 -4.4865 59.4062 174.1239 100.6469 195.4881 1.5622 1.6503 4.0981 -40.1665 0.7513 54.7722 -5.1171 -2.1378
