Car -1 -1 -7.8514 566.7128 172.8724 627.6240 228.8077 1.5803 1.7217 3.3603 -0.3703 1.2317 22.0013 -7.8685 2.4642
Car -1 -1 -7.2068 0.0000 191.7155 153.8638 342.2289 1.4288 1.5829 3.8854 -7.6695 1.5279 8.9712 -7.8994 1.5897
Car -1 -1 -7.5957 274.5012 176.3351 339.3286 214.8674 1.4947 1.6013 3.5953 -12.4151 1.1504 29.7742 -7.9878 1.5827
Car -1 -1 -7.3726 277.9632 179.2967 372.7235 232.1215 1.4201 1.4681 2.6670 -8.1101 1.2611 20.7326 -7.7413 1.3273
Car -1 -1 -7.0585 0.0000 212.4205 224.2481 375.0000 1.4047 1.6084 3.8281 -3.7038 1.6060 3.3952 -7.8484 0.6373
Car -1 -1 -7.8679 517.6917 175.8171 545.4310 201.5469 1.4804 1.5912 3.8207 -4.6528 0.9398 43.3535 -7.9745 -0.6690
Car -1 -1 -7.8226 514.0699 176.5674 549.5593 207.5343 1.4435 1.6215 3.9565 -3.7397 1.0405 35.5406 -7.9270 -0.9757
Car -1 -1 -7.9093 624.8966 174.1164 659.6729 204.4003 1.5314 1.6256 3.8600 1.7595 0.9703 38.2883 -7.8641 -1.0017
Car -1 -1 -7.8741 487.9071 176.5006 526.6849 211.3354 1.4458 1.6013 3.8385 -4.5305 1.0842 31.8578 -8.0146 -1.1308
Car -1 -1 -2.7552 628.6307 174.9996 728.3776 214.5636 1.4926 1.5793 3.6304 2.7703 1.1074 28.6610 -2.6601 -1.2421
Pedestrian -1 -1 -7.2824 182.3582 171.1392 207.5238 215.8076 1.7444 0.6322 0.6104 -16.3423 1.1949 28.3952 -7.8008 -1.4607
Car -1 -1 -6.2661 495.2210 163.7483 542.5331 182.0065 1.6367 1.6760 4.2489 -8.1338 -0.2986 65.8670 -6.3887 -1.5745
Pedestrian -1 -1 -4.5638 530.9727 171.5537 547.4532 215.3160 1.6431 0.5165 0.7803 -2.6493 1.1303 27.3933 -4.6596 -1.5864
Car -1 -1 -7.9846 538.0013 172.6478 567.7908 196.7843 1.6120 1.5971 3.6434 -3.8700 0.7728 49.9564 -8.0618 -1.7530
Car -1 -1 -6.6703 698.0296 166.0507 788.8834 202.1229 1.6419 1.6437 3.8781 6.3404 0.7697 33.9189 -6.4874 -1.8285
Car -1 -1 -6.8515 541.0137 172.4258 616.8790 200.6398 1.6012 1.6656 4.2804 -1.7126 0.8755 42.7024 -6.8917 -1.8469
Cyclist -1 -1 -7.5124 255.7406 175.4001 279.0766 212.8709 1.6109 0.3943 1.6658 -15.0583 1.1891 31.7532 -7.9522 -1.8810
Car -1 -1 -5.0370 539.2287 171.7454 574.0770 191.2656 1.5089 1.5956 3.9915 -4.1580 0.4678 57.7151 -5.1089 -1.8956
Car -1 -1 -7.7009 538.5825 175.5204 583.6384 207.2705 1.4823 1.6274 4.0794 -2.2880 1.0298 35.6640 -7.7648 -1.9419
