Car -1 -1 -7.8400 571.2857 176.0157 621.0264 221.0340 1.5602 1.7240 3.3476 -0.4511 1.2415 26.5907 -7.8573 2.5043
Car -1 -1 -7.5918 284.7951 186.5190 457.7004 295.6628 1.5137 1.6617 4.2548 -3.8005 1.5399 12.1762 -7.8884 1.9161
Car -1 -1 -7.5806 368.3309 179.1769 433.2354 217.5898 1.4232 1.5235 3.6870 -8.1571 1.1996 28.4790 -7.8573 0.8769
Car -1 -1 -7.5591 418.5325 177.2572 457.2394 197.6623 1.4670 1.6591 4.2409 -12.6906 0.8950 53.8504 -7.7897 -0.6708
Pedestrian -1 -1 -5.6270 558.5497 174.5252 568.8469 195.4859 1.7706 0.7195 0.5503 -3.7636 0.8677 61.1772 -5.6885 -1.2754
Cyclist -1 -1 -6.6470 723.6223 166.8096 772.8000 217.7265 1.7957 0.6115 1.6201 4.9914 1.1467 25.7938 -6.4583 -1.4636
Car -1 -1 -4.7198 622.4014 179.9556 653.9530 209.5566 1.4976 1.5961 3.9814 1.5702 1.2317 38.3857 -4.6797 -1.5624
Car -1 -1 -4.9318 624.0461 172.1252 652.6719 191.6849 1.6645 1.6545 4.1240 2.6459 0.5507 63.3497 -4.8906 -1.7768
Car -1 -1 -4.7403 616.8568 174.3353 642.5369 198.1336 1.5969 1.6715 4.0930 1.4745 0.8670 50.2847 -4.7116 -1.9425
Car -1 -1 -4.6748 520.3942 180.9808 555.4201 212.1579 1.4636 1.5884 3.8957 -3.4591 1.2650 35.7376 -4.7710 -2.0702
Car -1 -1 -4.4989 616.7507 176.8344 655.0600 201.7371 1.5314 1.6497 4.0630 1.8362 1.0161 46.3781 -4.4599 -2.1267
Car -1 -1 -2.8228 606.9279 176.3373 659.3667 196.2554 1.5041 1.6058 3.7456 1.9513 0.8338 55.6864 -2.7884 -2.1498
Car -1 -1 -4.6233 405.4281 177.2780 445.5082 208.4575 1.5212 1.6364 4.2933 -9.4351 1.1341 37.3212 -4.8696 -2.1508
