Car -1 -1 -7.2345 0.0000 187.8477 202.1980 314.4609 1.4565 1.5894 3.8450 -7.7156 1.5013 10.2813 -7.8659 1.9530
Car -1 -1 -7.8715 583.2369 175.3343 620.4366 210.5815 1.5929 1.6826 3.6574 -0.3563 1.1465 34.3376 -7.8822 1.9062
Car -1 -1 -7.2946 45.2937 184.3205 215.1781 253.3544 1.4711 1.6153 3.7457 -11.2541 1.4522 17.2021 -7.8670 0.4663
Cyclist -1 -1 -2.2721 381.5444 169.3250 427.0625 219.3569 1.8283 0.7402 1.6779 -7.7017 1.2478 27.0460 -2.5472 -0.5939
Pedestrian -1 -1 -7.7251 695.3582 172.6072 710.4619 212.8712 1.7587 0.5547 0.9132 4.1898 1.2081 31.9111 -7.5961 -0.6218
Car -1 -1 -7.9256 654.2319 177.7915 703.0875 218.4326 1.4998 1.6256 4.0007 2.7062 1.2260 28.5456 -7.8324 -0.7124
Car -1 -1 -5.2785 625.5456 177.5647 677.2007 200.8411 1.5574 1.6663 4.0886 2.9780 1.0456 50.2897 -5.2201 -1.2333
Pedestrian -1 -1 -3.7704 273.0659 164.5528 381.7129 337.0421 1.7321 0.5033 0.9855 -3.0662 1.5247 7.7687 -4.1349 -1.3184
Car -1 -1 -7.7049 626.4940 175.3142 658.0034 200.1373 1.5992 1.6100 3.5132 2.3212 0.9614 48.1905 -7.6574 -1.6062
Cyclist -1 -1 -3.1130 430.4875 174.5941 466.7063 211.5258 1.8009 0.6974 1.7304 -7.8956 1.2831 35.5591 -3.3303 -1.6375
Car -1 -1 -4.5155 491.7637 179.1099 546.8661 214.8368 1.4620 1.6300 4.0627 -3.8391 1.2123 31.5032 -4.6361 -1.9159
Car -1 -1 -8.2329 641.0585 176.2454 681.1141 196.0248 1.5046 1.7318 4.1787 4.1571 0.8224 56.9347 -8.1608 -2.0387
Pedestrian -1 -1 -6.6616 195.1374 166.6835 305.7516 336.3484 1.7020 0.5035 0.9476 -3.8858 1.5162 7.7307 -7.1137 -2.1413
Pedestrian -1 -1 -4.5887 182.2688 178.9823 204.2388 227.0101 1.7225 0.6166 0.6536 -15.1447 1.4991 26.2021 -5.1087 -2.1672
Cyclist -1 -1 -7.2796 412.3209 171.0819 453.6136 219.9677 1.7989 0.6643 1.7885 -6.6845 1.2790 27.4068 -7.5169 -2.1752
