Car -1 -1 -7.5269 247.5959 191.5628 426.7867 300.8926 1.4033 1.5418 3.3730 -4.0284 1.5166 11.1201 -7.8671 2.5938
Car -1 -1 -7.8806 562.3467 178.1031 600.3217 214.0697 1.5721 1.6502 3.3891 -1.2994 1.2613 33.1657 -7.9199 2.2377
Car -1 -1 -7.4538 190.6806 186.3745 318.6633 249.1229 1.4176 1.5616 3.7004 -8.8173 1.4501 18.1933 -7.8996 1.8383
Car -1 -1 -7.2812 0.0000 189.0698 225.9054 302.1311 1.4630 1.6347 4.1115 -8.0385 1.5360 11.5194 -7.8797 1.6565
Car -1 -1 -7.5025 285.3809 179.2913 350.1588 213.2249 1.4433 1.5360 3.6577 -13.0345 1.1915 32.4247 -7.8821 1.5658
Car -1 -1 -7.3032 167.6850 183.2698 276.6579 229.1644 1.4236 1.5330 3.6456 -12.8729 1.3634 24.1668 -7.7883 1.3378
Car -1 -1 -7.1914 0.0000 191.1847 287.4177 375.0000 1.5481 1.5369 3.5675 -3.1642 1.5927 3.5527 -7.8822 1.2130
Car -1 -1 -7.6337 391.5851 178.8684 445.1127 214.8270 1.5958 1.6415 3.7898 -8.8771 1.3142 33.8236 -7.8888 -0.1966
Pedestrian -1 -1 -6.1971 646.1346 171.6952 663.8568 209.4930 1.8246 0.6675 0.8104 2.2738 1.1721 35.0920 -6.1333 -0.1968
Car -1 -1 -7.7313 436.6076 181.7897 473.0263 209.0340 1.4679 1.5608 3.8049 -8.6395 1.2835 40.6946 -7.9396 -0.7072
Car -1 -1 -3.3396 600.0125 180.6323 674.6868 208.2981 1.4985 1.5936 3.9158 1.5916 1.2504 40.0345 -3.3006 -1.3654
Pedestrian -1 -1 -7.8405 518.7125 172.3263 532.6538 206.3387 1.9006 0.7735 0.5117 -4.6483 1.1805 40.4629 -7.9545 -1.6013
Car -1 -1 -3.5848 0.0000 189.3744 54.3500 281.7843 1.4789 1.6143 3.9287 -13.3372 1.5713 13.8187 -4.3429 -1.6580
Pedestrian -1 -1 -7.9996 888.4883 156.8860 938.9561 282.6556 1.7385 0.5888 0.5026 4.2971 1.3471 10.2513 -7.6127 -1.8739
Car -1 -1 -2.7795 150.4851 169.0929 258.0737 202.1998 1.5438 1.6948 4.1969 -19.4058 0.7921 34.6626 -3.2867 -1.9136
Car -1 -1 -4.3655 0.0000 184.6803 102.0533 276.2483 1.5242 1.6067 3.8463 -11.5287 1.5154 14.0456 -5.0436 -1.9494
Car -1 -1 -4.7686 127.4014 175.3701 152.6664 194.0151 1.5870 1.6421 4.0801 -41.2308 0.7491 63.3167 -5.3442 -1.9963
Car -1 -1 -4.5819 594.5640 178.6345 629.9346 204.5364 1.5463 1.6820 4.2788 0.3038 1.1536 45.1486 -4.5756 -1.9966
Car -1 -1 -4.7085 88.5102 172.9591 113.7573 193.7079 1.6280 1.6332 3.9975 -41.2311 0.6665 58.5092 -5.3204 -2.0167
Car -1 -1 -4.7233 618.0815 176.8463 651.8005 208.0455 1.5496 1.6746 3.8540 1.3628 1.1341 37.6511 -4.6878 -2.0440
