Car -1 -1 -7.8491 560.0733 177.6128 607.6306 219.7330 1.5640 1.7666 3.3532 -0.9796 1.2818 28.3938 -7.8837 2.7111
Car -1 -1 -7.7339 461.3901 179.6513 519.8225 226.2578 1.5460 1.6273 3.6913 -4.1584 1.3615 25.7207 -7.8930 2.4567
Car -1 -1 -7.5694 306.2267 177.5677 491.9324 296.6128 1.6261 1.7847 4.1808 -3.2498 1.5218 11.9302 -7.8300 2.3134
Car -1 -1 -7.3056 41.4195 185.3847 206.7406 246.3089 1.4550 1.6533 4.3135 -12.8239 1.4602 19.3607 -7.8844 2.1590
Car -1 -1 -7.4676 232.9082 185.2314 357.5302 247.8698 1.4763 1.6656 3.7892 -8.0781 1.4769 18.8489 -7.8677 1.7696
Car -1 -1 -7.1366 0.0000 176.7309 152.3478 355.2442 1.6906 1.6199 3.9853 -7.7265 1.6104 8.8102 -7.8417 1.4008
Car -1 -1 -7.7685 510.3163 181.1162 546.6619 209.8958 1.4312 1.5604 4.0255 -4.1480 1.2275 37.7785 -7.8775 1.1875
Car -1 -1 -7.2177 210.8123 183.1955 317.3375 225.7086 1.4274 1.5751 3.7267 -12.4052 1.3597 26.1172 -7.6575 1.1697
Car -1 -1 -7.6059 384.3342 177.7487 442.6155 215.2182 1.5324 1.5875 3.6648 -8.4076 1.2272 31.2420 -7.8669 0.2386
Car -1 -1 -4.4297 297.0654 185.1263 375.4536 230.0322 1.3965 1.5060 3.6224 -9.0890 1.3939 24.2172 -4.7854 -0.5792
Car -1 -1 -4.5649 424.3904 181.3953 466.6849 210.5188 1.4726 1.6581 3.7714 -8.6162 1.2795 38.2883 -4.7851 -0.7621
Car -1 -1 -2.4525 494.7302 181.0249 568.6394 208.6259 1.4810 1.6121 4.0144 -4.3235 1.2563 40.3486 -2.5589 -1.4096
Car -1 -1 -7.7612 367.3338 178.8107 402.9907 206.2823 1.4831 1.5934 3.6897 -12.6094 1.1375 40.7784 -8.0596 -1.6366
Car -1 -1 -6.8426 540.3551 178.7716 621.2485 208.2711 1.5612 1.6816 4.2462 -1.5011 1.2203 39.9319 -6.8803 -1.8634
