Car -1 -1 -7.8335 556.0702 176.8198 608.4783 222.5568 1.5438 1.7693 3.3424 -0.9300 1.2606 25.9495 -7.8694 2.5453
Car -1 -1 -7.3373 118.2128 179.9343 307.6458 270.8810 1.5955 1.6183 3.8796 -7.8055 1.5030 14.5760 -7.8216 2.5424
Car -1 -1 -7.5628 337.2633 179.7538 414.6364 224.8270 1.5071 1.6199 3.8137 -8.3092 1.3246 25.9552 -7.8700 2.4369
Car -1 -1 -7.7372 482.9433 179.7544 530.2361 216.9536 1.4794 1.5593 3.7197 -4.2648 1.2623 30.4641 -7.8754 1.8991
Car -1 -1 -7.6747 405.9977 175.6025 515.5340 255.4218 1.6540 1.7959 4.1384 -3.3627 1.4550 16.9773 -7.8677 1.6468
Car -1 -1 -7.4198 299.8331 180.1863 369.4789 212.3926 1.4232 1.5898 3.8148 -12.7614 1.2012 33.7289 -7.7791 1.5570
Car -1 -1 -7.8251 422.4286 176.7706 457.3176 208.5212 1.6197 1.7182 3.6864 -9.0108 1.1891 38.6481 -8.0530 0.2284
Car -1 -1 -7.6379 117.4774 184.4410 216.0579 239.2879 1.4577 1.6266 4.0602 -12.9564 1.4372 21.2886 -8.1793 0.1453
Car -1 -1 -7.9434 516.1616 180.6350 548.6255 207.1484 1.4999 1.5807 3.7407 -4.5394 1.2409 42.6537 -8.0492 0.0915
Car -1 -1 -7.4439 222.7291 181.9847 307.5753 222.9805 1.4395 1.5471 3.6486 -12.8427 1.3262 27.0873 -7.8831 -0.2929
Car -1 -1 -2.8493 329.2299 181.0797 424.6638 214.3513 1.4137 1.5548 3.6705 -10.0509 1.2381 31.3500 -3.1573 -0.5277
Car -1 -1 -7.5713 353.8649 179.0995 399.6818 206.3160 1.4798 1.5409 3.5778 -13.1132 1.1474 40.8929 -7.8801 -1.0011
Car -1 -1 -8.1463 601.1591 177.9468 649.5571 204.9535 1.5262 1.7305 4.2243 0.9600 1.1156 42.8909 -8.1245 -1.3052
Car -1 -1 -4.7985 608.3694 175.5169 634.6193 198.0981 1.6541 1.6484 4.0317 0.9899 0.9438 54.7243 -4.7809 -1.4211
Car -1 -1 -4.6976 673.4951 180.8793 705.3414 210.3726 1.4534 1.5636 3.5956 4.2243 1.2398 37.3054 -4.5861 -1.4585
Pedestrian -1 -1 -5.9219 0.0000 168.7593 33.0938 240.5620 1.8480 0.6947 0.6375 -15.7183 1.4246 18.9322 -6.6080 -1.6489
Car -1 -1 -3.0654 610.5625 176.0314 673.1949 199.0265 1.6026 1.7365 4.3406 2.4346 0.9627 51.2276 -3.0186 -1.7185
Car -1 -1 -7.1329 0.0000 166.9282 72.9372 200.0179 2.1713 1.8303 4.4957 -39.4832 0.9715 49.4610 -7.8042 -1.7296
Car -1 -1 -4.6184 34.1599 176.8357 69.0689 198.7110 1.5528 1.6534 4.1657 -41.1503 0.9581 53.2315 -5.2743 -2.1816
