Car -1 -1 -7.6994 453.3939 176.6444 528.8575 230.8636 1.4765 1.6001 4.2401 -3.4550 1.2432 21.6969 -7.8558 2.2882
Car -1 -1 -7.6889 382.4727 186.5561 499.9436 265.5470 1.3818 1.6251 4.3965 -3.3180 1.4139 14.8878 -7.9047 2.2056
Car -1 -1 -7.8381 556.0989 172.8044 628.5833 240.0838 1.5978 1.7218 3.4893 -0.4277 1.3032 18.8224 -7.8609 2.1197
Car -1 -1 -7.6007 413.5609 175.1241 465.5761 206.8822 1.4614 1.5614 3.7891 -8.1554 0.9972 34.9945 -7.8283 0.8616
Car -1 -1 -7.6656 519.9426 174.7602 564.5682 205.3556 1.4989 1.5872 3.9782 -3.3714 0.9868 37.2755 -7.7555 0.2154
Car -1 -1 -7.7120 488.7404 175.8129 544.1459 215.4173 1.4752 1.6386 4.0827 -3.6248 1.1251 28.8318 -7.8363 0.1972
Car -1 -1 -7.5211 454.6031 173.6320 495.8093 197.0764 1.5108 1.5799 3.7607 -8.8820 0.7645 48.3028 -7.7023 -0.4397
Car -1 -1 -7.8656 623.6934 172.0596 654.0269 200.6649 1.5604 1.6542 3.9834 1.7236 0.8429 41.2275 -7.8245 -1.1983
Car -1 -1 -4.7990 677.0600 175.0499 716.1869 205.4636 1.4995 1.6530 4.2162 4.5535 0.9984 37.5758 -4.6797 -1.2074
Car -1 -1 -7.9117 628.4619 179.7692 668.7106 213.3832 1.4538 1.6057 3.9597 1.7860 1.2184 33.0740 -7.8587 -1.2758
Car -1 -1 -7.9456 437.4701 171.6713 460.9038 189.5838 1.5411 1.6623 4.1774 -14.1785 0.3760 64.0896 -8.1627 -1.8056
Car -1 -1 -7.9015 490.1098 168.6066 511.2381 188.9456 1.7769 1.6914 4.1207 -9.7203 0.3260 64.9882 -8.0497 -1.8214
Pedestrian -1 -1 -4.5678 742.7659 163.0917 765.9780 220.8078 1.8054 0.6399 0.6534 4.6290 1.1135 22.9017 -4.3711 -1.9894
Car -1 -1 -3.9998 257.2088 179.1053 421.5023 250.5528 1.4684 1.5624 3.6551 -6.1447 1.3430 16.7600 -4.3463 -2.0750
Car -1 -1 -8.1346 647.4772 171.0575 683.8442 193.5205 1.5232 1.6056 3.6262 4.0184 0.5633 50.6839 -8.0563 -2.1235
Cyclist -1 -1 -7.4202 515.2578 173.3288 543.0036 216.3121 1.5737 0.3938 1.6322 -2.9982 1.1386 27.1546 -7.5294 -2.1851
