Car -1 -1 -7.6590 427.8790 183.5743 511.2378 240.1501 1.4822 1.6487 3.7616 -3.9220 1.4394 20.7218 -7.8441 2.2886
Car -1 -1 -7.4165 9.7597 167.9817 425.2995 375.0000 1.6534 1.6685 4.1782 -3.2043 1.5385 6.9009 -7.8368 2.2808
Car -1 -1 -7.8480 568.6898 179.5125 611.1346 219.6618 1.5894 1.6808 3.6812 -0.7841 1.3638 30.3150 -7.8741 2.2689
Car -1 -1 -7.5327 318.9683 177.6568 408.9129 230.7039 1.6378 1.6515 4.0759 -8.1358 1.4046 24.2329 -7.8536 2.2328
Car -1 -1 -7.7058 500.5760 183.0714 549.2436 216.4125 1.4328 1.6151 4.2053 -3.7728 1.3408 33.0219 -7.8190 2.0789
Car -1 -1 -7.2810 0.0000 190.4572 235.0021 299.3943 1.4671 1.5938 3.8687 -7.9612 1.5675 11.8099 -7.8638 1.3598
Car -1 -1 -4.0972 41.8545 185.3421 209.6895 247.0432 1.4278 1.6102 3.9387 -12.3211 1.4316 18.6414 -4.6749 -0.0388
Car -1 -1 -7.6803 391.3966 183.9581 440.9271 220.0845 1.4611 1.5058 3.2397 -8.1770 1.4104 30.7504 -7.9385 -0.0948
Car -1 -1 -4.2166 152.0691 189.1049 300.2489 257.4234 1.4002 1.5122 3.5480 -8.7473 1.5005 16.7253 -4.6922 -0.7241
Car -1 -1 -4.3095 214.3467 183.9242 299.5587 225.9246 1.4278 1.5293 3.5049 -12.7332 1.3840 26.2221 -4.7578 -0.8558
Car -1 -1 -6.2705 309.5575 181.6434 412.2130 217.2841 1.5285 1.6604 4.2545 -11.0630 1.3755 32.2787 -6.5985 -0.9177
Car -1 -1 -7.5263 602.2688 180.1834 651.1121 209.5216 1.5290 1.5690 3.7255 1.0579 1.2669 39.4836 -7.5001 -0.9598
Car -1 -1 -3.7255 179.3295 174.4637 282.5092 209.4352 1.4801 1.6087 3.8892 -16.9887 1.0252 32.5148 -4.2038 -1.3822
Car -1 -1 -7.1175 0.0000 190.5591 26.4749 292.3402 1.4556 1.6050 3.7306 -12.3220 1.5618 12.3727 -7.8902 -1.7280
Car -1 -1 -4.7848 457.6176 177.8382 478.4911 195.2034 1.5132 1.5686 3.8226 -12.6080 0.8705 64.6897 -4.9768 -1.9424
Car -1 -1 -7.6047 631.2417 179.9595 677.2018 209.6094 1.5282 1.6294 3.7206 2.5416 1.2574 39.0718 -7.5407 -2.0841
Car -1 -1 -5.0386 610.8474 179.9109 644.9578 200.5321 1.5401 1.5572 3.6117 1.5044 1.1441 55.6437 -5.0121 -2.1105
