Car -1 -1 -7.8688 559.1713 172.1557 629.7468 236.4641 1.5915 1.7498 3.2376 -0.4378 1.2684 19.4402 -7.8914 2.3316
Car -1 -1 -7.7358 481.3208 177.5504 541.5422 220.5942 1.4432 1.6608 4.4999 -3.4802 1.1863 26.3620 -7.8661 1.5403
Car -1 -1 -7.7838 506.4546 176.4485 549.0068 210.8540 1.4777 1.6508 4.1650 -3.6471 1.1013 32.9887 -7.8934 0.0910
Car -1 -1 -7.8129 521.4802 174.7094 553.4135 203.3977 1.5348 1.6332 3.7521 -3.9380 0.9729 40.3770 -7.9098 0.0570
Car -1 -1 -2.8520 611.5024 172.4236 664.8670 194.6344 1.5306 1.5616 3.4700 2.1352 0.6492 50.8393 -2.8107 -1.3857
Car -1 -1 -7.8695 494.6338 160.2883 516.4749 182.3512 1.6736 1.6538 3.8867 -8.1650 -0.2356 57.1097 -8.0111 -1.6914
Pedestrian -1 -1 -6.4307 495.2354 159.8921 506.7865 183.6692 1.8131 0.6098 0.7974 -8.2295 -0.1196 55.2774 -6.5780 -1.8476
Pedestrian -1 -1 -3.3569 499.0016 175.2785 521.4016 234.3873 1.5368 0.4090 0.5097 -2.6242 1.2786 18.9697 -3.4928 -1.9537
Car -1 -1 -7.8630 633.8552 176.8217 676.4888 215.8932 1.4418 1.5724 3.8416 1.8117 1.1322 28.4877 -7.8005 -2.0386
Car -1 -1 -4.9211 620.1689 171.7348 645.1063 188.7927 1.5301 1.5646 3.6995 2.2593 0.3210 66.4397 -4.8876 -2.1016
