Car -1 -1 -7.6447 404.1656 188.9837 494.8791 248.0788 1.4454 1.6095 4.1388 -4.3010 1.5609 19.9172 -7.8550 2.4701
Car -1 -1 -7.8552 576.7827 181.2390 607.6146 209.4527 1.5187 1.6602 3.9959 -0.9184 1.3048 40.7131 -7.8781 1.7577
Car -1 -1 -7.6874 471.1667 185.1942 521.3017 221.3295 1.4698 1.5523 3.6727 -4.7977 1.4690 31.0859 -7.8397 1.7389
Car -1 -1 -7.7302 423.4925 181.4721 462.0231 210.8178 1.5531 1.6468 3.6444 -9.1483 1.3551 39.9396 -7.9543 1.5828
Car -1 -1 -7.5880 365.5958 188.2534 427.2328 224.2241 1.3474 1.4905 3.5887 -8.5003 1.4779 29.0388 -7.8706 1.3892
Car -1 -1 -7.5388 398.2149 180.5073 439.1658 203.5150 1.5152 1.6139 3.8043 -12.9353 1.2053 49.2892 -7.7945 0.8224
Car -1 -1 -7.5063 495.8825 181.9549 544.4020 209.7926 1.5221 1.6126 3.6660 -5.0071 1.3440 41.2741 -7.6266 -0.0536
Car -1 -1 -4.8259 452.9753 180.2564 483.8288 203.5267 1.4892 1.5924 3.8830 -9.3832 1.1720 48.0935 -5.0179 -0.1478
Car -1 -1 -4.8120 631.3038 181.9335 662.0023 207.1232 1.4621 1.5170 3.3448 2.2861 1.2717 43.4312 -4.7602 -0.6571
Car -1 -1 -4.7295 519.6295 179.9369 543.3553 202.9552 1.5487 1.5816 3.8306 -5.3966 1.1937 50.3643 -4.8361 -1.3016
Car -1 -1 -4.7726 627.9491 181.1568 657.0577 205.3360 1.5029 1.6521 3.7047 2.1859 1.2507 46.5446 -4.7264 -1.6803
Car -1 -1 -4.8587 317.7857 187.3310 393.5754 242.7552 1.5155 1.6089 4.0307 -7.8271 1.5866 21.9784 -5.1974 -1.7906
Car -1 -1 -4.4459 608.9934 181.8722 635.5945 197.7789 1.4990 1.6138 3.9133 1.4347 1.1841 69.8485 -4.4259 -1.8982
Cyclist -1 -1 -3.0263 643.9501 177.8460 692.7655 230.7178 1.7434 0.6804 1.5708 2.0013 1.5005 24.1904 -2.9452 -1.9139
Car -1 -1 -7.6593 648.7272 171.7720 673.9214 193.2233 1.9463 1.6408 3.8590 5.0334 0.7267 67.2992 -7.5854 -2.0823
Pedestrian -1 -1 -4.6739 692.1832 183.4016 705.7003 221.2768 1.6005 0.5530 0.5728 3.8579 1.5240 30.7041 -4.5505 -2.1817
