Car -1 -1 -7.7271 458.2491 185.2549 513.9102 228.5011 1.5152 1.5880 3.8966 -4.5636 1.5169 27.1668 -7.8924 2.5122
Car -1 -1 -7.2873 0.0000 187.8326 214.3729 311.1473 1.5925 1.6082 3.5908 -7.9081 1.6400 11.1852 -7.8917 2.2959
Car -1 -1 -7.8843 573.3930 181.1928 604.9363 209.7925 1.5641 1.6850 3.8056 -1.1386 1.3443 41.2626 -7.9122 1.9235
Car -1 -1 -7.4516 182.6374 187.2535 330.4199 258.3355 1.4818 1.6988 3.9939 -8.2108 1.5363 17.1301 -7.8928 1.6495
Car -1 -1 -7.7079 492.4616 182.2659 531.8112 212.7755 1.5575 1.5955 3.4910 -5.1005 1.4071 38.4538 -7.8393 1.2394
Car -1 -1 -7.3945 198.9680 181.8713 294.7028 227.5078 1.5164 1.6174 3.5946 -12.8188 1.4055 25.6843 -7.8535 0.6782
Car -1 -1 -4.7197 621.3498 179.1394 645.4073 201.9186 1.5954 1.6847 4.2388 1.8283 1.1700 52.4887 -4.6855 -0.2579
Car -1 -1 -3.9633 0.0000 184.9515 95.6785 282.8914 1.5301 1.5637 3.6479 -11.4992 1.5262 13.0833 -4.6743 -0.4525
Car -1 -1 -4.6566 657.6349 178.3559 683.2652 201.6889 1.5407 1.5637 3.5166 4.3059 1.0879 49.3194 -4.5705 -0.7529
Car -1 -1 -4.2611 516.1462 181.7784 560.8213 204.4411 1.4678 1.5338 3.7272 -4.6599 1.2454 48.5736 -4.3567 -0.9151
Car -1 -1 -4.6646 528.9672 179.9389 551.1789 200.3465 1.5792 1.5911 3.8699 -5.4106 1.1710 57.5975 -4.7583 -1.0813
Car -1 -1 -4.8994 632.2545 182.3108 674.6055 209.6207 1.4838 1.6746 4.1024 2.5298 1.3261 41.1966 -4.8389 -1.8143
Cyclist -1 -1 -7.9744 638.1118 177.3256 656.3040 216.6918 1.7586 0.6367 1.6291 1.7609 1.4063 32.9483 -7.9219 -1.8392
Car -1 -1 -3.6524 617.8047 179.7300 675.8732 200.4824 1.5481 1.6716 4.1772 2.9937 1.1391 55.2990 -3.5990 -1.9584
Car -1 -1 -4.9623 605.3453 181.5839 637.8050 201.3346 1.5434 1.6595 4.1189 1.0637 1.2597 58.3677 -4.9446 -1.9949
Car -1 -1 -4.6010 619.9913 182.1420 651.1685 206.0855 1.5136 1.6251 4.0594 1.8563 1.3195 47.5711 -4.5627 -2.0011
Car -1 -1 -4.8921 639.2869 182.6017 685.1982 213.7596 1.5029 1.6369 3.9930 2.6903 1.3770 36.7467 -4.8200 -2.1408
