Car -1 -1 -7.6668 424.1004 186.6612 521.8044 252.9458 1.4641 1.6303 4.2568 -3.3003 1.5049 18.1068 -7.8449 2.5992
Car -1 -1 -7.5270 301.3346 187.2822 402.0243 239.6980 1.3943 1.5857 4.0030 -7.4894 1.4615 21.2884 -7.8617 2.3988
Car -1 -1 -7.6328 396.8750 183.1763 455.2544 219.7651 1.4733 1.6547 3.6666 -7.7481 1.3914 30.7984 -7.8776 2.1570
Car -1 -1 -7.8711 582.1124 180.1875 618.9233 213.7275 1.5602 1.7140 3.5606 -0.4259 1.3265 35.2448 -7.8836 2.0320
Car -1 -1 -7.3141 0.0000 191.1639 356.0943 375.0000 1.4952 1.5954 3.8196 -3.5560 1.5589 5.7691 -7.8461 1.9457
Car -1 -1 -7.7420 485.0055 183.1173 530.5506 217.0101 1.4849 1.6300 4.4117 -4.6560 1.3932 33.7203 -7.8786 1.5976
Car -1 -1 -7.3049 64.7015 185.4299 222.8943 247.2896 1.4778 1.6280 4.0992 -12.2429 1.4843 19.2457 -7.8654 1.4333
Car -1 -1 -7.3862 268.4797 185.9694 352.0947 222.5434 1.4148 1.5716 4.0032 -12.3212 1.4485 29.9508 -7.7736 0.9811
Car -1 -1 -7.5640 469.3132 180.6426 506.5035 203.1109 1.4780 1.5411 3.6118 -8.1793 1.1773 49.1752 -7.7283 -0.0413
Car -1 -1 -7.6857 430.7979 181.8613 470.8868 209.5834 1.4680 1.5945 3.5796 -8.6885 1.2905 39.8910 -7.8992 -0.7284
Car -1 -1 -4.0795 0.0000 194.7606 184.3732 330.4347 1.4136 1.5329 3.7019 -7.5482 1.5663 9.6178 -4.7315 -0.7626
Car -1 -1 -6.2805 399.5971 180.3338 462.2796 205.0261 1.4539 1.5585 3.6207 -10.7104 1.1666 43.5102 -6.5208 -1.0770
Cyclist -1 -1 -4.5343 854.6367 178.6055 891.6085 254.0709 1.5699 0.5176 1.4749 5.7663 1.4326 15.7226 -4.1890 -1.1528
Car -1 -1 -4.1863 333.7390 181.2632 396.5546 210.2987 1.4451 1.5384 3.5548 -12.6793 1.2486 37.6745 -4.5091 -1.6552
Pedestrian -1 -1 -7.9880 1034.2253 147.8184 1088.2424 269.6548 1.8132 0.6305 0.5322 6.9139 1.2568 11.0684 -7.4413 -1.7454
Car -1 -1 -2.6667 594.0393 179.8145 647.5623 200.1920 1.5655 1.6462 3.9136 1.0061 1.1507 56.8743 -2.6496 -1.8082
Car -1 -1 -4.8422 678.5544 179.9738 712.2003 204.0304 1.5282 1.6629 4.3189 5.7546 1.1954 47.8350 -4.7236 -1.8383
Cyclist -1 -1 -6.7938 231.7343 179.1259 276.0147 219.8533 1.7723 0.6248 1.6869 -15.8509 1.5075 32.1538 -7.2488 -1.8538
Car -1 -1 -4.1942 551.5869 179.6864 591.4438 198.4458 1.5213 1.5796 3.9893 -3.0230 1.0731 60.4338 -4.2444 -1.9180
Cyclist -1 -1 -7.7431 689.0078 180.9528 711.1973 251.7667 1.5932 0.3534 1.6048 2.1448 1.4974 16.9944 -7.6201 -1.9307
Car -1 -1 -4.0987 0.0000 191.8642 64.6856 298.5063 1.4430 1.5715 3.7654 -11.1017 1.5717 11.9376 -4.8368 -2.0425
Car -1 -1 -4.5206 611.7489 179.6772 657.2039 209.9097 1.5666 1.7176 4.2740 1.4967 1.2798 39.5272 -4.4835 -2.0887
Pedestrian -1 -1 -8.2864 698.3134 175.9706 716.9473 208.5598 1.7535 0.7465 0.7787 5.4049 1.2562 39.1606 -8.1506 -2.1896
