Car -1 -1 -7.8856 574.3198 173.5852 614.5858 212.1238 1.5952 1.6453 3.3609 -0.6667 1.1139 31.4760 -7.9070 2.5524
Car -1 -1 -7.3641 97.4133 185.8622 358.0833 317.2404 1.5030 1.6196 3.6965 -5.0742 1.5140 10.1181 -7.8186 2.3369
Car -1 -1 -7.5783 322.2487 181.6751 397.0703 224.2115 1.4155 1.5524 3.8130 -8.8684 1.2978 25.8650 -7.9057 1.9937
Car -1 -1 -7.2691 105.2176 182.1071 245.6394 239.3496 1.4431 1.5404 3.7046 -11.9075 1.3649 20.0141 -7.8001 1.6288
Car -1 -1 -7.4395 224.5951 170.2892 354.7059 241.8802 1.7057 1.6233 4.1229 -8.3566 1.3502 19.1958 -7.8452 1.4918
Car -1 -1 -7.7723 492.0426 171.1749 530.0697 205.6590 1.7031 1.6354 4.1880 -5.0400 1.0098 37.6363 -7.9048 1.2576
Car -1 -1 -7.2006 0.0000 192.2102 133.5527 324.3765 1.4252 1.6755 4.1672 -8.8454 1.5443 10.1014 -7.9068 0.4981
Car -1 -1 -7.7917 369.2914 174.8456 401.4645 201.5315 1.4877 1.5661 3.7335 -13.0010 0.9098 42.0739 -8.0899 -0.7596
Cyclist -1 -1 -7.5697 499.1469 175.3640 521.9457 223.7811 1.6305 0.3509 1.6090 -3.4161 1.2989 25.0304 -7.7043 -1.5769
Car -1 -1 -4.7749 666.7490 169.2813 693.3229 193.8083 1.6182 1.5761 3.6738 4.8972 0.5671 49.2915 -4.6768 -1.7287
Pedestrian -1 -1 -7.9339 776.0168 167.8377 798.2034 221.1412 1.8092 0.6910 0.6182 6.1282 1.2195 24.7595 -7.6944 -1.9144
Car -1 -1 -4.0334 115.5955 165.7466 226.4835 208.2567 1.5559 1.6356 3.9094 -17.1297 0.8435 28.3603 -4.5727 -1.9822
Cyclist -1 -1 -7.5055 771.4298 171.0360 805.5670 226.8129 1.7353 0.5032 1.7720 5.8126 1.2943 23.2405 -7.2637 -1.9904
Car -1 -1 -7.9844 520.4305 171.4274 552.1773 197.0720 1.6878 1.6542 4.0526 -4.9814 0.7805 49.4745 -8.0846 -2.0126
Car -1 -1 -7.8599 525.6032 175.6673 556.8142 203.5656 1.5017 1.6766 3.8603 -3.8116 0.9879 40.6977 -7.9530 -2.0725
Car -1 -1 -4.2660 668.9401 172.4704 713.4172 193.2756 1.4789 1.6328 4.1860 6.2060 0.5731 53.3049 -4.1510 -2.1754
