Car -1 -1 -7.4148 229.4525 173.7755 362.7017 246.0139 1.6625 1.6510 3.8162 -7.8893 1.3994 18.4840 -7.8132 2.5539
Car -1 -1 -7.2931 0.0000 189.2540 221.7047 290.3156 1.4520 1.5850 3.8871 -8.5290 1.5332 12.4519 -7.8838 2.4349
Car -1 -1 -7.8564 575.7179 176.8266 618.1779 215.2637 1.5811 1.7475 3.3371 -0.5164 1.2362 31.2557 -7.8732 2.4116
Car -1 -1 -7.7385 492.4886 181.3354 545.1597 219.8886 1.4398 1.6216 4.2711 -3.5481 1.2951 28.9871 -7.8595 2.2790
Car -1 -1 -7.6116 387.8526 182.4736 498.0143 255.3134 1.4916 1.6036 3.7541 -3.7179 1.4356 16.6170 -7.8286 2.2479
Car -1 -1 -7.3473 102.0455 185.3951 241.9365 239.8430 1.3901 1.5823 4.0995 -12.2347 1.3959 20.4376 -7.8812 1.7850
Car -1 -1 -7.6800 457.1447 179.9352 494.8898 205.1453 1.4621 1.6161 3.8070 -7.9688 1.1560 43.5987 -7.8601 1.6973
Car -1 -1 -7.6113 346.0411 182.5435 417.4570 226.7415 1.4414 1.5652 3.6039 -7.9019 1.3544 25.2870 -7.9115 1.5010
Car -1 -1 -7.1433 0.0000 204.8499 287.8483 375.0000 1.4825 1.6040 3.6505 -2.9744 1.6152 3.0079 -7.8794 0.7047
Car -1 -1 -7.5678 310.1850 177.3243 368.8470 209.3405 1.4223 1.5792 3.7795 -12.5977 1.0719 33.8744 -7.9215 0.2132
Car -1 -1 -3.9838 0.0000 185.9918 64.5450 282.3223 1.4730 1.5867 3.7434 -11.9960 1.4891 12.9022 -4.7225 -0.7041
Car -1 -1 -4.8898 622.4465 177.6483 656.4579 201.1398 1.5620 1.6602 4.0497 2.1321 1.0590 49.9161 -4.8478 -1.1372
Car -1 -1 -7.9538 635.9570 176.2395 679.2809 210.9017 1.5445 1.6280 4.1536 2.2697 1.1447 34.1358 -7.8884 -1.2276
Car -1 -1 -4.1832 447.2212 175.4703 488.8451 194.0869 1.4738 1.5622 3.9759 -11.4459 0.7024 59.0417 -4.3742 -1.6584
Car -1 -1 -4.5303 623.0034 177.1189 663.9137 204.8267 1.5462 1.6686 4.2619 2.1285 1.0945 42.3814 -4.4809 -1.6951
Car -1 -1 -4.4855 474.2209 174.5989 506.4320 196.6797 1.5843 1.5752 3.6890 -8.7157 0.8227 53.4696 -4.6466 -1.7842
Pedestrian -1 -1 -7.8296 782.2716 170.1908 806.5460 231.4953 1.7625 0.6771 0.5873 5.4200 1.3307 21.0411 -7.5811 -1.8841
Car -1 -1 -4.2864 216.1661 173.6192 283.9193 207.6053 1.5444 1.5618 3.5797 -17.1086 1.0176 34.4803 -4.7441 -1.9323
Pedestrian -1 -1 -7.9467 751.1891 173.4989 766.9908 213.2214 1.7467 0.6343 0.5726 6.6804 1.2317 31.9305 -7.7427 -1.9697
Car -1 -1 -4.7705 491.3890 175.5648 511.9376 193.0035 1.4895 1.5687 3.8635 -9.4025 0.6653 63.4504 -4.9173 -2.0000
Car -1 -1 -4.0347 0.0000 173.8068 90.6334 211.0640 1.5234 1.6497 4.1193 -24.9903 1.0570 31.4608 -4.7020 -2.0442
Car -1 -1 -4.5754 432.1697 180.8186 477.6427 214.4587 1.4480 1.5345 3.7262 -6.9629 1.2589 32.8553 -4.7829 -2.0497
Pedestrian -1 -1 -5.1259 483.7143 174.7051 496.3376 199.5484 1.7796 0.6494 0.7617 -8.5382 1.0268 51.9897 -5.2882 -2.0849
Car -1 -1 -4.4503 601.9030 178.7657 642.6224 203.5584 1.5473 1.6555 4.1306 0.9735 1.1449 47.0786 -4.4302 -2.1020
