Car -1 -1 -7.5387 316.0934 188.8317 410.0511 240.6619 1.4350 1.5795 3.9355 -7.4563 1.5565 22.1501 -7.8601 2.5290
Car -1 -1 -7.3696 0.0000 190.8650 378.4140 375.0000 1.5482 1.5888 3.7484 -3.5370 1.6144 6.5232 -7.8497 2.3013
Car -1 -1 -7.8410 582.8837 180.3336 619.4719 215.4717 1.6248 1.6921 4.0577 -0.3352 1.3992 35.2723 -7.8509 2.2574
Car -1 -1 -7.6819 433.4470 189.3466 524.5222 252.5644 1.4492 1.6394 4.1628 -3.2902 1.5695 18.8330 -7.8529 2.1572
Car -1 -1 -7.6408 404.3473 185.7934 460.0233 220.1092 1.4207 1.6347 3.6908 -7.7054 1.4478 31.6877 -7.8778 1.4665
Car -1 -1 -7.4331 279.4160 185.8319 356.7167 222.2082 1.4596 1.6177 3.9042 -12.3869 1.4880 30.8968 -7.8118 1.2608
Car -1 -1 -7.2916 81.5631 186.5461 234.0914 246.5777 1.4812 1.5907 4.1382 -12.2910 1.5221 19.9101 -7.8389 0.7203
Car -1 -1 -7.1923 0.0000 195.1894 257.2701 308.7715 1.4353 1.5938 3.8461 -7.4890 1.6215 11.4208 -7.7622 0.7097
Car -1 -1 -7.2705 0.0000 189.6809 111.4278 280.5109 1.4523 1.6215 3.9696 -11.5661 1.5507 13.7560 -7.9602 -0.4582
Car -1 -1 -7.6014 472.9778 182.6186 507.4206 204.6007 1.4773 1.5333 3.5490 -8.1839 1.3029 50.1470 -7.7627 -0.7386
Car -1 -1 -7.8036 491.0394 184.5524 530.2665 217.9698 1.4950 1.6474 4.0967 -4.6078 1.4655 34.2694 -7.9367 -0.9543
Car -1 -1 -7.0938 436.5618 182.6621 501.9943 209.5989 1.4565 1.5552 3.6598 -7.8452 1.3185 40.8280 -7.2828 -0.9964
Car -1 -1 -3.2949 630.4038 180.1067 685.3564 199.8778 1.5599 1.6791 4.1928 3.9825 1.1570 57.7326 -3.2269 -1.2563
Car -1 -1 -7.8570 657.1868 183.7657 703.8613 225.4465 1.5301 1.7098 4.1397 2.8294 1.4770 28.5294 -7.7596 -1.3429
Car -1 -1 -4.3410 339.5542 179.4107 395.3803 208.5783 1.4675 1.5617 3.6997 -12.6834 1.1756 38.0545 -4.6609 -1.7360
Car -1 -1 -4.6118 665.0403 179.3313 695.8113 203.5452 1.5847 1.6800 4.3372 5.0051 1.1997 49.3383 -4.5117 -1.7378
Pedestrian -1 -1 -8.1691 257.3867 178.8866 276.8035 217.4683 1.7557 0.5973 0.7855 -15.7729 1.4679 33.2031 -8.6098 -1.7657
Pedestrian -1 -1 -7.8156 506.0610 182.4683 523.6584 219.7827 1.6615 0.7664 0.4866 -4.2065 1.5393 32.2847 -7.9446 -1.8216
Car -1 -1 -4.3988 97.2043 179.8367 141.5692 202.3827 1.5939 1.5953 3.8133 -35.8793 1.2138 52.8739 -4.9930 -1.9412
Car -1 -1 -5.1594 655.3509 180.3726 698.5508 202.2747 1.5467 1.6127 3.9348 5.0223 1.2049 52.8910 -5.0656 -1.9493
Car -1 -1 -5.2615 636.9522 181.5975 694.5962 207.1783 1.5406 1.6664 4.2336 3.5890 1.3229 45.5575 -5.1839 -2.0026
Pedestrian -1 -1 -8.1217 1163.5305 161.4224 1240.0000 346.0458 1.7259 0.5734 0.5307 5.8492 1.5037 7.0768 -7.4505 -2.0357
Car -1 -1 -4.8454 541.8436 181.2417 565.9532 199.7209 1.5236 1.5747 3.6288 -4.6280 1.1961 61.2080 -4.9209 -2.1139
Car -1 -1 -6.0195 197.2872 169.9796 298.3471 206.6839 1.7098 1.6812 4.0649 -17.3291 1.0002 34.7086 -6.4797 -2.1529
