Car -1 -1 -7.4364 90.1537 196.1449 429.2019 375.0000 1.4670 1.6263 4.3286 -3.4561 1.6230 8.0645 -7.8297 2.5918
Car -1 -1 -7.6685 411.5095 186.1189 489.8734 233.3212 1.3990 1.6996 4.5143 -5.0922 1.4318 23.6701 -7.8784 2.5352
Car -1 -1 -7.5780 334.2013 185.5413 403.5993 227.1880 1.4561 1.5448 3.5813 -8.9197 1.4693 26.9826 -7.8947 2.1187
Car -1 -1 -7.4282 156.0967 182.6552 270.4627 234.3409 1.5652 1.6716 4.3577 -13.0365 1.4878 23.9991 -7.9215 2.0977
Car -1 -1 -7.2698 0.0000 195.8346 226.9854 319.0929 1.4379 1.5834 4.1299 -7.6403 1.6287 10.8241 -7.8730 2.0085
Car -1 -1 -7.8574 571.6184 178.1861 603.8378 209.6264 1.6322 1.6733 3.8703 -1.1368 1.2675 39.2814 -7.8866 1.8911
Car -1 -1 -7.6055 379.9472 179.4291 418.5803 204.2139 1.5375 1.5495 3.6284 -13.4443 1.1787 46.4325 -7.8862 1.2167
Car -1 -1 -7.4856 247.5949 186.6140 362.4328 246.2031 1.4305 1.5795 3.6961 -7.9886 1.4716 19.2082 -7.8751 1.0979
Car -1 -1 -6.1700 425.5881 183.8676 475.8162 200.9561 1.5000 1.6304 4.2209 -13.9871 1.3819 64.1257 -6.3843 0.7728
Car -1 -1 -7.5902 413.1890 180.8463 463.1707 213.2917 1.5668 1.5775 3.6352 -8.5961 1.3560 36.5577 -7.8200 -0.3130
Car -1 -1 -7.4148 0.0000 191.8818 125.3021 261.8406 1.3813 1.5349 3.5797 -12.7580 1.5520 16.4695 -8.0662 -0.5673
Car -1 -1 -7.7445 532.7189 180.6757 561.8993 203.8450 1.5153 1.5831 3.7143 -4.0988 1.2186 48.8924 -7.8281 -0.6563
Car -1 -1 -4.7488 635.6246 179.7766 666.8205 208.7236 1.5155 1.5626 3.8006 2.3177 1.2309 39.5505 -4.6912 -0.9313
Car -1 -1 -4.6246 0.0000 177.7429 71.0301 245.6270 1.6268 1.5981 3.8458 -15.5654 1.4478 19.2708 -5.2975 -1.2853
Car -1 -1 -5.1649 595.5432 180.0468 642.8703 204.1516 1.5154 1.5848 3.8386 0.6807 1.1906 47.2662 -5.1510 -1.5315
Car -1 -1 -7.9357 609.8635 176.6664 637.1010 200.0616 1.6842 1.6927 4.2277 1.1195 1.0689 53.9116 -7.9155 -1.5899
Car -1 -1 -4.7500 698.6030 180.3189 732.2321 209.4186 1.4929 1.6367 3.9557 5.7503 1.2418 38.9334 -4.6049 -1.5973
Car -1 -1 -7.8644 627.8912 180.6609 654.0756 204.3999 1.5104 1.6654 3.9637 2.1549 1.2208 47.7476 -7.8200 -1.6001
Car -1 -1 -7.8736 578.9446 177.3470 597.6780 194.4457 1.5305 1.6451 3.9474 -1.8312 0.8263 66.3541 -7.9015 -1.7075
Car -1 -1 -7.7593 513.2975 181.1749 542.3581 204.1854 1.4942 1.5960 3.8737 -5.3925 1.2320 48.6278 -7.8696 -1.8335
Car -1 -1 -6.2723 627.6701 178.6736 695.4787 204.8240 1.5345 1.6453 3.9834 3.2017 1.1507 43.1684 -6.1992 -1.8337
Pedestrian -1 -1 -3.4400 0.0000 170.7402 25.2525 240.7525 1.8081 0.5694 0.6343 -15.9330 1.4344 18.9858 -4.1315 -2.1334
Pedestrian -1 -1 -7.8315 793.8046 172.3641 817.0936 232.8006 1.7686 0.6594 0.5052 5.8335 1.3927 21.3718 -7.5688 -2.1741
Car -1 -1 -6.8784 634.8892 181.0405 717.9565 211.6900 1.5108 1.6397 4.0497 3.5270 1.3051 37.1260 -6.7849 -2.1848
