Car -1 -1 -7.4089 45.4615 189.8128 401.2428 375.0000 1.5145 1.6036 3.6591 -3.4841 1.5727 7.2505 -7.8428 2.6282
Car -1 -1 -7.5369 325.9988 187.2584 415.7139 234.9479 1.3780 1.5803 3.8187 -7.4561 1.4485 22.8486 -7.8492 2.5135
Car -1 -1 -7.6957 441.3943 188.0647 527.6304 247.2658 1.4259 1.6479 4.3177 -3.2930 1.5127 19.6863 -7.8597 2.5067
Car -1 -1 -7.8234 583.5374 180.0521 620.9344 215.6202 1.6306 1.7007 4.0244 -0.2526 1.3940 34.9861 -7.8310 2.4394
Car -1 -1 -7.6626 411.0522 184.5751 464.0956 218.5213 1.4490 1.6349 3.8549 -7.6928 1.4218 32.6412 -7.8926 1.8172
Car -1 -1 -7.4238 291.8922 185.1835 364.1223 220.7911 1.4834 1.6076 3.6192 -12.3266 1.4822 31.8033 -7.7911 1.7679
Car -1 -1 -7.2396 39.6125 191.5072 280.4314 293.4094 1.4466 1.5751 3.8005 -7.4733 1.5725 12.4050 -7.7725 1.3046
Car -1 -1 -7.7524 491.2010 183.9817 534.9765 217.3391 1.5339 1.6851 4.4646 -4.6169 1.4773 35.3102 -7.8819 0.9687
Car -1 -1 -7.3226 116.1746 184.1053 254.4242 239.7807 1.4756 1.6092 4.1223 -12.2622 1.4463 21.1220 -7.8433 0.8267
Car -1 -1 -7.2064 0.0000 188.6255 154.6110 275.6909 1.4897 1.6830 4.3604 -11.4917 1.5698 14.6584 -7.8626 0.6200
Car -1 -1 -4.4803 475.0255 178.3530 509.8348 199.9003 1.4724 1.5765 3.9630 -8.1835 1.0036 51.1553 -4.6385 -0.6175
Car -1 -1 -7.7244 439.9863 183.2566 475.8336 209.9038 1.4843 1.5910 3.6089 -8.7179 1.3753 41.8991 -7.9286 -1.0387
Car -1 -1 -5.3623 623.4031 182.6892 681.6758 207.7835 1.4769 1.6120 3.7953 2.6878 1.3284 44.3335 -5.3026 -1.1038
Car -1 -1 -5.6304 404.8951 177.7475 472.1393 202.6990 1.4977 1.6089 3.8912 -10.5496 1.0496 44.6783 -5.8613 -1.7036
Car -1 -1 -5.1227 605.7827 181.3483 645.8439 201.2662 1.5845 1.7063 4.3710 1.4315 1.2770 59.5307 -5.0993 -1.7719
Car -1 -1 -4.9950 677.4414 179.1590 715.9604 201.9667 1.5305 1.6176 3.9877 6.1552 1.1242 50.3357 -4.8744 -2.0399
Car -1 -1 -5.1393 600.3281 184.2178 659.4274 213.2643 1.4854 1.6617 4.0488 1.1026 1.4346 38.9508 -5.1116 -2.1650
