Car -1 -1 -7.4340 130.0727 186.5932 400.6041 324.7928 1.4991 1.6512 4.3637 -4.4267 1.5226 10.0344 -7.8399 2.4575
Car -1 -1 -7.2657 55.9074 184.0732 217.0860 243.4030 1.4013 1.5709 4.0146 -12.2820 1.3745 19.0017 -7.8333 2.2961
Car -1 -1 -7.8428 602.4559 174.6317 683.5540 249.1425 1.6304 1.7780 3.5440 0.8206 1.3989 17.5488 -7.7973 2.2920
Car -1 -1 -7.6617 655.8282 179.7756 694.4390 205.7789 1.4274 1.5512 3.6528 3.8937 1.1289 41.4301 -7.5691 0.8192
Car -1 -1 -3.9832 0.0000 200.2318 73.7707 375.0000 1.3765 1.5962 3.8392 -8.1138 1.5835 7.9470 -4.7622 0.2948
Car -1 -1 -4.4263 158.9255 176.2130 214.0753 204.8230 1.4905 1.5940 3.8132 -23.0959 1.0216 39.4909 -4.9528 -0.0114
Car -1 -1 -4.4513 717.3256 178.8328 747.5281 197.0284 1.5668 1.6490 4.1329 11.1400 1.0174 64.1225 -4.2805 -0.1211
Car -1 -1 -7.6852 502.5220 174.8394 540.5954 201.1259 1.4772 1.5932 3.9198 -5.0626 0.8942 42.3940 -7.8036 -0.1573
Car -1 -1 -4.6861 250.6732 184.4914 322.5573 246.3115 1.4066 1.5208 3.7722 -8.1831 1.3902 18.3894 -5.0997 -0.6436
Car -1 -1 -7.5905 321.2424 177.1561 394.6360 222.5664 1.4590 1.5291 3.5061 -8.6039 1.2002 24.8968 -7.9202 -0.6863
Car -1 -1 -4.6558 540.1857 176.2543 563.2063 196.4614 1.4843 1.5410 3.7014 -4.2538 0.8262 54.6691 -4.7335 -1.0115
Cyclist -1 -1 -1.9725 0.0000 169.5544 5.0744 233.2665 1.8018 0.7042 1.6963 -18.5384 1.3590 21.0169 -2.6892 -1.6292
Car -1 -1 -7.3800 222.2558 152.6575 331.2456 211.9038 2.0024 1.8012 4.4606 -12.1106 0.9022 26.5685 -7.8041 -1.7106
Car -1 -1 -7.5307 499.2041 173.0064 530.0859 190.7870 1.5209 1.5949 3.7570 -8.2005 0.4767 63.4875 -7.6590 -1.9768
Car -1 -1 -4.3098 284.3938 176.3864 335.9636 201.8093 1.5607 1.6528 3.9046 -19.0382 1.0188 46.0934 -4.6997 -2.1008
Pedestrian -1 -1 -3.7953 958.8839 168.6087 1003.7158 269.8513 1.7405 0.5054 0.4929 6.5150 1.4551 12.6521 -3.3291 -2.1533
