Car -1 -1 -7.3629 43.3835 183.3871 369.3017 362.5884 1.5622 1.5916 3.5816 -4.1674 1.5464 8.0790 -7.8260 2.8637
Car -1 -1 -7.6165 398.0970 183.0065 483.6914 236.4546 1.3812 1.5590 3.5396 -4.6680 1.3243 20.3580 -7.8394 2.6360
Car -1 -1 -7.5214 312.3828 180.4227 402.5025 227.7906 1.4621 1.6357 3.9827 -8.3406 1.3144 24.1839 -7.8503 2.5334
Car -1 -1 -7.8894 575.1948 172.8868 657.6784 249.3010 1.5935 1.7247 3.5487 0.0757 1.3366 16.7914 -7.8854 2.1422
Car -1 -1 -7.7293 466.5786 177.8542 522.1253 218.3499 1.4870 1.6507 4.3108 -4.4645 1.2169 28.5755 -7.8832 1.9014
Car -1 -1 -4.0367 0.0000 187.0162 153.9770 258.1937 1.4097 1.5753 3.9212 -12.4248 1.4557 16.3227 -4.6795 0.1648
Car -1 -1 -7.2903 0.0000 189.7888 165.5245 313.5470 1.4882 1.6203 3.9399 -8.5907 1.5702 10.8326 -7.9489 0.1450
Car -1 -1 -5.2172 631.9022 180.6938 683.4949 203.1842 1.5073 1.6762 4.4270 3.4283 1.2044 50.5369 -5.1503 -0.6801
Car -1 -1 -4.6594 525.4656 174.7781 556.5397 202.6380 1.5245 1.5785 3.7990 -3.8211 0.9535 41.2658 -4.7515 -1.0381
Cyclist -1 -1 -5.9626 172.7329 171.6093 237.6152 227.9613 1.7714 0.6688 1.6935 -12.9500 1.3439 23.0824 -6.4691 -1.2803
Car -1 -1 -4.8019 447.2408 171.2067 479.5789 197.1563 1.5261 1.6035 3.9988 -8.9858 0.7024 44.4200 -5.0006 -1.3730
Car -1 -1 -7.5198 684.9850 179.8857 768.4871 226.4795 1.4607 1.6522 3.8617 4.1079 1.2938 24.6270 -7.3568 -1.6740
Car -1 -1 -2.6678 105.6140 180.0097 255.4636 227.5080 1.5103 1.6384 3.9540 -14.0840 1.3449 23.7863 -3.1977 -1.9973
Car -1 -1 -4.2386 260.2339 180.2797 326.1080 208.9793 1.4235 1.5890 3.8061 -16.4060 1.1788 37.6058 -4.6477 -2.0587
Car -1 -1 -6.2630 285.2976 175.9396 358.5887 202.6182 1.5174 1.6130 3.9407 -16.8059 0.9900 42.3294 -6.6391 -2.0882
Car -1 -1 -7.6464 474.3140 169.3316 505.0901 190.4093 1.6245 1.6342 4.0164 -9.4104 0.4004 57.4481 -7.8083 -2.1455
