Car -1 -1 -7.6346 414.8313 183.0801 491.8550 232.8411 1.4008 1.5729 3.4829 -4.6759 1.3408 21.9864 -7.8420 2.6130
Car -1 -1 -7.4411 166.3149 185.6975 404.6486 321.6307 1.5084 1.5887 3.5691 -4.1519 1.5164 9.7909 -7.8327 2.5856
Car -1 -1 -7.5454 331.5953 181.0734 413.0240 225.7919 1.4776 1.6144 4.0196 -8.3675 1.3409 25.7642 -7.8567 2.2687
Car -1 -1 -7.8760 574.9246 173.9516 656.0148 249.3160 1.6090 1.7336 3.5271 0.0834 1.3687 17.1257 -7.8717 2.1841
Car -1 -1 -7.7070 473.4161 180.1507 528.1015 217.2331 1.4461 1.6463 4.3650 -4.4542 1.2488 30.2179 -7.8525 2.1560
Car -1 -1 -7.3007 0.0000 190.1192 215.2109 298.2092 1.4686 1.5788 4.1488 -8.4817 1.5655 12.0690 -7.9031 1.6115
Car -1 -1 -7.2989 76.3007 185.7332 217.1421 244.2049 1.4284 1.5155 3.5818 -12.3056 1.4438 19.3865 -7.8584 0.2849
Car -1 -1 -4.5979 458.3048 172.6809 490.2892 198.0283 1.5634 1.5935 3.8723 -8.5831 0.7904 46.3250 -4.7803 -0.8288
Pedestrian -1 -1 -4.9904 1024.8707 173.8834 1080.2699 310.8092 1.6454 0.4610 0.4924 5.4612 1.5094 8.9349 -4.4560 -1.2183
Car -1 -1 -7.2948 203.0782 183.0374 303.0319 226.6375 1.4683 1.5780 3.5871 -12.7911 1.3951 26.0759 -7.7471 -1.3410
Car -1 -1 -4.6548 522.5872 170.6288 555.1478 202.1094 1.7369 1.6521 4.0306 -3.9810 0.9323 41.7070 -4.7497 -1.3720
Car -1 -1 -7.6472 357.1281 177.7293 400.6553 205.2182 1.4606 1.5838 3.7020 -12.7456 1.0630 40.1166 -7.9532 -1.5688
Car -1 -1 -7.6118 391.8954 168.0689 435.8871 198.4705 1.8454 1.7368 4.2285 -12.3041 0.8047 45.7645 -7.8733 -2.0028
Car -1 -1 -6.5378 652.7822 181.2628 707.6939 202.8576 1.5079 1.6045 3.6067 5.1268 1.2320 51.2684 -6.4392 -2.0099
Cyclist -1 -1 -7.8400 542.5582 175.0026 549.7848 205.4558 1.6389 0.3747 1.6806 -3.4152 1.0894 39.5392 -7.9260 -2.0130
Pedestrian -1 -1 -6.7068 730.2899 169.7727 747.9795 208.6859 1.8116 0.6110 0.6217 6.1450 1.0928 33.8382 -6.5290 -2.0816
