Car -1 -1 -7.4024 190.3729 179.6654 295.2149 225.4424 1.5167 1.6272 4.3456 -13.0835 1.3330 25.9992 -7.8648 2.1764
Car -1 -1 -7.8730 574.2846 173.5172 624.7788 219.9014 1.5870 1.7301 3.4623 -0.3830 1.1869 26.3551 -7.8878 2.1660
Car -1 -1 -7.6528 428.9153 178.6316 498.3276 225.3987 1.5034 1.6360 3.7794 -4.9661 1.2919 25.0042 -7.8471 2.0957
Car -1 -1 -7.1818 0.0000 190.0859 173.6296 313.3844 1.4783 1.6353 3.8047 -8.4888 1.5638 10.6824 -7.8412 1.8426
Car -1 -1 -7.4969 218.0336 159.0092 420.0919 292.8266 1.8797 1.7089 4.3405 -4.6754 1.5118 12.2680 -7.8541 1.6195
Car -1 -1 -7.3251 11.9714 188.6011 180.6004 254.5829 1.4387 1.5893 4.0110 -12.5759 1.5331 17.9457 -7.9296 0.3961
Car -1 -1 -7.7467 409.9848 177.9510 451.3035 207.7063 1.4694 1.6469 4.3379 -9.2713 1.1108 37.7574 -7.9862 0.1227
Car -1 -1 -7.6755 520.7822 174.0879 555.4294 197.9937 1.5251 1.5993 4.1012 -4.6256 0.8153 47.9689 -7.7715 0.0832
Car -1 -1 -4.4953 376.0723 173.8858 415.7665 198.2985 1.4901 1.6154 3.9463 -13.4973 0.7987 45.8998 -4.7800 -0.3609
Cyclist -1 -1 -4.9371 637.8680 173.6102 654.7734 207.0591 1.6384 0.5411 1.4058 1.8861 1.0701 35.9511 -4.8855 -1.6646
Car -1 -1 -4.5983 491.9784 170.9258 536.5183 206.3900 1.7055 1.7667 4.4138 -4.7510 1.0184 36.7886 -4.7262 -1.8099
Car -1 -1 -7.7175 470.8601 168.7760 500.5428 190.7324 1.5602 1.6382 3.9532 -8.9933 0.3922 53.0835 -7.8848 -1.8803
Car -1 -1 -7.6076 114.7943 176.2426 191.3906 220.0965 1.5670 1.6154 3.7440 -17.4635 1.2466 27.7165 -8.1657 -2.1385
Pedestrian -1 -1 -8.0861 416.5797 175.4117 434.6381 209.4744 1.6680 0.7712 0.5068 -9.0573 1.1881 35.6038 -8.3338 -2.1750
Car -1 -1 -8.4057 588.3802 175.6134 655.6758 206.5872 1.5041 1.6341 3.9362 0.6410 1.0379 37.0164 -8.3890 -2.1793
