Car -1 -1 -7.6013 378.0797 182.0133 473.3128 241.8713 1.4141 1.5768 3.4424 -4.6743 1.3386 18.7126 -7.8431 2.8439
Car -1 -1 -7.4910 290.9636 179.7586 389.5266 229.6809 1.4375 1.6207 3.8787 -8.3420 1.2805 22.6500 -7.8403 2.4256
Car -1 -1 -7.6979 455.2935 178.5592 518.8483 220.2647 1.4370 1.6740 4.4375 -4.4754 1.2078 26.9933 -7.8609 2.2442
Car -1 -1 -7.8722 573.4751 172.9271 657.0588 250.2404 1.5865 1.7170 3.3965 0.0797 1.3345 16.4611 -7.8679 2.2325
Car -1 -1 -7.2667 0.0000 186.5415 317.0525 375.0000 1.5202 1.5694 3.5541 -4.1669 1.5354 6.3539 -7.8281 2.2256
Car -1 -1 -7.3223 144.3204 180.1998 261.6500 229.2511 1.4468 1.5640 3.7917 -12.9104 1.2990 23.1200 -7.8269 1.3234
Car -1 -1 -7.2271 0.0000 188.2639 132.6124 264.3279 1.4078 1.5857 4.0575 -12.3871 1.4825 15.5271 -7.8922 -0.3328
Car -1 -1 -4.7321 451.3676 169.9936 480.5685 199.1844 1.6578 1.6278 4.1116 -8.5493 0.7934 43.0065 -4.9275 -0.5949
Car -1 -1 -4.8220 538.7416 181.4163 572.8974 208.0810 1.4341 1.5214 3.6925 -3.0056 1.2299 40.6163 -4.8959 -1.0335
Car -1 -1 -8.0107 580.8332 176.1336 630.2344 211.5341 1.4754 1.6064 3.8174 -0.1972 1.0970 31.9735 -8.0172 -1.0632
Cyclist -1 -1 -5.8809 445.0038 171.0379 473.8872 202.1196 1.7605 0.6225 1.4960 -8.5215 0.9576 41.1689 -6.0840 -1.2238
Car -1 -1 -7.6232 376.8740 168.1281 422.7303 199.0751 1.7409 1.7544 3.8786 -12.2376 0.7798 42.4179 -7.9027 -1.2644
Car -1 -1 -6.5648 653.2822 180.7302 718.9216 204.1325 1.5129 1.6390 4.0248 5.1442 1.2230 47.6286 -6.4583 -1.2999
Car -1 -1 -3.8779 0.0000 192.7578 90.0994 361.0229 1.4503 1.5765 3.7974 -8.2848 1.5581 8.3177 -4.6452 -1.9227
Pedestrian -1 -1 -7.3395 737.5965 171.0668 756.1650 210.2476 1.7798 0.5508 0.7345 6.3725 1.1372 33.1118 -7.1513 -1.9229
Car -1 -1 -4.2752 236.2533 178.3258 307.3729 209.9224 1.4532 1.6227 3.9218 -16.3077 1.1365 35.0264 -4.7083 -1.9383
Car -1 -1 -7.7926 514.0030 176.5232 550.0536 206.2044 1.4545 1.6105 4.1389 -3.9135 1.0287 37.3278 -7.8967 -1.9967
Car -1 -1 -5.1712 606.3507 177.0652 649.3768 199.0745 1.5932 1.6223 4.0216 1.4510 1.0034 54.2016 -5.1450 -2.1912
