Car -1 -1 -7.4515 64.1377 198.8831 252.9494 295.3466 1.4889 1.6171 3.8447 -8.3372 1.7875 13.6811 -7.9905 3.0881
Car -1 -1 -7.8079 699.5660 177.3811 758.1139 228.7200 1.5742 1.7700 3.6522 4.0655 1.3341 24.0129 -7.6425 2.3704
Car -1 -1 -7.2959 0.0000 214.8660 86.8704 309.2147 1.3986 1.6859 3.9995 -12.3111 2.0664 14.0827 -8.0053 1.5304
Car -1 -1 -7.5031 244.8339 192.4619 310.7614 225.6696 1.4597 1.5913 4.0027 -15.8007 1.8288 34.5507 -7.9295 1.2860
Car -1 -1 -7.5478 210.6345 193.6949 263.7715 222.1634 1.4815 1.6054 3.7432 -20.8701 1.9836 40.5681 -8.0208 1.2542
Car -1 -1 -7.7765 405.8135 180.8198 431.4786 203.5909 1.6836 1.5981 4.0654 -14.5269 1.3587 55.2905 -8.0326 0.9101
Car -1 -1 -7.6951 783.1077 178.2776 812.9684 199.5520 1.4684 1.5419 3.5029 13.6438 0.9896 51.5290 -7.4380 0.7115
Pedestrian -1 -1 -4.6413 796.6808 192.9075 812.9950 241.9177 1.2417 0.3821 0.3802 5.0331 1.4427 18.5308 -4.3804 -1.3194
Car -1 -1 -3.6920 59.6672 193.5532 167.8264 228.1465 1.5187 1.6862 4.0257 -23.8331 1.9477 34.7915 -4.2894 -1.5282
Car -1 -1 -7.8267 659.1094 179.3458 689.4938 206.6658 1.4945 1.6407 3.9372 3.8387 1.1735 41.3749 -7.7352 -1.5924
Car -1 -1 -7.5661 409.2173 174.7036 442.0469 199.7999 2.1836 1.7410 4.2035 -16.3528 1.2691 64.6827 -7.8131 -1.6247
Car -1 -1 -4.5597 218.1755 181.1546 251.6336 204.2953 1.6247 1.6008 3.8415 -27.2283 1.3397 52.5469 -5.0361 -1.6538
Car -1 -1 -2.8403 774.1129 178.1473 870.3081 212.1630 1.5376 1.6719 4.0904 10.1738 1.2182 34.3220 -2.5548 -1.7005
Car -1 -1 -4.5439 125.8757 189.9167 188.7982 229.0634 1.5474 1.6507 3.9550 -19.4146 1.7648 31.0730 -5.0989 -1.9501
Pedestrian -1 -1 -6.8043 622.6909 175.2714 637.5048 203.1586 1.7344 0.6805 0.6815 1.3746 1.1161 45.1677 -6.7745 -2.1055
Car -1 -1 -4.6294 840.0181 178.6838 865.0841 199.0686 1.5391 1.5703 3.6244 19.1595 1.0461 56.2498 -4.3031 -2.1901
