Car -1 -1 -7.8514 542.6900 191.2402 725.9510 359.7085 1.4195 1.5813 3.5173 0.2183 1.5013 7.9647 -7.8255 2.6205
Car -1 -1 -7.8715 563.9542 179.3214 658.2546 260.1748 1.5009 1.7534 3.8651 -0.0275 1.3917 15.2941 -7.8738 1.2357
Car -1 -1 -7.8805 564.8742 174.0262 622.3667 227.4854 1.5517 1.6727 4.0037 -0.5582 1.2271 22.9070 -7.9050 1.1935
Pedestrian -1 -1 -3.2968 791.6241 179.5056 811.5848 223.7603 1.4507 0.4271 0.5770 6.3717 1.2636 23.8060 -3.0387 -0.6834
Car -1 -1 -3.3008 737.9283 167.5099 785.9888 184.4454 1.5723 1.6292 4.2204 14.4911 -0.0734 67.7442 -3.0913 -0.9541
Car -1 -1 -7.6832 544.7823 159.4792 574.3060 184.9395 1.9636 1.6934 4.0773 -3.8414 -0.0228 57.6028 -7.7497 -1.0827
Car -1 -1 -4.6864 602.2333 175.0205 645.4884 214.2243 1.4570 1.6100 4.0469 0.6533 1.0783 28.7768 -4.6643 -1.2530
Car -1 -1 -2.8275 553.3953 166.2504 632.9440 199.5836 1.6209 1.6330 3.6895 -0.7569 0.6988 36.2697 -2.8486 -1.2696
Pedestrian -1 -1 -7.8088 612.4731 164.3228 627.3094 202.7507 1.8635 0.6968 0.7247 0.5629 0.8505 35.2425 -7.7933 -1.2746
Pedestrian -1 -1 -2.8122 223.7014 173.8293 258.1894 230.3702 1.6667 0.5918 0.7697 -11.0276 1.3312 21.5368 -3.2806 -1.4013
Car -1 -1 -4.3077 274.1504 176.8499 310.6144 193.3389 1.4781 1.6109 4.0771 -29.1270 0.7283 66.4844 -4.7195 -1.4201
Car -1 -1 -4.9721 749.6323 175.3074 791.5245 200.8578 1.5000 1.5701 3.8021 9.9135 0.9185 44.1341 -4.7530 -1.4351
Cyclist -1 -1 -8.0629 552.1802 169.9393 561.1033 192.6861 1.6072 0.3218 1.5526 -3.6948 0.5280 51.5815 -8.1344 -1.7683
Pedestrian -1 -1 -6.8405 254.2857 176.2589 267.2188 200.4290 1.7375 0.5966 0.6233 -25.1708 1.0938 52.0997 -7.2888 -1.8598
Pedestrian -1 -1 -8.3741 525.6721 167.7576 538.1465 193.1261 1.7928 0.7032 0.5511 -5.4287 0.5592 51.2321 -8.4795 -2.0575
Car -1 -1 -4.4086 368.0875 176.2243 399.5812 193.8690 1.5232 1.5941 3.8588 -19.9028 0.7472 63.9879 -4.7093 -2.0957
Pedestrian -1 -1 -7.9186 978.7678 160.7988 1008.0929 231.6564 1.8010 0.6307 0.5582 9.9520 1.1805 18.6545 -7.4352 -2.1521
