Car -1 -1 -7.8863 585.0575 174.6116 632.1187 217.0585 1.3956 1.5352 3.2979 -0.0671 1.0471 25.3105 -7.8893 2.0607
Car -1 -1 -7.9763 654.3618 167.6766 693.0378 197.3275 1.5910 1.6738 4.1144 3.6438 0.6501 40.6566 -7.8879 1.9654
Car -1 -1 -7.7651 586.2906 170.5056 625.9431 202.1695 1.4857 1.6515 3.6245 -0.0686 0.7956 35.6056 -7.7674 0.0742
Car -1 -1 -5.0474 550.6292 171.4991 587.8644 192.1686 1.5104 1.5881 4.0232 -2.9905 0.5082 54.6912 -5.1021 -1.0457
Car -1 -1 -7.8408 631.4979 165.2554 649.9176 183.0192 1.5869 1.6579 3.9555 3.0718 -0.2100 66.7407 -7.7953 -1.1455
Pedestrian -1 -1 -5.2980 796.4723 183.3991 816.8403 224.4949 1.3053 0.4110 0.5213 6.3565 1.2478 23.1454 -5.0335 -1.2495
Car -1 -1 -4.5961 516.8665 169.2822 557.2202 201.5677 1.5008 1.5490 3.7306 -3.4555 0.7603 35.2955 -4.6932 -1.3972
Car -1 -1 -8.0813 683.9102 169.0627 720.9092 193.0022 1.5294 1.6193 3.7930 6.2342 0.4976 47.8936 -7.9530 -1.6609
Car -1 -1 -4.2851 209.7192 171.4536 315.4240 220.3605 1.5126 1.6449 4.1106 -11.5602 1.0871 24.2988 -4.7251 -1.8234
Car -1 -1 -7.7045 579.4632 165.3255 615.0851 192.8140 1.6360 1.6589 3.9175 -0.6364 0.4524 44.8346 -7.7189 -2.0128
