Car -1 -1 -7.8945 551.7110 169.5433 591.9044 205.0509 1.4625 1.5990 3.7257 -1.6653 0.8171 31.5368 -7.9471 1.5393
Car -1 -1 -7.9965 622.8307 165.7849 664.7393 197.7414 1.5989 1.6775 3.7621 1.8148 0.6268 37.9184 -7.9494 1.4650
Cyclist -1 -1 -5.2830 685.6566 169.7789 715.1257 205.6997 1.6617 0.6437 1.5571 4.3459 0.9478 34.0965 -5.1576 -1.2141
Car -1 -1 -7.5333 541.6238 164.3678 588.0477 190.8237 1.5192 1.6247 3.9895 -2.5660 0.3222 43.4176 -7.5923 -1.8705
Cyclist -1 -1 -4.7640 157.5904 155.9460 173.0684 194.4999 1.8118 0.5533 1.6619 -21.3508 0.4365 34.6231 -5.3132 -1.8732
Car -1 -1 -3.9551 445.0220 172.2538 528.2533 206.6164 1.3998 1.5606 3.5306 -5.2333 0.8720 31.1845 -4.1203 -1.8745
Pedestrian -1 -1 -7.2418 779.8107 165.4031 799.6262 207.9978 1.8186 0.6496 0.5217 7.8346 0.9729 31.1084 -6.9977 -2.0697
Car -1 -1 -4.6093 488.6861 161.6339 521.4898 188.6070 1.5653 1.5889 3.7936 -6.2180 0.1970 43.6417 -4.7501 -2.0720
Pedestrian -1 -1 -7.5529 509.2586 165.0816 522.4185 191.8100 1.7650 0.7069 0.6553 -6.1420 0.4356 47.8523 -7.6801 -2.1690
Car -1 -1 -8.1423 477.5035 168.3922 524.7020 195.6288 1.4644 1.6280 3.7902 -6.1165 0.5600 40.7117 -8.2907 -2.1799
Pedestrian -1 -1 -7.5009 1086.4391 165.3543 1129.1171 254.4996 1.7231 0.5551 0.5151 9.8719 1.3393 14.2702 -6.9053 -2.1946
