Car -1 -1 -7.8495 581.9822 182.5682 669.8983 261.7695 1.3923 1.5474 3.3185 0.3074 1.3460 14.3155 -7.8289 2.2806
Car -1 -1 -7.9848 569.4215 171.9801 623.4173 213.0657 1.5590 1.6842 3.9741 -0.5723 1.0569 29.3673 -8.0045 1.0239
Car -1 -1 -7.8867 654.4656 166.5589 680.7547 191.5349 1.6568 1.6716 3.9687 4.0777 0.4194 49.7085 -7.8056 0.5558
Car -1 -1 -7.9475 576.7508 175.8465 645.7932 232.8270 1.5148 1.6600 3.6178 -0.0267 1.2659 20.9902 -7.9492 0.4327
Car -1 -1 -2.6570 466.8252 171.7084 562.8257 206.5773 1.5342 1.6544 4.0858 -4.3141 0.9401 33.1164 -2.7858 -0.4879
Pedestrian -1 -1 -8.1552 616.9632 161.3988 632.0536 193.7084 1.8532 0.6925 0.7154 0.9380 0.4873 41.6704 -8.1331 -0.9563
Cyclist -1 -1 -5.1441 752.9513 172.8045 779.2247 212.6618 1.6371 0.5521 1.3708 6.6133 1.1275 30.2553 -4.9313 -1.3830
Car -1 -1 -5.0193 680.0824 172.5371 720.0888 194.1626 1.5062 1.6681 4.2559 6.6428 0.6233 52.3122 -4.8940 -1.4148
Car -1 -1 -8.2964 574.6239 172.0601 635.9915 203.4532 1.4933 1.6178 3.7902 -0.2161 0.8676 36.2518 -8.3027 -1.8270
Car -1 -1 -4.1806 272.9133 177.1558 312.0257 193.9404 1.4834 1.5651 3.7724 -28.6896 0.7712 65.4958 -4.5922 -1.8408
Car -1 -1 -7.6319 385.2484 165.4845 427.3959 196.3243 1.7465 1.6152 3.7553 -11.9177 0.6293 42.6248 -7.9031 -1.9046
Car -1 -1 -5.9401 493.2223 170.0193 545.3190 186.9500 1.5413 1.6828 4.4980 -8.2157 0.1580 66.7533 -6.0624 -1.9388
Car -1 -1 -4.5001 488.1898 175.7503 549.5764 215.9231 1.4566 1.5791 3.9557 -3.4350 1.1136 28.1071 -4.6209 -2.0643
Car -1 -1 -5.1474 612.2751 171.6135 651.8170 190.9227 1.4882 1.6027 4.0456 1.8850 0.4400 57.5773 -5.1152 -2.0811
Car -1 -1 -4.7977 679.1459 172.2778 704.6125 191.6262 1.4871 1.6627 4.1077 6.6535 0.4928 57.3261 -4.6830 -2.0830
