Car -1 -1 -7.8742 576.5539 175.1449 620.4838 214.5534 1.4158 1.5803 3.4702 -0.4372 1.0541 27.5881 -7.8903 2.0003
Car -1 -1 -7.9658 647.9208 170.8577 686.7273 201.3355 1.5841 1.6878 3.7835 3.1723 0.8380 39.2804 -7.8862 1.9350
Car -1 -1 -7.6350 572.0921 171.5737 617.0379 200.9958 1.4996 1.6256 3.8349 -0.6889 0.8045 38.6806 -7.6531 0.0465
Car -1 -1 -7.7185 619.2509 166.7090 642.1288 185.0719 1.6630 1.6351 3.8484 2.1604 -0.0137 67.1679 -7.6868 -0.7761
Car -1 -1 -4.6829 519.7228 171.1164 553.2012 201.6808 1.4912 1.6026 4.0822 -3.6712 0.8035 37.1644 -4.7809 -1.2487
Car -1 -1 -4.9131 547.2698 173.6282 576.4543 192.7358 1.5064 1.5952 4.0886 -3.8104 0.5930 58.8565 -4.9778 -1.2555
Pedestrian -1 -1 -7.5771 868.5906 164.0176 893.3443 219.2796 1.8287 0.6668 0.5088 9.1498 1.1274 24.1904 -7.2197 -1.5739
Pedestrian -1 -1 -5.0754 123.7435 169.6783 144.6336 208.7635 1.7743 0.5818 0.7331 -21.8319 1.0691 33.0839 -5.6552 -1.6232
Car -1 -1 -4.8053 558.4233 171.0456 579.3184 187.8147 1.5637 1.6221 4.1863 -3.7818 0.2425 69.2236 -4.8600 -1.8782
Pedestrian -1 -1 -5.4735 497.7735 165.9090 523.5613 212.6084 1.7333 0.7814 0.5803 -3.7088 1.0168 27.1667 -5.6082 -1.9036
Pedestrian -1 -1 -8.2642 1078.5677 174.5415 1125.8757 268.6461 1.6791 0.5595 0.4884 8.9599 1.4888 13.1166 -7.6752 -1.9928
Car -1 -1 -7.5162 531.7658 167.4188 569.1258 189.7890 1.5972 1.6102 3.7593 -4.2326 0.3267 53.3486 -7.5953 -2.0719
Car -1 -1 -6.2971 527.6585 169.5828 595.0236 195.8474 1.5121 1.6145 3.8852 -2.7693 0.6122 42.3433 -6.3623 -2.1081
