Car -1 -1 -7.8682 540.2435 192.3605 732.0120 368.0576 1.4119 1.5826 3.6895 0.1913 1.5078 7.7792 -7.8450 2.4656
Car -1 -1 -7.8913 563.1245 180.3946 657.6389 262.4439 1.5150 1.7521 3.8094 -0.0839 1.4262 15.2144 -7.8972 1.1899
Car -1 -1 -7.9368 557.8170 174.7645 620.7457 229.0442 1.5533 1.6473 3.6880 -0.6998 1.2544 22.4973 -7.9680 1.1396
Pedestrian -1 -1 -7.6806 612.0043 166.9141 628.3112 204.9161 1.8297 0.6738 0.7696 0.5726 0.9487 35.0515 -7.6648 -0.1164
Car -1 -1 -7.5337 582.4309 176.5110 644.8330 213.4375 1.4426 1.5658 3.5615 0.2680 1.1027 30.0219 -7.5252 -0.3664
Car -1 -1 -3.0019 664.9918 169.2389 719.2310 186.8121 1.5246 1.6479 4.5935 7.4752 0.1387 63.7450 -2.8860 -1.2524
Car -1 -1 -7.8641 597.8290 171.2077 623.2558 195.1203 1.5466 1.6448 3.8457 0.1389 0.6407 48.4213 -7.8616 -1.3709
Pedestrian -1 -1 -6.3958 703.1728 170.1480 712.8333 195.8032 1.7724 0.7475 0.5840 6.9521 0.7316 50.0423 -6.2589 -1.4013
Pedestrian -1 -1 -5.2969 794.5273 190.0982 811.3496 224.0833 1.0974 0.3836 0.3816 6.3413 1.2590 23.5246 -5.0370 -1.6654
Car -1 -1 -3.3592 465.0417 176.1920 551.9555 206.1781 1.4682 1.6403 4.1369 -5.1029 1.0265 36.6858 -3.4968 -1.8256
Car -1 -1 -4.6973 618.6556 169.4692 636.8276 186.6184 1.5408 1.6272 4.0355 1.8667 0.1262 66.6363 -4.6697 -1.9652
Pedestrian -1 -1 -2.9676 223.5864 173.2548 253.2742 230.6084 1.6786 0.6187 0.6896 -11.0510 1.3287 21.4355 -3.4388 -2.0408
Car -1 -1 -5.8513 296.3104 174.4704 348.0314 193.2493 1.5675 1.6181 3.7405 -24.1908 0.6708 60.9166 -6.2281 -2.0506
Cyclist -1 -1 -4.7988 799.9919 173.5702 819.9494 224.5282 1.6227 0.4910 1.5589 6.6117 1.2520 23.7023 -4.5302 -2.0817
Car -1 -1 -7.8633 328.3647 177.0207 356.4463 202.3847 1.5446 1.6153 3.9455 -16.9867 1.0457 45.9074 -8.2161 -2.1207
