Car -1 -1 -7.8907 540.9755 191.9323 732.3430 367.9532 1.4138 1.5808 3.7268 0.1464 1.5044 7.7956 -7.8731 2.3097
Car -1 -1 -7.8792 562.4844 178.8834 657.2189 261.8831 1.5329 1.7542 3.9366 -0.0719 1.4161 15.2706 -7.8843 1.1207
Car -1 -1 -7.8799 562.4616 174.9727 620.7608 228.5732 1.5366 1.6754 3.8670 -0.6115 1.2432 22.5837 -7.9070 1.1155
Car -1 -1 -7.5989 582.6607 176.5008 640.8942 213.4187 1.4439 1.5821 3.5872 0.1905 1.1032 30.0519 -7.5930 -0.3464
Pedestrian -1 -1 -7.7879 611.8676 167.9164 625.8184 205.6407 1.8236 0.6415 0.6378 0.5084 0.9875 35.0930 -7.7739 -0.4311
Car -1 -1 -4.5903 552.3660 171.5485 574.7595 188.0052 1.5093 1.6405 4.0023 -4.1585 0.2560 67.9763 -4.6515 -1.2706
Pedestrian -1 -1 -7.2309 157.9164 175.8100 191.8651 225.4017 1.7715 0.6674 0.8831 -15.7775 1.4357 26.1469 -7.7696 -1.4772
Pedestrian -1 -1 -3.1450 800.3248 178.4394 816.9280 224.9328 1.5041 0.4542 0.5187 6.5307 1.2850 23.5423 -2.8779 -1.4928
Car -1 -1 -4.2582 323.9569 176.2932 363.4834 194.2110 1.4967 1.5971 4.0346 -22.7849 0.7516 62.1381 -4.6086 -1.5972
Cyclist -1 -1 -8.0331 551.5674 170.3468 560.3254 193.0134 1.5921 0.3475 1.5695 -3.7244 0.5479 51.2966 -8.1055 -1.7463
Car -1 -1 -4.6678 296.6556 175.0525 319.4798 193.5254 1.5386 1.6352 4.1051 -25.8608 0.6923 62.0812 -5.0613 -2.1450
Car -1 -1 -4.2516 241.9581 178.2662 278.4885 194.4080 1.4815 1.5700 3.8188 -32.7854 0.8438 67.8944 -4.7002 -2.1712
Cyclist -1 -1 -7.7305 220.1533 173.4145 248.1784 232.5021 1.6690 0.5219 1.7059 -11.0447 1.3358 21.1959 -8.2059 -2.1796
