Car -1 -1 -7.8813 542.3474 192.8191 733.5118 367.9672 1.4013 1.5724 3.5856 0.1808 1.5019 7.7042 -7.8592 2.5234
Car -1 -1 -7.8704 561.8948 178.9221 657.0531 262.5859 1.5438 1.7588 3.8115 -0.0594 1.4278 15.1885 -7.8748 1.1834
Car -1 -1 -7.9044 560.3444 175.3215 619.0427 229.2128 1.5477 1.6353 3.6866 -0.6844 1.2637 22.5486 -7.9348 0.9395
Car -1 -1 -7.5341 582.1826 176.7822 645.2821 213.5536 1.4367 1.5919 3.5834 0.2733 1.1074 30.0395 -7.5254 0.2563
Pedestrian -1 -1 -7.8325 611.4736 165.3394 626.4035 204.3103 1.8779 0.7131 0.7447 0.5129 0.9202 35.0236 -7.8184 -0.7610
Pedestrian -1 -1 -5.2991 798.3888 185.4651 818.3027 225.3938 1.2874 0.4198 0.4982 6.5061 1.2959 23.4848 -5.0324 -1.0228
Car -1 -1 -4.2794 402.2933 175.7222 440.4706 192.7447 1.4781 1.6654 4.3213 -16.7333 0.6539 64.6955 -4.5318 -1.7438
Pedestrian -1 -1 -6.4661 702.7584 170.4549 713.2254 195.7376 1.7464 0.7239 0.5982 6.9496 0.7270 50.0300 -6.3292 -1.7758
Car -1 -1 -8.2503 731.9030 166.5523 771.3875 187.7384 1.6450 1.6677 4.0773 11.5377 0.1960 57.9806 -8.0552 -1.8752
Cyclist -1 -1 -7.5146 157.8629 177.7886 191.2130 226.8279 1.7256 0.5193 1.6390 -15.7818 1.4644 26.1495 -8.0534 -1.8997
Car -1 -1 -7.4805 591.9574 168.7872 648.8143 203.7198 1.6887 1.6333 3.8198 0.6703 0.8947 36.8276 -7.4628 -1.9090
Car -1 -1 -5.8796 296.0851 174.9826 347.2379 193.2396 1.5325 1.6076 3.7139 -24.3424 0.6737 61.1932 -6.2570 -1.9248
Car -1 -1 -6.1455 665.0522 169.9551 719.1774 187.5025 1.5214 1.6521 4.5813 7.4705 0.1984 63.6995 -6.0296 -2.0321
Car -1 -1 -2.8357 616.0241 170.1838 664.3270 187.1821 1.5086 1.6299 4.0797 2.9335 0.1747 65.2635 -2.7913 -2.1230
Car -1 -1 -4.1088 425.2983 176.0039 467.0565 193.3875 1.4975 1.6125 4.0627 -14.3776 0.7041 64.1124 -4.3289 -2.1534
Car -1 -1 -6.4132 579.9464 171.9744 642.8819 195.9905 1.5523 1.6249 3.9810 0.1916 0.6966 47.5217 -6.4095 -2.1607
Pedestrian -1 -1 -4.2579 833.7285 171.1107 854.4854 212.0468 1.7490 0.5956 0.7336 10.2151 1.1465 31.1841 -3.9444 -2.1686
