Car -1 -1 -7.8811 542.0191 193.2730 733.3727 368.6080 1.4007 1.5744 3.6109 0.1786 1.5076 7.7187 -7.8594 2.5910
Car -1 -1 -7.8837 563.8337 180.1195 658.2907 262.4365 1.5179 1.7469 3.8534 -0.0547 1.4241 15.2105 -7.8877 1.2160
Car -1 -1 -7.9139 561.2817 174.7429 621.5642 228.8523 1.5518 1.6469 3.7518 -0.6333 1.2516 22.5572 -7.9420 1.1880
Car -1 -1 -7.5267 581.2833 176.3922 646.3160 213.5357 1.4514 1.6230 3.6932 0.2803 1.1068 30.1013 -7.5179 -0.1701
Car -1 -1 -3.0215 665.2529 169.9066 718.2765 187.4640 1.5246 1.6371 4.5078 7.4462 0.1954 63.7443 -2.9061 -0.6471
Pedestrian -1 -1 -6.0746 223.2780 175.3029 251.8919 232.1407 1.6595 0.5889 0.6469 -11.0368 1.3702 21.3572 -6.5467 -1.1390
Pedestrian -1 -1 -7.8838 611.7207 164.9580 626.8555 204.3427 1.8996 0.7146 0.7252 0.5227 0.9227 35.0399 -7.8694 -1.3350
Pedestrian -1 -1 -6.4451 703.0020 170.7620 713.0239 196.2148 1.7583 0.7321 0.5787 6.9513 0.7600 50.0313 -6.3082 -1.4135
Car -1 -1 -7.8532 598.5104 169.8297 623.9006 194.1904 1.5786 1.6454 4.0801 0.2064 0.5817 48.6258 -7.8493 -1.4142
Pedestrian -1 -1 -5.2651 798.5928 184.7583 817.9373 225.0956 1.3030 0.4150 0.4856 6.5111 1.2884 23.5119 -4.9985 -1.4395
Car -1 -1 -5.8362 295.1955 174.4101 346.2634 192.6405 1.5219 1.5854 3.6991 -24.3196 0.6200 60.9288 -6.2148 -1.7057
Car -1 -1 -8.2882 731.2988 167.5588 771.6685 187.8473 1.5752 1.6462 4.0139 11.5212 0.2045 57.9583 -8.0932 -1.7163
Car -1 -1 -7.4738 591.9290 168.1236 649.9438 204.2442 1.7468 1.6484 3.8998 0.7016 0.9204 36.8806 -7.4553 -1.8783
Car -1 -1 -4.7305 618.9360 169.9802 637.4354 186.8548 1.5166 1.6339 4.0812 1.8570 0.1475 66.6537 -4.7031 -1.8853
Car -1 -1 -4.7454 378.5892 176.0122 398.0244 192.7813 1.4735 1.5605 3.8054 -19.9420 0.6649 65.2164 -5.0414 -2.1333
