Car -1 -1 -7.8754 540.8511 192.7956 732.1766 368.0879 1.4070 1.5774 3.6180 0.1793 1.5078 7.7357 -7.8536 2.5543
Car -1 -1 -7.8635 562.3671 178.8621 656.8173 262.2836 1.5419 1.7474 3.8635 -0.0427 1.4246 15.2296 -7.8668 1.2841
Car -1 -1 -7.8994 562.6229 175.4370 621.4959 229.5458 1.5518 1.6546 3.7767 -0.6127 1.2715 22.5598 -7.9266 0.9052
Car -1 -1 -7.5373 581.7971 176.1902 646.0316 213.4639 1.4561 1.6210 3.6904 0.2847 1.1036 30.0890 -7.5283 -0.0513
Pedestrian -1 -1 -7.8246 611.3608 165.7134 626.2853 204.6701 1.8777 0.7076 0.7304 0.5072 0.9378 35.0285 -7.8106 -0.7179
Pedestrian -1 -1 -6.5406 702.5513 170.4168 713.4547 195.8443 1.7555 0.7406 0.5807 6.9505 0.7339 50.0310 -6.4038 -1.5147
Car -1 -1 -7.8218 597.1819 171.1813 623.4089 195.1795 1.5500 1.6451 3.8908 0.1807 0.6437 48.4023 -7.8184 -1.6470
Car -1 -1 -5.8362 295.1981 174.7636 346.2744 192.9826 1.5210 1.5856 3.6998 -24.3192 0.6486 60.9292 -6.2147 -1.7003
Car -1 -1 -8.2861 731.2372 166.7079 771.8024 187.8849 1.6440 1.6609 4.0333 11.5238 0.2074 57.9595 -8.0911 -1.7590
Car -1 -1 -7.8768 180.2610 178.7830 246.0270 232.4991 1.5096 1.6542 3.7285 -12.2746 1.3290 22.2302 -8.3764 -1.8487
Pedestrian -1 -1 -2.8940 222.4437 173.7998 253.9324 230.5126 1.6597 0.6322 0.7000 -11.0517 1.3258 21.4233 -3.3654 -1.8651
Car -1 -1 -7.4869 591.9770 169.4323 648.9013 204.3085 1.6859 1.6383 3.8744 0.6749 0.9231 36.8522 -7.4691 -1.9159
Car -1 -1 -6.2060 664.8733 170.9212 714.9622 188.2904 1.5104 1.6215 4.3002 7.2824 0.2675 63.7125 -6.0931 -1.9205
Car -1 -1 -4.3050 402.8158 175.2475 440.0341 192.4353 1.4927 1.6657 4.3202 -16.7294 0.6272 64.6937 -4.5573 -2.0223
Car -1 -1 -4.6389 620.9823 169.6379 641.6212 186.7237 1.5335 1.6224 4.0538 2.1989 0.1355 66.6204 -4.6064 -2.0318
Car -1 -1 -4.7428 378.6020 176.4398 397.9121 193.1301 1.4671 1.5607 3.7808 -19.9500 0.6958 65.2288 -5.0388 -2.1453
