Car -1 -1 -7.8850 542.2549 192.2768 732.0431 367.8016 1.4086 1.5653 3.6651 0.1647 1.5031 7.7583 -7.8651 2.5225
Car -1 -1 -7.8942 564.3684 179.7645 657.3626 261.8580 1.5103 1.7182 3.7847 -0.0796 1.4102 15.1551 -7.8999 1.2007
Car -1 -1 -7.8788 564.1443 175.3065 623.0052 229.5089 1.5526 1.6899 3.7743 -0.5450 1.2689 22.5178 -7.9031 0.8626
Pedestrian -1 -1 -7.9315 612.2213 167.0949 627.6480 205.3865 1.8481 0.6981 0.7091 0.5549 0.9737 35.0696 -7.9162 0.1293
Car -1 -1 -7.5354 582.1754 176.8474 646.2963 213.8696 1.4482 1.6162 3.6812 0.2981 1.1210 30.1224 -7.5260 -0.2491
Pedestrian -1 -1 -6.3350 703.8627 170.5950 712.9671 195.6059 1.7257 0.7623 0.5867 6.9756 0.7171 50.0056 -6.1975 -0.5602
Cyclist -1 -1 -5.2705 783.7460 176.6771 821.4452 224.9638 1.5353 0.5206 1.4107 6.3381 1.2639 23.6067 -5.0116 -0.8674
Car -1 -1 -4.5916 561.0269 174.2667 598.8434 202.2168 1.4747 1.6312 4.0240 -1.5289 0.8972 40.0001 -4.6299 -1.4649
Cyclist -1 -1 -7.7888 528.2253 170.9054 534.2646 193.4294 1.5807 0.3301 1.5347 -5.4717 0.5766 51.2232 -7.8950 -1.7171
Car -1 -1 -4.6078 591.3224 171.7692 621.2402 195.8190 1.5134 1.5747 3.8617 -0.0847 0.6674 47.2373 -4.6100 -2.0220
Car -1 -1 -5.9075 296.8061 174.5789 349.3407 192.9799 1.5398 1.5951 3.8240 -24.1248 0.6499 60.9527 -6.2832 -2.0396
Car -1 -1 -4.6474 245.9698 178.2692 272.9965 199.1302 1.4927 1.5628 3.7857 -25.8948 0.9958 53.4840 -5.0966 -2.1003
Pedestrian -1 -1 -5.9705 222.9017 172.6293 254.6481 230.1630 1.6855 0.6092 0.6865 -11.0303 1.3169 21.4145 -6.4412 -2.1279
Car -1 -1 -4.6573 617.5323 169.4444 637.4893 186.6629 1.5442 1.6295 4.0707 1.8455 0.1300 66.5658 -4.6300 -2.1320
