Car -1 -1 -8.1108 852.5071 185.2304 1026.7086 297.2904 1.4412 1.5498 3.4524 4.9650 1.5279 11.0729 -7.6983 7.2347
Car -1 -1 -8.0551 828.7191 176.8702 941.7939 249.5653 1.5170 1.6652 4.1075 6.4894 1.4416 16.9156 -7.6934 6.0970
Car -1 -1 -4.3307 523.1786 166.9660 572.3219 198.4235 1.8208 1.6113 3.9775 -3.4381 1.0375 43.0634 -4.4080 5.7981
Car -1 -1 -7.8577 792.2671 173.6054 835.2129 213.6727 1.5266 1.5815 3.6233 8.4829 1.2641 28.8981 -7.5735 5.2465
Car -1 -1 -3.8041 0.0000 141.8499 196.2011 298.2228 1.9876 1.7335 4.4795 -9.1423 1.4967 11.3706 -4.4658 2.5800
Car -1 -1 -7.9762 786.3737 172.7610 829.9960 206.2985 1.5205 1.5825 3.4895 9.6645 1.1698 33.9011 -7.6993 2.1664
Car -1 -1 -7.9474 780.3901 174.5228 816.0021 202.8105 1.5051 1.5805 3.5994 10.7390 1.1872 39.5269 -7.6825 1.9980
Car -1 -1 -7.9808 773.2247 173.1973 806.7411 199.5995 1.5989 1.5850 3.7296 11.6603 1.1568 44.7701 -7.7261 1.0678
Pedestrian -1 -1 -3.1926 1039.1512 161.1159 1063.4664 199.5192 1.7663 0.5557 0.9295 20.7936 0.8750 32.9890 -2.6329 0.9424
Car -1 -1 -7.6947 772.5861 170.6844 802.3976 191.7896 1.6041 1.6712 3.9863 14.4670 0.8580 55.8988 -7.4411 0.4131
Car -1 -1 -6.7280 930.7011 168.8135 1075.1909 216.3144 1.5625 1.7030 3.9669 13.5028 1.1783 24.2260 -6.2235 0.0386
Pedestrian -1 -1 -4.4305 428.4513 173.6742 465.3724 260.1938 1.5868 0.5534 0.5123 -3.0020 1.4620 13.2415 -4.6465 -0.0950
Pedestrian -1 -1 -8.3555 1146.1587 163.7974 1169.5000 200.9508 1.7816 0.6612 0.6448 26.7729 0.9808 34.2753 -7.6953 -0.1999
Cyclist -1 -1 -8.3808 946.6046 164.0113 991.9929 220.8275 1.7220 0.4530 1.7330 11.4307 1.2226 22.3076 -7.9114 -0.3843
Pedestrian -1 -1 -7.8224 942.3835 170.3953 959.7076 219.0449 1.5903 0.5033 0.4938 11.4430 1.2603 23.4481 -7.3721 -0.6577
Pedestrian -1 -1 -5.1670 1065.3268 190.1364 1096.3696 248.3001 1.1723 0.4008 0.3805 9.7317 1.3736 14.5352 -4.5855 -0.7175
Pedestrian -1 -1 -4.0148 1053.1976 156.4045 1080.1924 199.6913 1.8704 0.6684 0.7444 20.2013 0.8295 30.9803 -3.4400 -0.8951
Pedestrian -1 -1 -7.6854 921.4987 167.0887 941.7487 213.1082 1.6853 0.6089 0.5031 12.1069 1.1944 26.2732 -7.2565 -1.5994
Car -1 -1 -7.9698 754.4864 171.2383 781.3274 191.6972 1.5712 1.6437 3.8475 12.9427 0.8599 56.3024 -7.7435 -1.7540
Pedestrian -1 -1 -3.3350 824.4283 166.7174 837.2678 190.9192 1.7697 0.5629 0.8060 16.6188 0.7619 52.0278 -3.0260 -1.8402
Pedestrian -1 -1 -7.3891 927.3301 169.1673 949.1866 218.1472 1.7018 0.5420 0.4754 11.7152 1.3083 24.9259 -6.9531 -2.1322
Pedestrian -1 -1 -4.8201 1073.1295 137.2200 1108.5073 217.7511 1.9773 0.6435 0.8369 12.2317 0.9150 17.8811 -4.2267 -2.1886
