Car -1 -1 -4.0834 51.7288 171.6517 219.3304 247.2775 1.7854 1.6051 4.0306 -12.2583 1.5768 18.7515 -4.6529 7.0789
Car -1 -1 -8.3319 827.7683 174.7563 1223.0000 369.0000 1.5526 1.6252 4.1709 3.6107 1.5140 6.8928 -7.8663 7.0507
Car -1 -1 -8.0131 680.1077 174.2166 744.1993 222.0103 1.4955 1.5813 3.5383 3.5092 1.2991 23.9034 -7.8676 6.5290
Car -1 -1 -7.8975 702.6927 172.4996 768.6941 236.4901 1.5554 1.5649 3.4939 3.3902 1.3613 19.0206 -7.7223 5.8354
Car -1 -1 -7.9510 657.8657 173.8356 699.3304 206.6409 1.5381 1.6727 3.8263 3.5749 1.2258 35.0679 -7.8487 4.8740
Car -1 -1 -4.4016 452.3275 175.8097 493.8190 198.5424 1.5164 1.6566 4.1161 -9.1448 1.2035 49.3112 -4.5821 3.8245
Car -1 -1 -7.8795 673.0616 175.2248 713.9064 211.5567 1.4322 1.6004 3.7163 3.6474 1.2244 29.7978 -7.7573 3.2531
Car -1 -1 -4.6870 649.4454 172.0007 674.1693 196.3148 1.5366 1.5299 3.6331 3.7677 0.9995 46.5711 -4.6051 2.0119
Pedestrian -1 -1 -4.5442 1097.6566 149.2691 1122.0032 198.1407 1.9041 0.7008 0.5704 19.9601 0.6875 27.9963 -3.9285 0.0768
Pedestrian -1 -1 -7.7446 706.3509 166.8642 718.7148 199.0621 1.8337 0.6436 0.5771 6.1689 1.0572 40.6289 -7.5934 -0.0710
Pedestrian -1 -1 -7.6639 828.7402 158.6771 849.5485 205.9053 1.8328 0.6303 0.8730 9.2386 0.9861 27.9733 -7.3466 -0.5566
Pedestrian -1 -1 -6.4423 763.0595 172.6515 776.3944 208.1762 1.6212 0.4957 0.5245 7.5542 1.2632 32.5316 -6.2146 -1.0223
Pedestrian -1 -1 -3.2451 1089.2769 168.3706 1113.7094 227.0588 1.6042 0.5086 0.5023 13.7677 1.2730 19.6706 -2.6404 -1.1520
Pedestrian -1 -1 -3.9422 1190.0825 144.0406 1219.4320 207.4947 1.8504 0.5480 0.3841 17.6954 0.7875 20.9114 -3.2457 -1.1571
Pedestrian -1 -1 -7.8122 840.1664 154.1177 862.7661 212.6095 1.9139 0.6887 0.5887 8.1721 1.0509 23.5349 -7.4804 -1.3482
Pedestrian -1 -1 -7.8008 922.9772 172.0893 950.9719 242.3246 1.5252 0.5423 0.4568 7.3205 1.3429 15.6827 -7.3701 -1.5149
Car -1 -1 -4.8287 735.2241 170.4623 756.5354 187.0482 1.5269 1.5672 3.6231 13.3358 0.6027 66.9593 -4.6313 -1.8852
Pedestrian -1 -1 -6.0273 1103.0376 166.0855 1169.0985 290.9398 1.6817 0.5748 0.6248 7.4171 1.4880 9.9476 -5.4002 -1.9489
Pedestrian -1 -1 -4.5686 1145.7306 153.6271 1175.2515 203.9129 1.7705 0.7591 0.5863 19.8994 0.8246 25.3710 -3.9079 -2.0431
