Car -1 -1 -7.9848 1161.8573 194.7244 1223.0000 301.4981 1.4636 1.6065 3.7021 10.7895 1.7495 12.2091 -7.2725 5.7470
Car -1 -1 -3.9680 459.8671 163.9327 625.6530 244.1607 1.8836 1.7768 4.5817 -1.5613 1.4950 18.9508 -4.0471 5.0317
Car -1 -1 -4.4147 895.0964 180.5010 938.2391 204.1357 1.6273 1.7256 4.0536 22.4152 1.6274 50.7811 -3.9998 2.1879
Pedestrian -1 -1 -2.5044 0.0000 153.7784 67.7974 264.9210 1.8807 0.5731 1.1715 -10.1836 1.4289 12.2745 -3.1824 1.5552
Car -1 -1 -4.6568 1143.8539 183.1755 1205.5428 227.1985 1.5318 1.6259 3.9320 21.6467 1.6412 26.8526 -3.9826 1.3642
Car -1 -1 -7.9773 1171.5404 186.1764 1223.0000 260.0837 1.4604 1.6466 4.1630 14.4602 1.6107 16.4955 -7.2657 1.3615
Pedestrian -1 -1 -8.1245 690.1895 169.4535 704.6431 200.2092 1.7679 0.6466 0.7814 5.3539 1.1330 41.0746 -7.9942 -1.2271
Car -1 -1 -7.8881 1106.5062 186.3758 1201.6974 256.2312 1.4561 1.6331 4.0824 13.2001 1.6174 17.2370 -7.2420 -1.3449
Car -1 -1 -4.9629 1124.4904 170.6098 1180.2330 198.6822 1.5128 1.5822 3.8551 31.0152 0.9800 40.1859 -4.3078 -1.7802
Cyclist -1 -1 -8.0953 609.3746 176.9607 626.6281 212.5639 1.6281 0.3998 1.7631 0.5797 1.4665 33.2374 -8.0765 -1.8653
Pedestrian -1 -1 -4.6010 777.2004 187.5755 796.8378 243.8190 1.3615 0.4175 0.5318 4.4704 1.5403 17.5188 -4.3539 -1.9215
