Car -1 -1 -8.1990 817.4539 189.5500 1080.9888 345.7386 1.4369 1.5847 3.6756 3.7841 1.5714 8.6026 -7.7964 7.3972
Car -1 -1 -8.1059 774.2417 179.8054 914.6274 268.6686 1.5527 1.6516 4.1936 4.6495 1.5409 14.4923 -7.8002 6.9041
Car -1 -1 -7.8296 722.3411 178.0580 768.2682 222.3428 1.5452 1.5829 3.3787 5.2600 1.4603 26.4925 -7.6343 5.9746
Car -1 -1 -4.2911 391.4204 174.0415 456.4318 211.2248 1.7469 1.6374 4.0142 -8.9843 1.4436 35.3371 -4.5363 5.8994
Car -1 -1 -7.9833 714.0289 176.8663 763.0950 214.8200 1.5871 1.6547 3.8170 5.8620 1.4353 31.5162 -7.7997 3.2855
Car -1 -1 -7.9495 709.0186 178.0802 746.6238 207.5552 1.4824 1.6212 3.5135 6.4276 1.3609 37.3727 -7.7789 2.6680
Car -1 -1 -7.8944 696.2363 176.5031 719.9585 197.6648 1.5619 1.6387 3.9215 7.8778 1.2669 54.2217 -7.7494 1.2717
Car -1 -1 -8.0497 695.1343 178.3699 734.4666 204.6231 1.5143 1.6443 3.7312 6.5679 1.3915 42.6809 -7.8965 1.0237
Pedestrian -1 -1 -7.2275 1108.0057 159.6561 1138.6958 207.3936 1.7908 0.7560 0.5649 19.7373 1.0091 26.9709 -6.5998 0.4484
Pedestrian -1 -1 -8.1343 986.5948 161.3313 1009.5120 204.7711 1.8307 0.7342 0.5288 16.7218 1.0231 30.1361 -7.6305 0.2816
Pedestrian -1 -1 -3.4682 1008.4430 155.9132 1026.6593 190.3241 1.9200 0.5211 0.7568 23.1945 0.5483 39.7814 -2.9421 -0.3587
Car -1 -1 -6.2765 1110.5923 156.7973 1223.0000 203.3367 1.5950 1.6950 4.2930 21.4425 0.7829 26.2489 -5.5958 -0.3811
Pedestrian -1 -1 -7.4143 1062.9739 156.0527 1087.6987 196.6197 1.9269 0.7655 0.7063 22.6570 0.7658 34.0944 -6.8304 -0.5668
Pedestrian -1 -1 -3.8007 1064.9591 156.5876 1085.4512 208.9173 1.8259 0.5185 0.3579 16.5518 0.9918 24.9429 -3.2191 -1.1237
Pedestrian -1 -1 -3.3226 980.2924 155.5756 1001.4418 225.6959 1.8514 0.5009 0.4109 10.3078 1.1936 18.9693 -2.8302 -1.4593
Pedestrian -1 -1 -4.1428 263.4230 188.8121 319.6643 295.9898 1.4299 0.4710 0.5840 -4.3909 1.5494 9.8096 -4.5500 -1.6383
Car -1 -1 -4.2957 426.8418 182.1144 470.8413 202.9668 1.4545 1.6396 4.0542 -11.3816 1.5777 51.8014 -4.5091 -1.7238
Pedestrian -1 -1 -4.8546 972.0130 177.4458 1002.0372 245.0868 1.4393 0.5069 0.4755 8.2445 1.3746 15.3539 -4.3688 -1.8195
Pedestrian -1 -1 -4.0059 1202.7944 156.8637 1223.0000 210.6055 1.7289 0.6866 0.7157 20.1763 0.9688 23.1394 -3.2940 -1.8296
Car -1 -1 -8.2118 732.0191 166.7610 773.7942 192.0408 1.7657 1.6956 3.9451 10.7136 0.8061 51.4621 -8.0061 -2.0242
Pedestrian -1 -1 -7.2716 921.3568 173.7013 956.3334 240.1593 1.6803 0.6515 0.4979 8.5888 1.5087 18.2845 -6.8376 -2.1378
