Car -1 -1 -7.9832 755.9088 174.3423 896.0602 288.8714 1.5397 1.6313 3.4426 3.3100 1.4573 11.3287 -7.7047 7.7997
Car -1 -1 -4.3193 362.1337 180.8759 425.3236 213.7794 1.5022 1.6286 3.6992 -10.1761 1.5216 34.2498 -4.6040 7.3245
Car -1 -1 -8.0786 710.7137 174.2329 815.2781 249.0574 1.5416 1.5736 3.5085 3.4780 1.4129 16.3351 -7.8711 7.1366
Car -1 -1 -7.9732 686.9508 177.0034 751.5919 227.6673 1.4581 1.5633 3.5615 3.4622 1.3577 22.1555 -7.8187 6.2812
Car -1 -1 -7.9632 670.5657 175.1821 723.2303 217.6587 1.5354 1.6093 3.7750 3.4690 1.3434 27.4577 -7.8373 5.0285
Car -1 -1 -7.8861 656.7744 175.4420 688.8883 203.7351 1.4838 1.6402 3.4615 3.6734 1.2187 38.8595 -7.7910 2.9476
Car -1 -1 -7.9396 666.7437 174.4514 706.2521 208.6024 1.5528 1.5796 3.5084 3.8400 1.2780 33.9237 -7.8262 1.6921
Pedestrian -1 -1 -4.7620 748.4620 164.5413 763.4492 207.0064 1.8745 0.6205 0.6735 6.7171 1.1702 31.5918 -4.5529 -0.0047
Pedestrian -1 -1 -4.8345 731.5859 166.0842 747.5062 208.1587 1.8552 0.6097 0.7504 5.9794 1.2198 31.5701 -4.6475 -0.2688
Pedestrian -1 -1 -8.1704 1063.0541 157.8374 1092.2002 216.0052 1.7879 0.6056 0.5734 14.7215 1.0916 22.0883 -7.5876 -0.6810
Car -1 -1 -5.1160 807.8518 162.9431 858.9517 188.8022 1.6239 1.6512 4.2666 14.9761 0.5214 46.6024 -4.8053 -1.4534
Pedestrian -1 -1 -4.4464 1193.8737 152.2340 1223.0000 224.4915 1.7336 0.5072 0.7448 14.8839 1.0557 17.3833 -3.7457 -2.1319
Pedestrian -1 -1 -7.7662 322.3582 158.2476 334.9409 189.4041 2.0152 0.6932 0.8410 -18.0701 0.5760 46.2324 -8.1346 -2.1815
