Car -1 -1 -8.2578 824.9623 190.3839 1162.2491 369.0000 1.4682 1.5784 3.6782 3.5542 1.5978 7.3751 -7.8237 7.2152
Car -1 -1 -4.2529 345.6805 172.5130 419.8820 214.4475 1.7932 1.6214 3.9911 -10.0887 1.4519 32.3347 -4.5509 6.5630
Car -1 -1 -8.1250 766.8110 179.8829 924.9507 279.4503 1.5715 1.6565 4.1953 4.2405 1.5622 13.2832 -7.8213 6.3879
Car -1 -1 -7.9623 701.2751 177.0328 750.9912 215.4962 1.5513 1.7098 3.6074 5.1122 1.4117 30.3669 -7.7956 5.1979
Car -1 -1 -7.8699 710.5475 177.3905 759.0468 223.5708 1.5358 1.5951 3.4676 4.5819 1.4326 25.3537 -7.6917 4.7045
Car -1 -1 -7.9042 695.5703 177.4775 731.6086 208.3922 1.5009 1.6371 3.5289 5.4897 1.3543 36.1651 -7.7533 3.7302
Car -1 -1 -7.8998 688.2311 178.0053 719.2184 205.6534 1.5447 1.6199 3.7913 5.7358 1.4054 41.4644 -7.7618 1.7970
Car -1 -1 -7.5188 682.6063 175.7109 719.4603 197.0874 1.5330 1.6179 3.6247 7.1926 1.1896 52.6888 -7.3823 1.0018
Pedestrian -1 -1 -8.0943 1080.7444 156.7019 1106.7385 200.6613 1.8954 0.7742 0.7636 21.3814 0.8695 30.9804 -7.4934 0.6977
Car -1 -1 -4.4293 538.5586 175.1223 568.4202 193.2231 1.5980 1.6295 4.1225 -4.6487 1.1231 64.6074 -4.4992 0.2282
Car -1 -1 -6.7127 928.7937 172.1593 1141.3342 242.3432 1.5396 1.7013 3.8962 9.8687 1.3570 16.5535 -6.1819 -0.2008
Pedestrian -1 -1 -7.8416 925.7985 176.1705 950.7032 241.7595 1.5747 0.5443 0.4761 8.1143 1.4711 17.3076 -7.4087 -0.9113
Pedestrian -1 -1 -3.9570 176.9563 180.7416 264.3338 322.9743 1.6046 0.5383 0.7585 -4.6103 1.6080 8.4154 -4.4408 -1.1243
Pedestrian -1 -1 -8.3446 1141.4590 151.4274 1171.2013 199.6748 1.8698 0.7275 0.5888 21.6039 0.7433 27.7520 -7.6870 -1.1533
Pedestrian -1 -1 -5.1400 955.0908 180.0977 986.6923 245.5490 1.4459 0.4834 0.4512 8.1551 1.4373 15.8544 -4.6714 -1.2148
Pedestrian -1 -1 -4.0248 975.6690 178.5974 1011.1249 252.6019 1.4806 0.4458 0.4578 7.8826 1.4429 14.4388 -3.5327 -1.2503
Cyclist -1 -1 -7.5232 1190.6636 151.6141 1223.0000 205.6586 1.8381 0.6345 1.7044 21.2323 0.8559 24.7546 -6.8190 -1.5032
Pedestrian -1 -1 -3.4832 1209.0787 147.8281 1223.0000 204.5349 1.7766 0.4962 0.3811 19.4921 0.7533 22.4521 -2.7736 -1.6058
Car -1 -1 -4.7782 864.4247 173.7542 896.7275 199.3746 1.5059 1.5900 3.9596 16.9700 1.1095 43.6851 -4.4085 -1.6143
Pedestrian -1 -1 -7.6093 785.6077 171.5741 800.3040 207.2800 1.7736 0.5946 0.5665 9.4230 1.3304 35.5132 -7.3506 -1.7448
Pedestrian -1 -1 -6.9182 998.5507 161.7646 1017.2552 195.4022 1.8407 0.7353 0.5726 22.2562 0.8156 39.0892 -6.4025 -1.7673
Pedestrian -1 -1 -3.6023 1129.1678 146.0424 1145.0914 203.9308 1.8734 0.4495 0.2389 17.3660 0.7586 23.1242 -2.9631 -1.9651
