Car -1 -1 -8.0194 763.3757 174.2541 924.2300 300.4793 1.5401 1.6139 3.4076 3.2645 1.4643 10.4216 -7.7227 7.3129
Car -1 -1 -8.0728 717.8065 173.6593 827.9760 253.9222 1.5466 1.5635 3.4872 3.4687 1.4152 15.3685 -7.8535 7.1789
Car -1 -1 -4.2914 345.8803 180.7127 415.8133 215.2103 1.4932 1.6525 3.8016 -10.2732 1.5037 32.6133 -4.5921 6.4308
Car -1 -1 -7.9838 689.2454 176.9979 758.8676 230.2970 1.4665 1.5764 3.7131 3.4628 1.3704 21.3338 -7.8236 6.1128
Car -1 -1 -7.9801 671.3845 174.7636 728.1922 218.6618 1.5296 1.6276 3.8261 3.4525 1.3300 26.5522 -7.8506 6.0340
Car -1 -1 -7.9212 655.1254 175.7430 690.3771 204.7314 1.4843 1.6401 3.6410 3.5843 1.2408 38.0444 -7.8264 3.4810
Car -1 -1 -7.9724 665.2551 175.9528 708.0926 209.6658 1.4933 1.5686 3.6040 3.7503 1.2921 33.1252 -7.8591 2.2946
Cyclist -1 -1 -4.5179 852.7174 168.9632 869.6520 201.7177 1.6556 0.5444 1.5079 13.2227 1.0726 36.5245 -4.1716 0.3803
Pedestrian -1 -1 -4.8042 734.3466 166.5203 750.7136 210.2232 1.8518 0.6115 0.8758 5.8877 1.2597 30.4260 -4.6133 0.3520
Pedestrian -1 -1 -4.8246 752.4179 165.6545 770.2524 209.1136 1.8512 0.6635 0.8134 6.7259 1.2191 30.5571 -4.6084 0.0853
Pedestrian -1 -1 -6.9827 134.1064 172.9769 161.4920 225.3394 1.8521 0.6013 0.5738 -16.4347 1.5862 25.3722 -7.5501 -1.1757
Car -1 -1 -4.6612 643.8352 171.1920 677.0599 201.5840 1.6780 1.7051 4.5723 3.2876 1.1642 41.4154 -4.5810 -1.7945
