Car -1 -1 -7.3305 163.9344 176.8829 233.0776 210.0678 1.5796 1.5620 3.3483 -20.7383 1.7921 36.4338 -7.8450 2.3558
Car -1 -1 -7.8326 573.5147 176.1475 611.9328 215.0651 1.6236 1.6224 4.3538 -0.7795 1.7822 32.6492 -7.8569 2.2793
Car -1 -1 -7.2467 0.0000 169.8901 87.0688 225.0919 1.8117 1.6044 3.8800 -20.7612 1.7142 25.6708 -7.9218 1.8725
Car -1 -1 -4.4276 360.0569 177.7794 390.2253 194.7224 1.5080 1.6553 3.8664 -21.8904 1.9805 67.3132 -4.7412 -0.3631
Car -1 -1 -7.5043 210.4217 169.4389 260.6357 197.9905 1.8102 1.6888 3.9732 -24.7809 1.5934 47.8240 -7.9803 -1.6655
Car -1 -1 -4.6799 499.7244 182.9212 524.2004 204.8981 1.4438 1.5991 3.8432 -6.9568 2.1860 51.2222 -4.8147 -1.8974
Cyclist -1 -1 -7.5262 300.0127 177.3143 312.6981 200.4926 1.6366 0.3506 1.5871 -21.9320 1.9631 52.0607 -7.9233 -1.9346
Car -1 -1 -4.6680 667.8555 177.7766 699.0384 205.9100 1.4999 1.6075 3.9232 4.2009 1.7951 41.2455 -4.5677 -2.0004
Car -1 -1 -5.0151 313.2797 177.5789 344.4099 195.4162 1.5403 1.5798 3.7490 -25.4888 1.9804 65.3017 -5.3862 -2.1014
Cyclist -1 -1 -7.6998 827.2594 174.6960 847.8739 226.6067 1.6518 0.4067 1.6810 7.4884 1.7146 23.8640 -7.3999 -2.1833
