Car -1 -1 -7.8595 578.9722 171.9056 634.9369 226.9819 1.6451 1.6726 4.4987 -0.1695 1.6165 23.8124 -7.8673 2.7488
Car -1 -1 -4.1377 18.2661 167.5905 112.7632 207.5325 1.9142 1.7030 4.4343 -27.6976 1.6617 36.8485 -4.7789 1.3811
Car -1 -1 -4.0119 0.0000 173.5383 43.8159 225.1985 1.6011 1.7048 4.1563 -21.7357 1.6260 24.5126 -4.7320 0.1948
Car -1 -1 -4.4216 309.6330 173.3770 346.5368 193.5081 1.5104 1.6082 3.9665 -21.9662 1.5524 56.2831 -4.7924 -0.3455
Car -1 -1 -7.8628 344.8032 172.5169 364.3216 191.9199 1.6600 1.5814 3.7093 -22.6031 1.6308 63.7427 -8.2025 -1.2923
Cyclist -1 -1 -7.6351 646.8814 173.2029 662.4855 206.4985 1.6554 0.4705 1.5489 2.2403 1.6732 36.6994 -7.5751 -1.4983
Cyclist -1 -1 -2.5792 621.2913 170.1449 656.7177 206.2927 1.7843 0.6842 1.6769 1.4174 1.6503 36.3721 -2.5411 -1.6752
Car -1 -1 -4.4149 653.8612 172.3060 697.6816 199.8768 1.5061 1.5649 3.4322 3.7670 1.4759 41.2997 -4.3250 -1.8224
Car -1 -1 -7.2682 204.3371 167.7104 269.2756 199.3904 2.0049 1.7847 4.2203 -24.6966 1.6791 47.8588 -7.7425 -1.9373
Pedestrian -1 -1 -4.9008 974.0884 189.4651 1027.6246 324.1026 1.3717 0.3873 0.6128 4.1471 1.5587 7.7855 -4.4279 -1.9451
Cyclist -1 -1 -8.1051 714.7682 172.8838 723.4250 193.3856 1.6834 0.3264 1.5815 9.0495 1.6856 60.0500 -7.9566 -2.1537
Pedestrian -1 -1 -4.6544 712.9439 180.1369 733.0613 243.5283 1.4190 0.4276 0.5615 2.5421 1.5889 16.5433 -4.5055 -2.1745
