Car -1 -1 -7.8621 578.0240 170.9775 631.8862 224.9303 1.6533 1.6518 4.5657 -0.2456 1.5955 24.4083 -7.8727 2.4547
Car -1 -1 -4.1305 50.2699 174.3348 155.4682 212.7580 1.5537 1.7075 4.2086 -22.0036 1.6224 31.4656 -4.7370 2.0193
Car -1 -1 -7.1906 0.0000 179.6051 80.4047 223.1430 1.4208 1.6362 4.0707 -21.5824 1.6851 26.2335 -7.8741 1.3441
Car -1 -1 -4.1891 116.5462 168.0621 184.4089 201.0758 1.9258 1.6516 4.1368 -28.0798 1.6460 44.1905 -4.7526 -0.0968
Car -1 -1 -8.1375 620.5002 172.5057 660.0540 197.4364 1.4935 1.5603 3.4412 1.8165 1.4723 45.0820 -8.0979 -0.9047
Pedestrian -1 -1 -6.4959 704.7089 170.1445 715.7608 190.6909 1.7948 0.5595 0.8615 8.7740 1.5579 63.3421 -6.3592 -1.2032
Car -1 -1 -4.6142 726.1794 171.8603 761.7453 200.2561 1.5136 1.6061 3.8050 7.5233 1.4603 40.5099 -4.4323 -1.3924
Pedestrian -1 -1 -6.0859 741.9622 170.3414 753.4120 194.6280 1.8192 0.5697 0.7526 10.3629 1.6307 54.4523 -5.8992 -1.5863
Car -1 -1 -4.4390 339.0369 174.1375 371.8232 192.2064 1.5269 1.6455 4.1876 -22.3500 1.6432 63.4190 -4.7768 -1.6178
Car -1 -1 -4.1568 251.7710 169.4153 306.7764 196.6006 1.9749 1.7749 4.3163 -25.0107 1.7248 54.6711 -4.5842 -1.6518
