Car -1 -1 -7.8523 582.8280 178.2699 629.9200 226.0385 1.6161 1.6273 4.5516 -0.1852 1.8372 27.2087 -7.8598 2.5211
Car -1 -1 -4.5735 481.2307 184.1452 540.2422 225.1981 1.4189 1.7074 4.2882 -3.8463 1.8946 28.2680 -4.7081 2.4525
Car -1 -1 -4.1795 158.5882 185.7861 236.7723 218.3786 1.4303 1.5271 3.9104 -20.0477 2.0961 35.1952 -4.6943 1.9170
Car -1 -1 -4.1301 47.9063 185.4289 157.1596 225.6532 1.4826 1.7557 4.0463 -20.9295 2.0393 29.9160 -4.7365 1.3853
Car -1 -1 -4.1331 0.0000 195.9516 289.5393 374.0000 1.5103 1.5266 3.3736 -4.0539 1.7456 5.6568 -4.7334 1.3603
Cyclist -1 -1 -8.3602 1025.4485 186.0426 1074.7609 253.2320 1.6389 0.3483 1.5950 11.3388 1.9954 18.7177 -7.8234 0.7666
Car -1 -1 -4.6541 549.5644 179.4377 571.6135 198.8382 1.6334 1.7287 3.9526 -4.3809 2.2359 64.0794 -4.7225 -0.3907
Car -1 -1 -3.9508 0.0000 187.6604 52.8310 239.8306 1.5007 1.6107 3.7698 -20.7223 2.0276 23.7693 -4.6623 -0.5890
Car -1 -1 -4.8155 733.3593 182.0903 770.2894 210.4638 1.4599 1.6131 4.0186 7.8793 2.0052 40.5464 -4.6255 -1.3418
Car -1 -1 -7.1294 1129.2643 185.6666 1218.1708 222.1096 1.5053 1.5511 2.8819 24.5857 2.0838 31.5623 -6.4727 -1.6147
Pedestrian -1 -1 -4.9315 114.4710 168.1493 135.3058 209.6146 1.9694 0.6747 0.8137 -23.4343 1.7456 34.7937 -5.5208 -1.7615
Car -1 -1 -7.1421 43.0717 184.0904 146.6604 221.6423 1.4924 1.5980 3.8311 -22.6491 2.0190 31.8482 -7.7565 -1.8371
Car -1 -1 -7.7952 490.5601 176.9124 518.4421 203.0212 1.6515 1.6236 3.8021 -7.0445 1.9335 48.2151 -7.9399 -1.8961
Pedestrian -1 -1 -8.1760 998.1303 172.4281 1018.3472 210.0458 1.8992 0.7601 0.5666 20.2522 1.8774 36.7742 -7.6765 -1.9505
Car -1 -1 -4.9042 766.4308 181.8125 819.3339 217.0856 1.5289 1.6596 4.1802 8.6217 1.9832 34.4859 -4.6619 -1.9784
Car -1 -1 -5.0972 1139.5206 196.8824 1241.0000 257.5851 1.4388 1.5878 3.6031 16.7502 2.1897 20.6024 -4.4223 -2.0966
Car -1 -1 -6.4259 687.6143 180.4325 777.5615 211.9769 1.5302 1.7015 4.2598 6.0759 1.9208 36.3261 -6.2621 -2.1426
Pedestrian -1 -1 -3.4509 937.0201 165.6336 946.7029 205.6469 1.8712 0.4739 0.2816 15.5924 1.5333 33.9949 -3.0246 -2.1922
