Car -1 -1 -7.8628 557.9570 178.5833 612.3525 234.6217 1.6524 1.6419 4.5794 -0.9047 1.8618 24.0772 -7.9007 2.6307
Cyclist -1 -1 -8.3390 847.0753 182.1734 872.8229 221.6271 1.6503 0.3450 1.5991 10.8148 2.0658 31.3828 -8.0107 0.6717
Car -1 -1 -7.6813 396.3070 185.6311 465.5704 236.6495 1.4573 1.5700 3.6330 -5.7678 1.9046 23.4096 -7.9208 -0.0674
Car -1 -1 -5.2342 827.2360 188.4349 887.4324 214.8795 1.4876 1.7098 4.1873 15.4581 2.5161 45.4253 -4.9088 -0.3196
Car -1 -1 -3.7210 932.1785 191.3708 1012.3783 219.0290 1.6334 1.5784 4.3189 22.5510 2.8157 45.0416 -3.2601 -0.3217
Pedestrian -1 -1 -4.8172 913.8269 181.4657 931.5208 222.5948 1.7541 0.6204 0.8253 13.5844 2.1350 31.4607 -4.4137 -0.5688
Car -1 -1 -4.6306 537.1118 180.7427 557.9367 197.6438 1.4855 1.6123 4.0619 -5.8234 2.2438 67.3511 -4.7169 -0.6421
Car -1 -1 -7.4489 603.5674 180.7411 642.4615 201.6526 1.5135 1.6388 3.8265 1.0177 2.1467 55.8735 -7.4312 -1.1449
Car -1 -1 -4.5438 27.4791 177.0334 70.5009 202.0026 1.4932 1.5447 3.7305 -35.6082 1.7700 45.8303 -5.2016 -1.3299
Car -1 -1 -4.9579 765.7521 185.1225 795.0919 202.3511 1.5039 1.7202 4.1742 16.0167 2.6969 68.0777 -4.7283 -1.4219
Car -1 -1 -4.8916 696.4573 178.4100 737.2028 206.1839 1.5512 1.6780 4.2109 6.3145 1.9006 43.2854 -4.7482 -1.4501
Pedestrian -1 -1 -6.4713 961.5357 174.9722 975.9008 212.6328 1.8164 0.6401 0.5142 17.4651 1.9206 35.2192 -6.0148 -1.6169
Cyclist -1 -1 -6.9252 210.7817 176.3654 257.2460 220.8870 1.7570 0.6458 1.6186 -15.3875 1.9044 29.4809 -7.4028 -1.6785
Cyclist -1 -1 -2.1445 180.6220 175.1507 223.1825 220.7448 1.7880 0.6853 1.6933 -16.4853 1.8824 29.0635 -2.6568 -1.7532
Pedestrian -1 -1 -4.4172 974.9270 179.9344 989.9222 213.8881 1.8014 0.6163 0.4404 19.9919 2.1856 38.8080 -3.9452 -1.7936
Car -1 -1 -4.4036 37.2537 175.8628 97.8719 205.3959 1.5512 1.5950 3.9006 -30.3447 1.7283 40.4316 -5.0445 -1.8477
Car -1 -1 -7.0832 1012.5052 190.4641 1080.3373 214.7108 1.4416 1.6084 3.6591 27.7499 2.5934 45.9592 -6.5435 -1.9086
Car -1 -1 -4.7625 674.3812 179.4952 706.6273 207.8651 1.5641 1.6818 4.2415 4.7090 1.9792 42.9611 -4.6546 -1.9378
Cyclist -1 -1 -3.0605 399.1685 177.6292 460.0378 239.5590 1.8033 0.6907 1.7145 -5.4200 1.9488 21.5633 -3.3045 -2.0941
Car -1 -1 -7.8632 231.1981 181.8373 270.7697 216.2535 1.4874 1.6017 3.7653 -17.1102 1.9394 34.2906 -8.3232 -2.1853
Car -1 -1 -4.3555 214.5051 181.7042 269.0825 208.9718 1.4956 1.6022 3.9703 -21.8892 2.0477 42.9765 -4.8244 -2.1921
