Car -1 -1 -7.8283 583.4555 178.2215 619.6729 215.4522 1.6156 1.6042 4.3533 -0.3865 1.8854 34.1280 -7.8402 2.4017
Car -1 -1 -4.5594 531.9669 180.4903 568.1427 204.9756 1.5569 1.8116 4.5397 -4.1024 2.1068 49.6597 -4.6419 1.2721
Car -1 -1 -4.0721 636.6755 180.3709 702.5459 209.4938 1.5035 1.5889 4.0150 3.3392 1.9445 40.3303 -3.9907 -0.9446
Pedestrian -1 -1 -6.5703 1090.4601 105.2810 1241.0000 374.0000 1.8807 0.5805 0.5631 2.5164 1.6108 3.2440 -5.9545 -1.3526
Car -1 -1 -5.2350 849.1319 182.5193 907.4669 208.8615 1.5142 1.6351 3.9818 16.6687 2.1464 45.1184 -4.8838 -1.5946
Car -1 -1 -5.0232 1090.5023 193.4446 1152.0764 224.2626 1.4370 1.5576 3.8333 27.1262 2.5930 38.4596 -4.4132 -1.7411
Pedestrian -1 -1 -6.4794 641.6656 178.1325 650.8669 202.1569 1.7138 0.6882 0.5375 2.5823 2.0969 52.0194 -6.4306 -1.8947
Car -1 -1 -4.3965 705.8165 180.2374 737.4639 198.7810 1.5407 1.6159 3.9727 9.8775 2.2150 63.7894 -4.2440 -1.9827
Car -1 -1 -5.9292 1028.1027 190.5080 1104.8669 217.4503 1.4661 1.5648 3.6075 27.5406 2.5809 43.6676 -5.3702 -2.0279
Car -1 -1 -4.6652 421.5403 184.9352 494.5313 253.9134 1.5098 1.6430 4.2033 -3.8922 1.8607 18.7687 -4.8677 -2.1140
