Car -1 -1 -7.8658 590.9901 173.6082 629.7156 213.8803 1.6785 1.6194 4.4756 -0.0606 1.7145 32.4070 -7.8683 2.5065
Car -1 -1 -4.2403 0.0000 188.9036 382.8469 374.0000 1.4955 1.6757 4.3953 -3.8510 1.7047 7.2171 -4.7161 2.4501
Car -1 -1 -3.9228 0.0000 178.0700 57.5476 229.3221 1.4635 1.5959 3.5937 -19.7953 1.6417 22.8370 -4.6313 0.1116
Car -1 -1 -4.4531 647.4879 174.2198 686.3304 198.3096 1.5225 1.6240 3.9350 3.7932 1.6170 47.9677 -4.3751 -0.8095
Car -1 -1 -4.7074 800.5225 173.8917 828.6571 200.2840 1.5583 1.6126 4.0178 12.7026 1.6257 44.9255 -4.4340 -0.9267
Car -1 -1 -3.8992 756.6521 173.7928 824.0068 200.0901 1.4963 1.6059 3.8236 10.6751 1.5538 42.8120 -3.6569 -1.1700
Pedestrian -1 -1 -8.5242 809.2525 172.9336 825.4489 201.8668 1.7138 0.6570 0.6697 12.3696 1.7183 43.1753 -8.2474 -1.5580
Car -1 -1 -3.9320 727.2874 172.5313 778.7695 193.4947 1.5882 1.6107 3.9931 11.1785 1.5634 56.4503 -3.7378 -1.6162
Car -1 -1 -4.2408 631.3369 175.7848 665.0302 191.8975 1.5087 1.6291 4.0488 3.7435 1.8036 70.5077 -4.1883 -1.8329
Car -1 -1 -4.4752 748.9980 175.5098 777.6319 193.2133 1.4839 1.5849 3.9134 13.4374 1.7240 63.2176 -4.2671 -1.9518
Car -1 -1 -5.6387 642.0576 171.4898 699.7139 192.7586 1.5907 1.6736 4.3182 4.6671 1.4883 56.0230 -5.5564 -2.0290
Car -1 -1 -4.5620 709.3383 172.8502 737.5587 193.2815 1.5185 1.5980 3.8599 8.7619 1.5179 55.7063 -4.4072 -2.0315
Car -1 -1 -6.3035 1021.2729 188.9596 1093.1954 214.9747 1.4991 1.5973 3.7761 27.9443 2.5456 45.2553 -5.7539 -2.1118
