Car -1 -1 -7.8172 587.2899 176.2160 630.6265 218.4130 1.6142 1.6538 4.5940 -0.0194 1.7659 30.2971 -7.8185 2.8610
Car -1 -1 -4.0548 0.0000 178.1867 289.9361 374.0000 1.6235 1.5604 3.7655 -3.8122 1.6726 4.7833 -4.7013 1.6013
Car -1 -1 -4.5956 479.9182 179.7576 535.4003 226.6531 1.5171 1.5354 3.7161 -3.6292 1.7812 25.7682 -4.7348 1.5282
Car -1 -1 -4.5137 543.0117 179.0654 576.7643 201.5603 1.4783 1.6114 3.9778 -3.5045 1.9318 50.6390 -4.5829 0.1624
Pedestrian -1 -1 -4.5935 924.6646 175.7463 941.8835 214.5439 1.8393 0.6639 0.8707 15.5671 1.9808 34.8312 -4.1769 -0.9858
Car -1 -1 -8.2949 584.2484 179.5826 652.5892 215.0488 1.5181 1.6713 3.9367 0.2853 1.8533 33.8340 -8.2871 -1.4737
Car -1 -1 -7.5945 119.5467 175.4380 170.3338 202.3756 1.5012 1.5976 3.7821 -27.4520 1.6609 42.6472 -8.1637 -1.5320
Pedestrian -1 -1 -6.7469 918.3198 177.2749 937.3582 208.3282 1.7381 0.5912 0.8046 17.9282 1.9897 40.7922 -6.3360 -1.6581
Car -1 -1 -4.7182 187.9934 173.5840 215.7746 197.5228 1.6041 1.6388 4.0243 -28.6742 1.6572 50.6345 -5.2314 -1.6871
Pedestrian -1 -1 -8.9887 1221.2347 164.6905 1241.0000 230.8874 1.7896 0.5268 0.5186 17.2216 1.5686 19.8518 -8.2819 -1.8504
Car -1 -1 -4.7096 274.9524 177.7254 300.7967 201.6282 1.6064 1.6263 4.0595 -23.0389 1.9690 51.5683 -5.1281 -2.1426
