Car -1 -1 -7.8750 586.8872 177.4016 631.9561 224.1358 1.6700 1.6400 4.4996 -0.1253 1.8636 28.4955 -7.8801 2.5671
Car -1 -1 -4.0327 0.0000 183.7657 95.4192 233.7688 1.5006 1.6387 4.1617 -19.9352 1.9046 24.6488 -4.7076 1.9400
Car -1 -1 -4.1443 0.0000 191.0823 340.9172 374.0000 1.5175 1.6620 4.3338 -3.7454 1.7116 5.5249 -4.7186 1.4737
Car -1 -1 -4.6166 520.1485 179.0607 556.3284 210.6671 1.6449 1.6486 3.8393 -3.9904 2.0072 40.2290 -4.7153 1.2769
Cyclist -1 -1 -5.1471 1196.4358 194.2596 1241.0000 291.4095 1.6343 0.5584 1.5327 11.4924 2.0530 13.3093 -4.4466 0.2618
Car -1 -1 -4.1014 176.3071 174.4362 242.2198 204.2848 1.7131 1.6249 3.7356 -24.1479 1.8126 43.5606 -4.6052 -1.2010
Pedestrian -1 -1 -4.0138 1029.2255 167.1950 1046.1379 194.4754 1.8134 0.4801 0.9462 28.6237 1.4369 48.3472 -3.4822 -1.2929
Cyclist -1 -1 -5.3143 1093.0068 167.7900 1143.9456 223.1175 1.7344 0.5620 1.5505 16.4114 1.5754 23.3950 -4.7089 -1.3675
Pedestrian -1 -1 -3.1030 1022.0148 164.7119 1034.5621 200.1453 1.7648 0.4469 0.5308 20.9846 1.3589 36.2662 -2.5822 -1.3821
Pedestrian -1 -1 -3.7520 1003.6396 164.6739 1024.4537 200.5787 1.7935 0.4934 0.7707 20.2996 1.3846 36.3272 -3.2462 -1.5159
Car -1 -1 -7.6979 57.9465 171.5779 98.8381 195.8598 1.6049 1.6563 4.0581 -36.7149 1.5203 49.8731 -8.3300 -1.8320
Car -1 -1 -4.4371 120.2334 175.8139 160.2357 196.1112 1.5139 1.6100 3.9470 -36.7934 1.7544 56.5608 -5.0119 -1.9472
Car -1 -1 -7.9948 748.9702 181.5468 795.1457 214.7891 1.5692 1.7199 4.3741 8.3066 2.0474 37.4787 -7.7789 -1.9962
Pedestrian -1 -1 -4.7694 703.4827 198.2164 721.2638 251.4336 1.1888 0.3770 0.4353 2.2961 1.7790 16.5698 -4.6352 -2.0054
Car -1 -1 -4.2936 105.8675 176.7857 172.7251 210.8491 1.6584 1.5604 3.6260 -24.4024 1.8728 37.4818 -4.8676 -2.0719
Car -1 -1 -4.4372 67.4101 183.3831 136.6503 218.8971 1.5003 1.6065 4.0637 -23.8439 2.0274 33.9586 -5.0459 -2.0725
Car -1 -1 -7.6330 457.7834 179.8723 503.6409 213.1889 1.6089 1.5978 3.5612 -6.6894 1.9902 37.4224 -7.8091 -2.0985
