Car -1 -1 -7.3610 221.9524 179.1761 282.1638 208.9352 1.5787 1.6698 3.3072 -20.1466 1.9495 40.6727 -7.8186 2.4702
Car -1 -1 -7.8472 587.3384 174.9103 623.6278 211.9894 1.6324 1.6101 4.4433 -0.2450 1.7360 34.2353 -7.8549 2.3854
Car -1 -1 -4.5156 416.5246 175.9952 512.7573 246.6694 1.6517 1.6789 4.3096 -3.7777 1.7445 19.2136 -4.7078 1.9253
Car -1 -1 -4.6940 514.6340 178.9953 548.1837 207.5296 1.4364 1.7262 4.2097 -4.2930 1.7902 39.4311 -4.8022 1.2140
Car -1 -1 -4.5748 749.4897 177.1896 785.7462 202.4531 1.5234 1.7067 4.4553 10.2159 1.8181 46.7130 -4.3612 -0.1313
Car -1 -1 -7.5299 602.5622 175.6056 651.9692 205.4017 1.6061 1.6351 4.0591 1.0116 1.7723 41.4836 -7.5062 -0.2946
Car -1 -1 -7.4657 341.0962 177.4773 380.7946 198.0055 1.5952 1.6635 4.0403 -20.3590 1.9866 59.0634 -7.7965 -0.3163
Car -1 -1 -4.4390 734.4110 174.1250 771.2864 198.2239 1.6333 1.5981 3.8300 10.1381 1.7268 51.1902 -4.2450 -0.9475
Car -1 -1 -5.1822 894.3085 182.4444 957.1713 210.9236 1.4388 1.6034 3.8054 17.2601 1.9922 39.7140 -4.7755 -1.7850
Car -1 -1 -7.3896 629.6700 177.1721 677.4612 201.0820 1.4777 1.5874 3.8344 2.8701 1.7733 47.3926 -7.3299 -1.8202
Car -1 -1 -2.7370 662.0765 176.8871 760.0491 212.3795 1.5190 1.6630 4.1224 4.5644 1.7133 33.0555 -2.6016 -1.9715
Pedestrian -1 -1 -5.9764 419.8437 169.1711 429.6242 192.3695 1.9181 0.7227 0.5981 -15.4387 1.6133 60.0374 -6.2273 -2.0395
