Car -1 -1 -7.8640 576.9454 178.1204 631.7484 232.1523 1.6315 1.6798 3.1454 -0.2551 1.8157 23.6867 -7.8755 2.6271
Car -1 -1 -8.3647 1106.8918 168.8088 1173.2357 197.8145 1.6944 1.6334 3.7401 32.2741 1.4578 44.1025 -7.7364 -0.9542
Cyclist -1 -1 -6.6859 0.0000 173.0138 67.8283 247.3383 1.7613 0.4532 1.7891 -14.7088 1.7652 17.9983 -7.3640 -1.0981
Pedestrian -1 -1 -4.7650 848.7231 189.3503 867.8904 243.1885 1.4184 0.4590 0.5229 6.6614 1.8715 19.5151 -4.4415 -1.5893
Car -1 -1 -7.8817 805.7106 181.7630 832.4470 205.5722 1.5161 1.6422 3.9873 14.3236 2.1555 49.6776 -7.6031 -1.6429
Car -1 -1 -5.0833 873.8708 186.4140 916.2821 208.1937 1.5092 1.6496 3.9260 21.4097 2.5683 54.4079 -4.7108 -1.6945
Car -1 -1 -5.4156 738.7228 181.6485 833.8762 222.3736 1.4929 1.6418 3.8755 7.0638 1.8772 29.4562 -5.1831 -1.9243
Car -1 -1 -4.9116 938.8102 178.8849 968.1492 197.3525 1.5308 1.5894 3.7805 30.0009 2.0753 63.1582 -4.4704 -1.9519
Pedestrian -1 -1 -7.6669 210.6419 175.2677 235.1258 227.1293 1.8271 0.6654 0.6372 -13.9139 1.9146 25.8601 -8.1566 -2.0997
Car -1 -1 -8.1721 730.0253 181.9911 770.5770 205.1974 1.5217 1.6448 3.9629 9.8364 2.1936 51.0144 -7.9832 -2.1848
Car -1 -1 -7.8418 974.7691 176.5475 996.9706 196.6038 1.6216 1.6237 4.0074 31.9134 1.9460 61.2811 -7.3640 -2.1922
