Car -1 -1 -7.8801 577.7515 178.2160 634.0618 233.4028 1.6278 1.6886 3.1643 -0.2284 1.8119 23.2074 -7.8906 2.5740
Car -1 -1 -4.2745 343.3388 181.0425 393.5730 206.6568 1.4894 1.5946 3.5994 -15.0529 2.0216 45.0386 -4.5956 -1.1557
Car -1 -1 -4.9880 785.3707 185.5569 823.3000 207.2232 1.4632 1.6363 4.0834 14.2431 2.4355 53.1905 -4.7283 -1.4335
Car -1 -1 -5.3483 1027.5490 174.3012 1094.2849 198.8946 1.5774 1.7165 4.0749 30.2664 1.6789 48.6280 -4.7946 -1.5073
Car -1 -1 -4.8990 776.8548 185.6879 808.2026 206.4266 1.4925 1.6460 4.0492 14.2344 2.5349 56.5555 -4.6542 -1.5743
Cyclist -1 -1 -4.5610 7.1750 172.6200 34.3921 217.2789 1.7808 0.6130 1.6941 -24.2464 1.7712 29.6580 -5.2421 -1.6236
Pedestrian -1 -1 -3.8614 1223.2617 165.5351 1241.0000 222.8096 1.8972 0.5094 0.3029 20.8548 1.6545 24.1576 -3.1557 -1.6929
Car -1 -1 -5.0438 725.0858 184.8064 763.0314 206.7497 1.5047 1.6280 3.7542 9.8855 2.4252 53.6098 -4.8630 -1.7843
Car -1 -1 -8.0509 862.9200 188.6801 897.6296 210.5379 1.4918 1.6801 4.0341 20.3141 2.7323 54.4450 -7.6962 -1.9964
Car -1 -1 -4.6966 953.7852 182.8194 974.7371 200.5065 1.5184 1.6844 4.2136 32.7730 2.4712 66.7494 -4.2424 -2.0297
Car -1 -1 -4.7507 847.4091 184.8221 869.1537 203.7684 1.5212 1.6248 3.9481 21.5335 2.5969 62.7413 -4.4220 -2.1299
Pedestrian -1 -1 -2.7087 312.7419 171.9437 329.0515 207.9294 1.7981 0.5701 0.5767 -14.6027 1.7523 36.3530 -3.0884 -2.1614
