Car -1 -1 -7.8253 565.8199 178.5733 617.7106 229.9329 1.6033 1.6455 3.1590 -0.6221 1.8094 24.4585 -7.8512 2.6524
Car -1 -1 -8.3393 944.9940 169.2741 1016.4741 198.6078 1.4084 1.5641 3.9076 18.6753 1.2363 36.6112 -7.8711 1.4678
Car -1 -1 -4.5667 485.1309 181.0536 521.8327 208.8680 1.5784 1.6886 3.7048 -6.4677 2.0979 43.8909 -4.7126 0.9382
Car -1 -1 -8.3898 998.6353 155.8637 1074.8405 199.9814 1.8635 1.5904 2.9885 18.7920 1.1456 31.9788 -7.8627 0.1677
Car -1 -1 -5.4391 1188.9424 154.2859 1241.0000 214.4663 1.5667 1.6177 3.4923 18.6327 1.0830 20.5323 -4.7095 -0.6380
Car -1 -1 -7.5002 342.6172 179.2856 384.0283 207.2214 2.2074 1.8186 4.5274 -20.5940 2.7654 60.3520 -7.8281 -1.1985
Car -1 -1 -4.9458 791.4056 172.1702 825.9857 194.0196 1.5090 1.5685 3.6772 14.1603 1.4615 51.6946 -4.6802 -1.3791
Car -1 -1 -3.6939 1013.2202 160.2619 1130.4532 204.9381 1.7535 1.6609 3.6686 18.5561 1.2590 29.1674 -3.1321 -1.7781
Cyclist -1 -1 -8.2937 1198.1132 152.5973 1241.0000 213.7607 1.7218 0.4174 1.7361 17.9449 1.1513 21.2046 -7.5984 -1.7810
Car -1 -1 -4.6622 773.3013 174.1063 795.2921 192.8781 1.4814 1.5723 3.8700 14.3229 1.5876 59.2967 -4.4267 -2.1013
Car -1 -1 -8.3411 965.8226 155.9720 1033.2098 191.8086 1.8682 1.6454 3.7952 21.2040 0.9878 39.5130 -7.8518 -2.1888
