Car -1 -1 -8.4832 1091.2186 165.9052 1226.6180 208.0624 1.3911 1.6109 4.3258 19.5146 1.1615 25.9800 -7.8446 2.6837
Car -1 -1 -7.7862 598.0831 174.9131 660.9225 234.1453 1.6374 1.6833 3.1701 0.6034 1.7038 21.7183 -7.7597 2.6095
Car -1 -1 -8.0217 720.8810 179.3292 808.6805 245.6298 1.4561 1.5353 3.4761 3.6926 1.6327 17.9518 -7.8230 2.2005
Pedestrian -1 -1 -3.3784 739.5849 171.1285 760.4587 249.1205 1.7004 0.4326 0.3589 3.0411 1.6625 15.9565 -3.1944 -0.5189
Car -1 -1 -8.5290 1214.9744 156.2540 1241.0000 211.9830 1.4421 1.5486 3.4551 19.2371 1.0123 20.4508 -7.7814 -0.8011
Pedestrian -1 -1 -3.2430 303.5397 180.7935 332.7680 243.9991 1.8193 0.6629 0.7394 -8.6876 2.0591 21.3511 -3.6256 -1.5048
Car -1 -1 -8.2088 942.5496 152.9451 998.8373 192.1413 2.3928 1.8263 4.3122 23.0176 1.1771 46.2873 -7.7501 -1.7748
Pedestrian -1 -1 -7.3425 0.0000 170.6280 23.8953 226.2062 1.9115 0.6909 0.6120 -21.0794 1.8347 25.1792 -8.0344 -1.7937
Car -1 -1 -7.2068 0.0000 169.6765 106.8868 220.3513 1.7611 1.6133 3.7129 -20.9189 1.6504 26.9392 -7.8624 -1.8290
Car -1 -1 -4.5514 466.1057 184.6067 500.7216 209.0523 1.4723 1.6244 3.9537 -8.2933 2.2757 47.3538 -4.7243 -2.0665
Car -1 -1 -6.8758 1079.8644 139.7643 1173.1611 169.2971 1.6227 1.6272 4.0695 29.0534 -0.2053 40.7159 -6.2592 -2.1092
