Car -1 -1 -4.5943 468.0579 186.4497 530.6007 232.3465 1.4718 1.7748 4.3485 -4.0372 2.0151 26.6438 -4.7439 2.4493
Car -1 -1 -4.2384 77.7507 191.5000 319.4113 318.5657 1.6398 1.6715 4.2713 -6.5893 2.0075 12.0913 -4.7287 2.4264
Car -1 -1 -7.9242 627.2865 180.9907 658.4708 206.8884 1.4815 1.6395 3.8885 1.9502 2.0049 44.4768 -7.8812 1.8225
Car -1 -1 -4.5911 512.7244 184.8752 549.5959 216.4474 1.5103 1.4966 3.5365 -4.1077 2.1668 37.6464 -4.6996 1.6337
Car -1 -1 -4.4351 346.9795 193.3244 434.2312 245.1397 1.3875 1.6087 3.9600 -6.8861 2.0929 22.8838 -4.7248 1.6237
Car -1 -1 -6.4925 710.9955 170.2295 807.0612 202.7486 1.6551 1.7072 4.6453 7.6718 1.5213 37.6012 -6.2932 1.0943
Car -1 -1 -3.9684 0.0000 204.4434 112.0750 374.0000 1.6170 1.6455 4.0935 -6.2272 1.9628 5.8185 -4.7649 0.5181
Car -1 -1 -4.6725 456.7021 188.6429 490.0391 219.1981 1.4246 1.5599 3.7863 -7.1283 2.2923 37.6803 -4.8588 0.0062
Car -1 -1 -3.2693 703.3256 170.5423 781.6413 201.0998 1.6816 1.7057 4.1518 7.3767 1.5540 40.6613 -3.0915 -0.3763
Car -1 -1 -8.3425 886.0632 154.4948 938.3454 184.6337 1.9180 1.6443 3.6926 19.9379 0.7493 47.8343 -7.9499 -0.4343
Car -1 -1 -5.1475 1170.8496 161.8069 1241.0000 221.1104 1.4772 1.6367 3.9128 17.4537 1.2017 20.0773 -4.4393 -0.5934
Pedestrian -1 -1 -5.7082 12.0406 165.5214 57.7242 237.4960 1.8042 0.6934 0.6387 -14.7542 1.6201 18.4615 -6.3755 -0.9702
Pedestrian -1 -1 -8.5537 1162.2301 148.2610 1185.7318 185.5655 1.8002 0.6720 0.6012 27.4162 0.6131 35.1334 -7.8952 -1.0295
Pedestrian -1 -1 -5.4494 416.6185 184.0047 431.8745 210.5673 1.7650 0.6211 0.8034 -12.6018 2.5266 48.8262 -5.7011 -1.2543
Car -1 -1 -7.4537 234.9477 178.9013 301.3126 215.1469 1.7613 1.6886 4.0505 -17.8568 2.0951 37.8050 -7.8925 -1.5169
Pedestrian -1 -1 -3.4614 1140.6742 139.2844 1209.3195 269.7279 1.7447 0.5770 0.5920 7.7716 1.2954 10.0188 -2.8162 -1.6321
Cyclist -1 -1 -4.5693 49.5000 164.2365 88.3044 233.2999 1.7937 0.5936 1.7520 -14.7629 1.5696 19.6517 -5.2073 -1.6540
Pedestrian -1 -1 -8.6952 662.7536 171.3594 676.4621 196.8657 1.8325 0.4612 0.9159 4.2911 1.7248 52.3285 -8.6143 -1.8011
Car -1 -1 -7.8076 465.7843 173.6864 486.4617 192.0777 1.5823 1.6327 3.9244 -11.9275 1.6586 64.3194 -7.9906 -1.8663
Car -1 -1 -5.0320 814.0629 167.4862 851.1255 188.3049 1.5637 1.6052 3.8848 17.2469 1.1602 56.1562 -4.7358 -2.0284
Cyclist -1 -1 -5.9663 637.2374 177.3212 670.3551 211.4619 1.7450 0.6873 1.5903 2.2468 1.9815 37.6497 -5.9078 -2.0959
Pedestrian -1 -1 -5.9145 0.0000 161.0343 16.8815 236.9156 1.7940 0.5092 0.3355 -14.6368 1.5143 17.3539 -6.6076 -2.1421
