Car -1 -1 -4.3268 206.6781 179.7947 382.4562 278.7743 1.6764 1.7410 4.2626 -6.2012 1.8377 14.6593 -4.7211 1.9919
Car -1 -1 -4.4031 339.2076 178.4804 440.3246 243.0172 1.6776 1.6438 4.1186 -6.3748 1.8587 21.1930 -4.6924 1.8423
Car -1 -1 -8.4438 851.5348 175.9817 1241.0000 374.0000 1.5828 1.6174 3.9795 2.8862 1.6097 4.2560 -7.8806 1.5200
Car -1 -1 -4.6614 522.7240 178.7601 558.6362 207.7236 1.4763 1.7566 4.3927 -3.8174 1.8210 39.9201 -4.7566 1.3719
Car -1 -1 -3.9554 0.0000 209.9801 168.0219 374.0000 1.4588 1.6423 4.0230 -6.1343 1.8982 6.5159 -4.6903 1.1488
Car -1 -1 -6.2998 1058.2391 143.4465 1241.0000 203.3320 1.5772 1.6910 4.4242 15.6403 0.8024 20.9727 -5.6658 0.8465
Car -1 -1 -7.8104 632.5110 173.8494 656.5662 194.9942 1.5071 1.6219 3.9124 2.5695 1.5836 53.6397 -7.7632 0.7370
Car -1 -1 -7.7131 493.7237 181.1179 527.3315 204.5009 1.4081 1.6100 4.0705 -6.4563 1.9687 46.9316 -7.8495 0.6059
Car -1 -1 -4.5397 438.1175 183.2971 487.9099 217.8382 1.3994 1.5612 3.7174 -6.5468 1.8930 32.2470 -4.7389 0.5052
Car -1 -1 -3.2657 692.6111 166.9120 758.1031 192.3862 1.7222 1.6576 4.2760 7.8694 1.3202 49.6753 -3.1099 -0.7984
Car -1 -1 -8.2085 851.5728 154.8590 893.6749 184.2442 2.2328 1.7690 4.1744 20.6299 0.8652 56.9210 -7.8626 -0.9789
Car -1 -1 -4.5575 548.6455 174.7565 577.4449 196.3141 1.5320 1.5708 3.7857 -3.4798 1.6781 53.5765 -4.6224 -1.1179
Car -1 -1 -8.1164 735.5602 169.6328 773.9821 193.4943 1.5186 1.5845 3.6768 9.5118 1.3133 47.8075 -7.9215 -1.2816
Pedestrian -1 -1 -6.7320 751.2538 168.9853 764.5323 196.3858 1.7316 0.7788 0.5446 9.4007 1.4869 46.0439 -6.5322 -1.4995
Car -1 -1 -4.5879 517.7042 172.7086 544.5968 193.5744 1.5805 1.6143 4.0199 -6.1840 1.5692 56.6772 -4.6964 -1.5240
Pedestrian -1 -1 -5.8870 0.0000 172.4301 26.3224 278.8335 1.8119 0.5071 0.3389 -10.5549 1.8044 12.5786 -6.5748 -1.6013
Car -1 -1 -4.5708 700.7266 169.7322 734.8387 195.4201 1.6181 1.6809 4.0309 7.1205 1.4211 47.6208 -4.4236 -1.7115
Cyclist -1 -1 -4.4650 360.8336 168.7229 377.2706 197.3978 1.7907 0.6272 1.5621 -15.3399 1.5324 45.8617 -4.7864 -1.8566
Car -1 -1 -8.2491 450.9742 158.6901 492.6378 188.1595 2.1738 1.7029 4.0703 -10.6726 1.1287 55.3909 -8.4388 -1.9479
Car -1 -1 -2.7802 274.2483 170.8592 349.5318 197.5006 1.5576 1.6106 3.8293 -17.7751 1.4407 43.0440 -3.1699 -1.9821
Car -1 -1 -7.4827 317.2551 162.4676 363.7124 189.8385 1.7042 1.6301 3.5705 -17.4288 1.0572 46.7223 -7.8381 -2.0993
