Car -1 -1 -7.9289 652.2675 178.8104 700.9470 219.9292 1.4823 1.6216 3.5250 2.5075 1.7303 28.2968 -7.8421 2.5036
Car -1 -1 -4.2673 0.0000 197.1915 378.7940 374.0000 1.4448 1.6814 4.4809 -3.6520 1.7447 6.6238 -4.7552 2.2142
Car -1 -1 -4.4387 332.4318 190.1695 466.7366 282.1247 1.4521 1.5353 3.5658 -3.9270 1.8270 13.8504 -4.7108 2.0821
Car -1 -1 -7.6571 437.0943 183.1334 490.9638 222.7731 1.6356 1.6331 4.0858 -6.6166 2.1328 32.8750 -7.8547 1.8798
Car -1 -1 -3.4756 795.0453 166.5706 964.3773 219.3036 1.5049 1.6745 4.4092 7.8699 1.3253 21.4565 -3.1290 1.4926
Car -1 -1 -3.3958 740.7654 167.5458 849.1418 206.4809 1.6112 1.6813 4.1765 7.7691 1.3912 30.7185 -3.1508 1.4395
Car -1 -1 -3.4549 773.2322 158.4314 913.3770 213.1092 1.7978 1.7165 4.2193 7.8262 1.3233 24.6016 -3.1508 1.0807
Car -1 -1 -4.5026 480.0938 182.3908 519.9707 209.2926 1.5082 1.5950 4.0459 -6.6842 2.1166 43.9836 -4.6531 0.2819
Car -1 -1 -6.8738 992.0430 154.4040 1092.0375 185.2106 1.5454 1.6435 4.2193 22.1470 0.6195 37.1341 -6.3396 -0.1103
Car -1 -1 -4.4331 343.5211 191.5511 433.8559 246.2623 1.3979 1.5877 3.8072 -6.5717 2.0084 21.6567 -4.7249 -0.1120
Car -1 -1 -7.1878 1030.4912 153.0695 1127.1497 186.0836 1.5012 1.6418 4.1574 22.2157 0.6013 34.2643 -6.6165 -0.2907
Car -1 -1 -4.6254 451.0261 174.3397 477.8839 196.4313 1.5933 1.6456 3.9614 -10.9594 1.7093 54.3775 -4.8236 -1.0314
Car -1 -1 -4.9271 713.9634 167.4548 745.1196 188.2489 1.5992 1.6287 3.9829 9.4612 1.1837 57.5237 -4.7652 -1.5249
Pedestrian -1 -1 -7.2679 0.0000 197.4707 26.2489 260.7943 1.4876 0.4539 0.4847 -14.5595 2.0906 17.4199 -7.9567 -1.5838
Car -1 -1 -4.0160 0.0000 200.6288 126.5027 374.0000 1.4451 1.5829 3.8213 -6.6388 1.7835 6.8469 -4.7666 -1.8151
Car -1 -1 -4.6513 416.9659 187.1288 465.5826 228.4001 1.4760 1.6758 4.4076 -6.9151 2.1094 29.7163 -4.8785 -1.8206
Pedestrian -1 -1 -7.8316 692.3996 178.4239 711.9894 230.3066 1.5378 0.5767 0.6323 2.7425 1.7087 21.8171 -7.7091 -2.1792
Car -1 -1 -5.0167 624.8301 172.8331 659.5630 194.0682 1.6793 1.6635 4.1923 2.5767 1.6774 59.3016 -4.9739 -2.1802
