Car -1 -1 -8.3471 774.3684 178.6051 1102.5439 374.0000 1.5072 1.5209 3.3467 2.9502 1.5798 7.3882 -7.9821 2.6864
Car -1 -1 -4.1191 0.0000 195.8577 240.7687 374.0000 1.5642 1.5616 3.7357 -5.9462 1.8847 8.1759 -4.7328 2.0585
Car -1 -1 -4.3565 198.1147 195.3801 360.4544 292.6902 1.4298 1.5268 3.5531 -5.9276 1.9002 13.2606 -4.7700 1.9361
Car -1 -1 -8.1195 727.7146 182.7645 870.0176 276.6999 1.4083 1.5253 3.5844 3.1787 1.6117 13.0163 -7.8862 1.8639
Car -1 -1 -2.7494 328.7661 179.3549 426.2645 214.7605 1.7727 1.7315 4.5126 -12.0955 2.1203 37.5597 -3.0593 0.7768
Car -1 -1 -8.7314 986.0500 188.9937 1241.0000 374.0000 1.4860 1.6160 3.8607 2.9467 1.5792 2.2364 -7.8719 0.1651
Pedestrian -1 -1 -7.8532 826.2497 150.0838 856.7608 234.3206 1.9376 0.6722 0.8219 5.4257 1.4136 17.0895 -7.5514 -0.1163
Car -1 -1 -2.6194 186.0168 188.0536 272.5548 216.8389 1.4381 1.5544 3.7335 -19.9392 2.2519 37.7950 -3.1022 -0.1703
Car -1 -1 -5.0762 288.9287 185.7430 333.9650 209.6653 1.4317 1.5606 3.5136 -19.4840 2.3025 46.9515 -5.4679 -0.2404
Pedestrian -1 -1 -7.5945 786.6860 150.6859 824.7462 232.2575 1.9368 0.7053 0.8719 4.7511 1.4102 17.6851 -7.3369 -0.6886
Car -1 -1 -4.9698 244.4291 186.3489 288.5684 211.0999 1.4471 1.5894 4.0567 -22.2023 2.3551 46.4991 -5.4134 -0.6996
Car -1 -1 -6.8508 903.9939 163.5825 1008.0948 202.9796 1.5372 1.5574 3.5078 13.8949 1.1751 29.1476 -6.4101 -0.7556
Car -1 -1 -4.8821 399.8424 182.8362 435.3349 206.9045 1.4537 1.6182 3.8874 -12.7162 2.1387 47.4291 -5.1430 -0.9303
Car -1 -1 -2.8205 774.7482 173.5836 863.7709 204.4955 1.5115 1.6460 4.0991 10.7209 1.5507 37.2034 -2.5425 -0.9832
Car -1 -1 -7.7802 559.5645 162.5850 584.6572 191.1458 2.2357 1.7387 4.0881 -3.0655 1.4316 58.5444 -7.8326 -1.3876
Pedestrian -1 -1 -3.9196 1012.7924 153.6339 1035.5193 204.0960 1.8325 0.5827 0.4424 15.1847 1.1342 26.5409 -3.4050 -1.4969
Car -1 -1 -4.8418 978.3406 164.2654 1023.1285 194.6714 1.5304 1.5840 3.9057 20.7030 1.0978 38.4227 -4.3510 -1.5786
Car -1 -1 -8.0447 195.8148 193.3539 259.1214 234.7341 1.4734 1.6014 3.8566 -15.8238 2.3733 29.6813 -8.5311 -1.6130
Car -1 -1 -7.2659 168.5172 167.5614 215.8756 190.4973 2.0219 1.7070 4.1654 -38.0226 1.5550 65.7408 -7.7887 -1.7151
Car -1 -1 -7.9702 1006.5752 161.3032 1062.3804 199.7050 1.4928 1.5606 3.6607 17.5501 1.0435 30.0374 -7.4459 -1.7390
Car -1 -1 -2.9867 392.0150 165.3799 451.1946 189.1189 1.8122 1.6912 4.2446 -14.6415 1.2414 56.1340 -3.2409 -1.7416
Pedestrian -1 -1 -3.5008 436.8257 167.3662 452.4536 194.0837 2.0150 0.5943 1.0160 -12.6209 1.6009 54.9469 -3.7258 -1.8452
Car -1 -1 -7.5255 382.8587 161.8223 420.8996 189.0972 2.2127 1.7606 4.3671 -17.4945 1.3175 60.7605 -7.8049 -1.9040
Car -1 -1 -3.6869 165.7706 195.3865 376.4866 276.0797 1.4288 1.5874 3.9882 -7.4106 1.9948 16.0405 -4.1139 -1.9722
Car -1 -1 -4.5238 163.5854 173.2017 198.2384 196.8546 1.8177 1.6463 4.0482 -34.2864 1.8463 57.6975 -5.0581 -2.0416
Car -1 -1 -7.8301 552.2236 189.4283 1241.0000 374.0000 1.4628 1.5698 3.8193 1.3935 1.5703 2.6340 -7.3895 -2.0764
