Car -1 -1 -3.6005 859.2626 172.2677 986.8103 218.3758 1.4108 1.4957 3.4084 9.8397 1.3925 22.9230 -3.2001 1.7206
Car -1 -1 -3.7647 1012.0644 164.5189 1183.3846 215.2139 1.5369 1.6807 4.3295 15.2734 1.2839 22.7994 -3.1808 1.4528
Car -1 -1 -2.5862 83.6312 181.4801 273.7673 250.1364 1.9736 1.8306 4.7178 -13.0601 2.2474 21.9564 -3.1179 1.4117
Car -1 -1 -7.0744 1160.5084 160.3189 1241.0000 235.7087 1.3933 1.6010 4.0597 13.4055 1.1613 14.2276 -6.3292 1.2742
Car -1 -1 -5.0157 246.4662 185.6312 317.9455 223.3731 1.4623 1.6993 4.0699 -14.3779 2.0558 31.4502 -5.4416 -0.2240
Car -1 -1 -4.7233 38.8632 196.2765 88.7854 235.0190 1.3966 1.5961 3.8365 -23.0915 2.4497 30.4440 -5.3682 -0.5276
Pedestrian -1 -1 -4.1441 0.0000 203.2034 18.2358 255.5560 1.5927 0.5044 0.4799 -18.9705 2.5516 22.5339 -4.8382 -1.2466
Car -1 -1 -5.9661 270.7083 165.4671 356.7175 194.7456 1.6078 1.6586 4.1674 -16.6491 1.2018 40.5952 -6.3533 -1.2647
Pedestrian -1 -1 -5.4606 503.7910 179.9656 518.6503 211.7990 1.7006 0.5893 0.5386 -5.3936 2.0898 39.1228 -5.5972 -1.4675
Car -1 -1 -4.5235 138.2823 176.6748 186.2208 205.9259 1.6018 1.6397 4.0837 -26.2044 1.8371 42.2871 -5.0756 -1.8973
Pedestrian -1 -1 -5.7751 782.0931 165.3288 796.8848 205.0857 1.7517 0.5608 0.4209 7.9529 1.4198 32.1389 -5.5351 -1.9975
Car -1 -1 -3.1914 629.6601 171.7643 698.6704 198.7548 1.5634 1.6032 3.9872 3.1244 1.5000 42.6409 -3.1192 -2.0194
Car -1 -1 -8.3152 605.4890 175.4743 657.2992 203.6303 1.5040 1.5495 3.4410 1.1276 1.6587 40.7809 -8.2883 -2.1789
Car -1 -1 -7.1407 1206.5836 148.6708 1241.0000 245.3371 1.4632 1.5646 3.8026 12.2169 1.0969 11.8326 -6.3518 -2.1948
