Car -1 -1 -5.1020 780.7295 182.0212 1037.7159 333.8446 1.4648 1.5854 3.6163 3.3705 1.6025 9.0248 -4.7563 2.5113
Car -1 -1 -4.2532 231.7217 188.8874 408.7481 278.9351 1.4550 1.5987 4.1338 -5.6538 1.8255 14.5513 -4.6183 2.4299
Car -1 -1 -8.1128 713.7018 178.5356 846.1161 263.5343 1.4684 1.6001 3.9842 3.2444 1.6003 14.7641 -7.9016 2.2309
Car -1 -1 -4.5215 440.6874 177.5446 497.5570 217.9519 1.5207 1.5860 3.7875 -5.7270 1.7244 29.4884 -4.7121 2.2119
Car -1 -1 -8.0275 674.2407 173.8643 744.8539 224.2159 1.4964 1.6120 3.7996 3.0970 1.5317 23.4550 -7.8985 2.1440
Car -1 -1 -3.8879 0.0000 209.2532 126.4389 374.0000 1.5233 1.6082 3.7063 -5.8045 1.8932 5.4593 -4.6796 0.9425
Car -1 -1 -4.5428 471.8145 176.9645 516.7695 210.1234 1.4986 1.5714 3.5021 -5.5683 1.7066 34.8062 -4.7007 0.5226
Car -1 -1 -8.0636 665.5583 174.1907 721.3478 214.3415 1.4920 1.5142 3.3855 3.2114 1.5482 28.6900 -7.9538 0.4537
Pedestrian -1 -1 -6.0382 420.8194 173.0978 431.4112 207.2517 1.8000 0.5196 0.4317 -9.7953 1.8127 38.2908 -6.2874 -0.8963
Pedestrian -1 -1 -6.6882 720.7897 157.1052 741.5330 196.2779 1.9088 0.6981 0.7974 5.9331 1.1411 35.5940 -6.5247 -0.9041
Car -1 -1 -2.3440 0.0000 187.8182 103.7436 249.7666 1.4732 1.6211 3.6999 -15.4915 1.8808 18.6590 -3.0300 -0.9539
Car -1 -1 -5.6160 0.0000 188.2040 149.3397 242.1945 1.4703 1.6351 4.1196 -16.0271 1.9351 21.0006 -6.2619 -1.0937
Car -1 -1 -4.4910 438.8249 170.6592 469.4055 189.6143 1.5302 1.6411 4.0794 -13.0084 1.3527 60.2936 -4.7029 -1.7076
Car -1 -1 -4.3119 289.1638 181.7117 352.9526 212.6539 1.4774 1.6083 4.1210 -15.0539 1.9657 37.7199 -4.6895 -1.7937
Car -1 -1 -6.1710 517.7374 182.4312 569.9675 200.6346 1.4934 1.6135 4.2399 -5.5842 2.3133 60.9417 -6.2624 -1.8878
Car -1 -1 -5.9356 466.5482 169.6348 524.3705 191.4750 1.6230 1.6345 4.0217 -8.7115 1.3835 54.8031 -6.0927 -1.9226
Car -1 -1 -4.4482 645.4538 174.7174 677.0694 192.5781 1.5249 1.6995 4.5322 4.6024 1.6975 64.5274 -4.3776 -2.0162
Car -1 -1 -4.5266 107.7671 175.9333 150.9869 200.9294 1.5265 1.6085 4.0156 -31.1156 1.7350 46.7592 -5.1113 -2.1602
