Car -1 -1 -8.2292 778.1724 175.7675 1084.2760 357.7417 1.4964 1.6211 3.7312 3.0556 1.5354 7.8738 -7.8727 2.8117
Car -1 -1 -8.1873 717.5244 177.9813 868.8154 273.8939 1.4875 1.5682 3.4756 3.1233 1.5938 13.1954 -7.9608 2.3522
Car -1 -1 -4.3212 220.2021 188.5114 382.3941 283.1888 1.5101 1.5579 3.6828 -5.8200 1.8527 13.9612 -4.7101 2.2763
Car -1 -1 -4.4749 345.8097 187.1024 436.3295 249.9709 1.4463 1.5141 3.4561 -5.7545 1.8593 19.1638 -4.7635 1.9572
Car -1 -1 -8.0276 702.9520 177.4297 787.9694 239.3077 1.4364 1.5405 3.5970 3.3755 1.5668 18.8141 -7.8536 1.6489
Car -1 -1 -2.7886 378.8087 177.2302 456.9047 206.0328 1.6806 1.6906 4.2215 -11.5728 1.9501 43.4554 -3.0478 0.7131
Car -1 -1 -5.0840 335.1134 182.7183 374.6638 204.0396 1.4586 1.5630 3.5195 -18.7595 2.2068 52.9098 -5.4235 -0.1998
Pedestrian -1 -1 -7.5510 755.7283 152.7273 787.2266 216.5934 1.9429 0.7120 0.9537 5.0014 1.3303 22.5412 -7.3360 -0.2155
Car -1 -1 -7.6890 730.2211 169.9246 763.7060 193.6339 1.5059 1.5757 3.8814 9.0997 1.3195 47.9219 -7.5028 -0.5243
Car -1 -1 -8.2379 854.2481 165.0195 916.5267 199.9933 1.6455 1.6054 3.6852 13.5487 1.2766 35.8104 -7.8793 -0.6824
Car -1 -1 -4.3574 0.0000 188.8467 106.1880 256.9233 1.4690 1.5640 4.0028 -14.7617 1.9312 18.7216 -5.0183 -1.0537
Car -1 -1 -5.3031 43.3852 191.6061 183.3115 242.5632 1.4208 1.5916 4.1671 -15.7075 2.0509 22.7448 -5.9023 -1.0626
Car -1 -1 -7.6894 433.9547 162.9648 462.1689 187.6709 2.0954 1.7402 4.2754 -14.2052 1.2564 63.3788 -7.9093 -1.2273
Pedestrian -1 -1 -6.7908 436.1161 176.4475 453.0690 207.7234 1.8280 0.7472 0.7061 -9.8489 2.0434 42.8035 -7.0160 -1.3866
Car -1 -1 -7.8215 524.9667 170.0201 548.7490 195.8251 1.9639 1.7384 4.1567 -5.7750 1.7480 57.0467 -7.9223 -1.4268
Car -1 -1 -7.9969 706.2777 157.5554 736.6160 189.7655 2.4430 1.7835 4.0920 8.6991 1.2823 56.7779 -7.8459 -1.5248
Pedestrian -1 -1 -7.7901 777.7977 152.1413 802.8231 217.4417 1.9497 0.6862 1.0341 5.4907 1.3310 22.1393 -7.5506 -1.5971
Pedestrian -1 -1 -3.2577 460.7917 164.9986 473.4108 188.0559 1.9334 0.5927 0.9833 -12.0939 1.2744 60.9339 -3.4531 -1.6122
Car -1 -1 -4.0275 17.3050 189.0644 141.8268 234.6847 1.4458 1.5774 3.8068 -19.1441 2.0777 26.1961 -4.6539 -1.6326
Car -1 -1 -4.7328 97.2633 186.9580 141.0953 224.2277 1.4574 1.5086 3.3711 -21.4254 2.1062 31.3974 -5.3279 -1.9968
Pedestrian -1 -1 -4.2285 251.0109 148.6572 282.9232 205.2469 1.9604 0.6347 0.9795 -12.1589 1.1219 25.4992 -4.6696 -2.0771
Pedestrian -1 -1 -8.0444 861.2430 167.1720 882.5745 213.5098 1.8147 0.6854 0.6301 10.3387 1.5919 28.6202 -7.7016 -2.1807
