Car -1 -1 -3.6328 870.5215 171.6300 1008.7874 222.1747 1.4330 1.5134 3.4101 9.6376 1.3980 21.3344 -3.2142 1.8327
Car -1 -1 -3.8112 1024.5531 160.7525 1216.1251 217.6460 1.5950 1.7085 4.5372 14.8721 1.2554 21.2285 -3.2069 1.8057
Car -1 -1 -2.5711 28.9329 188.1212 239.3616 259.2000 1.8634 1.8143 4.6983 -13.2552 2.3105 20.2261 -3.1455 1.1593
Car -1 -1 -5.1249 210.9322 189.4042 296.0049 228.8443 1.4192 1.6078 4.1179 -14.6797 2.1408 29.5342 -5.5830 0.0381
Pedestrian -1 -1 -3.2040 482.1419 174.2280 500.4135 215.3615 1.7529 0.5766 0.7430 -5.1690 1.8126 31.1374 -3.3676 -0.5750
Car -1 -1 -4.7049 0.0000 199.2556 51.2110 242.4250 1.4431 1.6294 3.7988 -23.2169 2.5605 28.5530 -5.3832 -0.7872
Car -1 -1 -3.1254 617.8212 171.1988 691.5085 199.5553 1.5745 1.6337 4.0998 2.5063 1.4823 41.0336 -3.0653 -0.9497
Pedestrian -1 -1 -5.0179 702.0436 160.5341 723.0524 208.0112 1.9227 0.7252 0.5278 4.1515 1.4235 29.5415 -4.8802 -1.2247
Pedestrian -1 -1 -5.9302 493.5614 175.5534 507.0577 209.4941 1.7422 0.5850 0.5226 -5.7274 1.8832 37.4306 -6.0815 -1.3847
Car -1 -1 -6.0305 601.2266 176.6863 672.9292 204.9600 1.4384 1.5242 3.5334 1.4090 1.6480 38.2766 -5.9945 -1.4857
Car -1 -1 -7.2578 20.0156 163.9836 91.9075 201.2225 2.3386 1.7366 4.1018 -36.3316 1.7812 47.4083 -7.9091 -1.5656
Car -1 -1 -6.8479 1189.7566 159.0299 1241.0000 212.0473 1.4885 1.6517 4.3058 20.1270 1.1000 21.4584 -6.1015 -1.5820
Car -1 -1 -4.9777 1219.6379 157.5026 1241.0000 263.2482 1.4362 1.5512 3.7497 11.4374 1.2274 11.8185 -4.2212 -1.6093
Car -1 -1 -4.2792 224.8963 169.7961 279.7487 194.1905 1.5372 1.6503 4.1324 -23.5265 1.3442 47.5528 -4.7366 -1.6495
Car -1 -1 -7.6084 490.5750 159.6537 519.8022 180.8229 1.8439 1.6757 4.0212 -9.4162 0.6938 64.9344 -7.7520 -1.7399
Car -1 -1 -4.5783 448.4019 174.0385 493.1350 208.5026 1.6309 1.6671 4.2068 -7.0048 1.6940 36.4388 -4.7673 -1.8835
Pedestrian -1 -1 -7.6959 366.5056 180.9007 386.4230 223.7377 1.7119 0.6609 0.7613 -9.5609 2.0444 29.4213 -8.0079 -1.8988
Car -1 -1 -7.9541 308.5467 183.9906 351.9018 217.5588 1.4856 1.6103 3.7670 -13.7804 2.0622 35.3330 -8.3238 -1.9288
Pedestrian -1 -1 -6.6078 454.2450 176.1704 470.9061 215.7583 1.7490 0.5032 0.6017 -6.6444 1.8989 32.3080 -6.8095 -1.9445
Car -1 -1 -4.3528 152.5310 172.1328 203.1926 197.0529 1.4988 1.5363 3.6546 -27.1159 1.4551 45.3310 -4.8895 -1.9637
Car -1 -1 -7.3251 79.4824 172.5207 154.6094 205.7111 1.8332 1.6994 4.2341 -28.6322 1.8145 42.0208 -7.9205 -1.9839
Car -1 -1 -7.7271 301.6484 165.1146 334.5194 192.7513 1.8793 1.6709 3.9463 -20.6905 1.3527 51.1843 -8.1096 -1.9841
Car -1 -1 -4.1377 58.4263 181.7007 135.4888 212.3397 1.5196 1.5557 3.8012 -27.5458 2.0191 38.8310 -4.7516 -2.0037
Cyclist -1 -1 -7.3521 466.1457 176.9796 494.0091 214.7664 1.7519 0.6233 1.5906 -6.2393 1.9537 34.4923 -7.5302 -2.0039
Pedestrian -1 -1 -3.7599 540.0248 161.7410 550.4658 195.4998 2.0055 0.5015 0.4069 -3.9121 1.3450 43.1879 -3.8501 -2.1340
Car -1 -1 -4.2905 59.3869 193.8060 147.8789 234.7686 1.4873 1.6162 3.7838 -21.1564 2.4240 30.2596 -4.8967 -2.1360
