Car -1 -1 -8.3016 798.2153 180.0776 1169.9014 374.0000 1.4176 1.5750 3.9876 3.2530 1.5113 7.3572 -7.9011 2.5950
Car -1 -1 -8.0703 703.6276 173.5974 814.2991 247.3492 1.4414 1.6016 3.6575 3.1102 1.4594 15.9893 -7.8824 2.3092
Car -1 -1 -4.5108 431.4091 178.2261 489.3027 219.4910 1.4325 1.4670 3.4860 -5.6260 1.6480 27.2446 -4.7130 1.9619
Car -1 -1 -4.4448 379.6350 175.7817 463.6901 232.9740 1.5937 1.5572 3.7218 -5.7284 1.6910 22.1718 -4.6953 1.8584
Car -1 -1 -3.9619 0.0000 197.3428 253.7735 374.0000 1.5014 1.6582 4.1873 -5.6481 1.8197 7.2188 -4.6083 1.7185
Car -1 -1 -8.0854 683.1380 170.7037 759.6067 226.1257 1.5125 1.4927 3.3261 3.1717 1.4535 21.4131 -7.9410 1.5137
Car -1 -1 -5.8592 83.4497 173.4453 231.1595 220.0706 1.4650 1.5819 3.8026 -14.8295 1.4850 23.7284 -6.4130 0.7349
Car -1 -1 -8.0555 673.4517 174.4864 739.0967 216.2155 1.4194 1.6269 3.9484 3.4343 1.4842 26.7323 -7.9297 -0.4889
Car -1 -1 -8.9439 0.0000 0.0000 1241.0000 374.0000 1.5133 1.5907 3.7070 3.3313 1.5036 1.7780 -7.9304 -0.8811
Car -1 -1 -4.4731 387.2996 170.6588 427.1783 193.9615 1.5179 1.6680 4.1733 -13.7749 1.3746 49.1121 -4.7454 -0.9272
Cyclist -1 -1 -4.9442 668.0423 168.6350 690.1160 211.9745 1.6457 0.5317 1.4568 2.6403 1.4852 28.1567 -4.8522 -1.5734
Pedestrian -1 -1 -8.2499 373.4316 168.5056 390.7172 205.0821 1.8810 0.6773 0.6049 -11.9031 1.6571 37.5565 -8.5551 -1.6231
Pedestrian -1 -1 -7.2623 675.7426 159.4280 693.7593 200.1580 1.8629 0.6129 0.5768 3.4208 1.2485 33.4198 -7.1616 -1.9429
Pedestrian -1 -1 -7.8733 746.1393 156.5729 763.7996 204.8303 1.9139 0.6789 0.7674 5.7876 1.2679 29.0537 -7.6790 -2.0048
Car -1 -1 -4.5014 196.4891 177.2962 266.1929 218.8008 1.5023 1.6035 4.2102 -15.0709 1.6934 28.8392 -4.9795 -2.0310
Car -1 -1 -4.4676 666.2385 167.2172 695.6844 186.9230 1.6754 1.6480 4.0664 6.2589 1.1959 63.5378 -4.3701 -2.0989
Car -1 -1 -4.4912 174.7150 178.0074 235.6924 212.8528 1.4771 1.6025 4.0299 -18.6799 1.7307 33.3846 -4.9982 -2.1756
