Car -1 -1 -3.8176 1000.6533 175.0876 1227.1488 248.9252 1.3779 1.4892 3.5828 9.9169 1.4250 14.4097 -3.2248 1.9102
Car -1 -1 -3.9826 0.0000 178.7000 86.8438 309.1375 1.8829 1.7093 4.2595 -11.6846 2.0030 12.7380 -4.7145 0.4882
Car -1 -1 -4.9949 108.4485 184.6128 209.8708 236.2434 1.4382 1.6296 4.2621 -14.5096 1.8466 23.0527 -5.5517 0.4028
Car -1 -1 -5.7302 185.0383 180.0276 304.5271 221.0659 1.5113 1.6268 3.8428 -14.1109 1.7981 27.8937 -6.1950 -0.3122
Car -1 -1 -4.6337 29.7528 187.5322 103.1948 239.1823 1.3834 1.5202 3.4851 -16.7320 1.8745 22.2745 -5.2723 -0.4110
Cyclist -1 -1 -3.2896 857.6021 172.5362 941.8169 240.4335 1.5603 0.7015 1.7648 6.7903 1.5527 17.1186 -2.9186 -0.4555
Car -1 -1 -7.6728 84.1795 175.0354 137.2046 205.8188 1.5276 1.6366 3.8072 -26.3771 1.6489 38.1707 -8.2744 -0.7779
Pedestrian -1 -1 -6.2965 461.4055 174.1266 472.8430 226.3493 1.6704 0.4458 0.3567 -4.6723 1.7117 23.3464 -6.4925 -0.8103
Pedestrian -1 -1 -6.4785 648.7707 165.4118 667.6227 201.2923 1.7653 0.6096 0.8309 2.3515 1.3988 35.8553 -6.4140 -1.3031
Cyclist -1 -1 -6.6244 434.4871 170.0032 481.8789 218.0887 1.8068 0.6392 1.6707 -5.8934 1.6994 27.8202 -6.8317 -1.4163
Pedestrian -1 -1 -6.6511 454.5177 171.5527 479.5131 223.5949 1.7352 0.5906 0.6638 -4.9004 1.6915 24.4840 -6.8471 -1.4712
Car -1 -1 -7.4528 153.3529 152.0019 213.6810 182.6914 1.7509 1.6731 4.0080 -25.5176 0.5609 43.2593 -7.9832 -1.5047
Pedestrian -1 -1 -7.4508 444.2188 163.6638 465.3275 209.4925 1.8784 0.6650 0.6243 -6.4821 1.5014 29.9432 -7.6626 -1.5716
Car -1 -1 -7.9669 606.4385 165.9647 644.6817 198.8153 1.6173 1.5764 3.5719 0.7215 1.2778 37.3746 -7.9482 -1.6147
Pedestrian -1 -1 -4.9586 615.6937 162.9746 631.2932 200.3410 1.8368 0.6471 0.5990 0.6275 1.3509 35.8337 -4.9417 -1.6305
Pedestrian -1 -1 -3.2262 595.9947 162.0991 616.9996 202.6635 1.8800 0.6530 0.9309 -0.2098 1.3813 33.8080 -3.2329 -1.7687
Cyclist -1 -1 -6.4809 416.9693 170.8895 466.9938 221.4968 1.7620 0.6316 1.6469 -6.0408 1.6933 25.7501 -6.7096 -1.8333
Car -1 -1 -5.0317 1225.6970 166.1758 1241.0000 260.8596 1.4173 1.5877 4.0309 12.7016 1.3170 12.9615 -4.2680 -1.8379
Pedestrian -1 -1 -7.7993 792.8363 160.2048 814.6932 217.6965 1.8486 0.6646 0.5124 6.2774 1.4415 23.5456 -7.5424 -1.9123
Car -1 -1 -5.9367 30.7375 184.3139 147.9751 220.0963 1.4953 1.5971 3.9471 -23.2352 2.0285 32.2884 -6.5568 -1.9207
Pedestrian -1 -1 -4.4288 534.3440 163.0845 550.1013 200.8937 1.8867 0.6354 0.6492 -3.4548 1.3989 36.3834 -4.5232 -1.9318
Car -1 -1 -4.0635 120.5675 175.6300 203.9328 207.2038 1.5613 1.5945 4.0840 -23.6061 1.7159 38.1600 -4.6146 -2.1919
