Car -1 -1 -3.6518 884.9578 168.7255 1039.7931 224.4179 1.4338 1.5114 3.4554 9.3783 1.3272 19.4464 -3.2088 2.1118
Car -1 -1 -3.8805 1051.2695 159.1280 1241.0000 222.1485 1.6077 1.7160 4.4497 14.5533 1.2572 19.4934 -3.2467 1.5528
Car -1 -1 -5.0641 170.8982 189.5873 260.2732 233.5201 1.4549 1.6441 4.1769 -15.0753 2.1365 27.4095 -5.5631 0.5909
Car -1 -1 -2.5180 0.0000 182.1152 192.2594 263.8383 1.9332 1.7664 4.3201 -13.2317 2.1773 18.1532 -3.1411 0.3072
Cyclist -1 -1 -6.3381 787.3502 171.5655 844.9856 224.0386 1.5780 0.5433 1.6699 6.2608 1.5390 22.1438 -6.0666 -1.5150
Car -1 -1 -7.3600 1037.6245 158.0838 1106.1561 187.8311 1.5929 1.6243 3.8002 25.7543 0.8017 40.2742 -6.7945 -1.5905
Car -1 -1 -4.5613 122.4630 179.9195 170.3865 210.7716 1.4731 1.5424 3.6693 -23.9718 1.8581 37.3529 -5.1288 -1.6145
Pedestrian -1 -1 -6.0748 627.6348 172.3170 643.7469 203.7517 1.7540 0.6471 0.7919 1.4132 1.7237 40.6697 -6.0408 -1.6325
Car -1 -1 -4.3970 123.0970 163.7963 176.1262 191.1363 1.5633 1.5920 3.7367 -27.5673 1.0451 43.2640 -4.9617 -1.7027
Cyclist -1 -1 -3.2894 425.1922 172.9346 467.3730 217.4272 1.8267 0.6438 1.6463 -6.9017 1.8299 30.2246 -3.5125 -1.7287
Car -1 -1 -5.9856 215.5115 164.8477 311.4002 198.3308 1.6402 1.6601 4.0597 -17.4786 1.2477 36.4638 -6.4299 -1.7427
Pedestrian -1 -1 -5.9969 478.4736 175.1148 493.7806 210.8592 1.7360 0.5917 0.5981 -6.1173 1.8476 35.4122 -6.1672 -1.7453
Car -1 -1 -2.3496 0.0000 180.7102 80.1830 210.7723 1.5453 1.6301 3.7334 -30.8116 1.9774 38.6694 -3.0192 -1.7620
Pedestrian -1 -1 -7.7573 453.5505 175.7073 469.5791 213.9831 1.6958 0.6470 0.6279 -6.6967 1.8248 32.3649 -7.9602 -1.9039
Cyclist -1 -1 -7.3570 330.0594 185.0913 364.5422 230.8310 1.6415 0.5701 1.4991 -9.8944 2.1140 27.0967 -7.7045 -1.9984
Car -1 -1 -4.5967 385.5462 164.9580 429.5800 204.9509 1.9836 1.7353 4.4039 -10.6569 1.5916 38.0965 -4.8680 -2.1288
