Car -1 -1 -4.3860 277.7447 185.6800 446.1709 290.0638 1.5647 1.6674 4.1225 -4.4199 1.8393 13.3964 -4.6996 2.2640
Car -1 -1 -4.1946 0.0000 189.9214 348.0347 374.0000 1.6111 1.6426 3.9142 -4.5831 1.8506 8.1626 -4.6931 2.1795
Car -1 -1 -4.4376 386.8043 189.4726 493.6942 256.3072 1.4197 1.5933 4.0506 -4.2367 1.8910 18.4159 -4.6613 2.0770
Car -1 -1 -4.4748 444.1093 185.0891 523.8881 238.4864 1.4743 1.6166 3.8298 -3.9250 1.8937 22.7874 -4.6442 1.8144
Car -1 -1 -7.9721 709.9258 170.4410 775.4103 226.3915 1.9178 1.8444 4.6713 4.8320 1.8348 27.1158 -7.7983 1.6211
Car -1 -1 -4.5060 570.3231 179.1762 605.6962 202.2932 1.4882 1.6434 4.0614 -1.5030 1.9427 49.7648 -4.5365 0.6428
Car -1 -1 -5.8751 108.7697 182.2570 252.7471 228.8127 1.6486 1.6917 4.3346 -16.0586 2.0159 27.1024 -6.4059 0.5119
Car -1 -1 -4.6664 554.6592 174.6704 574.5947 192.8321 1.6324 1.6725 4.0938 -4.2263 1.8068 67.3263 -4.7292 -1.2950
Car -1 -1 -4.8292 700.1329 178.1960 738.2483 208.8172 1.5384 1.5851 3.7472 5.7844 1.8395 38.8086 -4.6829 -1.3365
Cyclist -1 -1 -6.5344 797.9407 171.8369 830.0090 204.9894 1.7980 0.6647 1.5713 11.1150 1.7425 39.4801 -6.2624 -1.3466
Car -1 -1 -4.8180 704.4077 178.6344 750.2372 215.6550 1.5703 1.6510 4.0152 5.3063 1.8531 33.2912 -4.6619 -1.6844
Car -1 -1 -4.7188 805.8218 170.1843 830.8557 194.3396 1.5960 1.5961 3.8134 14.3022 1.4193 49.7241 -4.4407 -1.7133
Pedestrian -1 -1 -5.0997 849.5236 171.8902 869.2031 214.4991 1.7942 0.6157 0.5806 10.5598 1.7533 30.6914 -4.7719 -1.7716
Car -1 -1 -2.9455 516.8207 178.5513 565.0392 197.9497 1.5726 1.5989 3.7563 -5.7541 2.0542 60.0552 -3.0410 -1.8753
Car -1 -1 -4.4518 518.1258 179.6909 556.6136 202.5659 1.6008 1.7774 4.5190 -5.4376 2.1374 54.2843 -4.5516 -1.9273
Car -1 -1 -2.8977 262.7545 175.7238 367.7196 212.3423 1.5468 1.6661 3.9913 -12.9357 1.6772 31.7565 -3.2819 -1.9387
Pedestrian -1 -1 -3.2427 430.9069 163.1088 440.4914 215.5586 2.0353 0.4599 0.3201 -6.8749 1.6568 28.2692 -3.4795 -1.9637
Car -1 -1 -7.1158 372.2727 167.9029 457.0965 213.4955 1.9080 1.6324 3.6287 -8.6812 1.7005 32.1821 -7.3776 -2.1332
