Car -1 -1 -8.0741 736.9668 175.4697 862.0186 264.7368 1.7968 1.7697 4.8157 4.2261 1.8673 17.0884 -7.8367 2.5844
Car -1 -1 -4.2159 0.0000 204.9596 336.2224 374.0000 1.4624 1.5433 3.6935 -4.5834 1.9039 8.0773 -4.7187 2.2260
Car -1 -1 -4.3693 257.5877 194.3871 434.5780 304.0164 1.5009 1.5968 4.0619 -4.4590 1.9411 12.7199 -4.7008 2.1242
Car -1 -1 -4.5433 533.4454 183.7415 575.9705 214.0444 1.5098 1.6638 4.0781 -3.0129 2.1384 39.5721 -4.6194 1.9028
Car -1 -1 -8.0405 704.9764 181.7916 763.7477 224.5187 1.5625 1.6434 3.7464 4.8903 1.9457 29.0688 -7.8762 1.2768
Car -1 -1 -7.9726 721.6287 186.0095 788.9872 238.3742 1.4670 1.6307 4.0434 4.5539 1.9300 23.3313 -7.7830 1.1406
Car -1 -1 -7.9406 700.9335 183.4932 742.0306 217.5823 1.4664 1.5844 3.7652 5.1831 1.9983 34.1689 -7.7920 0.3652
Car -1 -1 -3.9313 0.0000 194.9929 113.1353 374.0000 1.6428 1.6457 3.9694 -4.4727 1.8111 3.4423 -4.8085 0.3061
Pedestrian -1 -1 -4.9567 851.2966 172.8023 873.3622 216.8277 1.7772 0.6703 0.8240 10.2890 1.7749 29.5669 -4.6255 -0.0951
Car -1 -1 -5.0838 509.2923 175.9805 547.6283 195.9875 1.5007 1.6363 4.0758 -6.5054 1.7568 56.9897 -5.1973 -0.1853
Car -1 -1 -4.5497 594.7754 182.3115 618.8978 200.3097 1.5580 1.6236 3.8892 -0.2837 2.4584 66.6617 -4.5544 -0.4329
Car -1 -1 -7.7079 696.0595 182.3656 735.8877 211.1854 1.4395 1.6028 4.0205 5.8278 1.9899 39.6190 -7.5635 -0.7277
Car -1 -1 -7.6437 685.1398 180.6192 724.0162 206.8042 1.4959 1.6174 3.8523 5.8452 1.9974 44.5419 -7.5147 -0.8642
Car -1 -1 -5.9957 468.7200 177.9542 532.7630 201.5226 1.5715 1.6416 4.0610 -7.5299 1.9300 49.6738 -6.1457 -1.1051
Pedestrian -1 -1 -6.9001 957.3376 168.7082 984.9895 217.7947 1.8160 0.7545 0.6016 13.5197 1.6623 27.1134 -6.4423 -1.3408
Car -1 -1 -2.7256 361.4491 169.8079 436.1083 199.4717 1.7607 1.6736 4.0300 -12.8643 1.5796 43.9237 -3.0092 -1.3661
Car -1 -1 -7.1551 443.6252 172.7049 504.2751 203.8662 1.9165 1.6561 4.0018 -8.7504 1.9070 46.5265 -7.3403 -1.6384
Car -1 -1 -4.7142 579.9594 177.1351 603.0518 200.9955 1.6263 1.5964 3.8199 -1.3647 1.9448 51.8036 -4.7409 -1.6566
Car -1 -1 -5.2614 815.1315 178.7444 853.9551 196.3744 1.5149 1.5795 3.8438 20.2958 2.0656 65.4332 -4.9624 -1.8796
Car -1 -1 -7.2738 450.8384 163.5323 500.9403 196.1148 2.3958 1.7585 4.2070 -10.2577 1.7100 55.3340 -7.4566 -1.9729
Car -1 -1 -4.5466 571.0988 181.4299 607.0503 208.5798 1.5756 1.6269 3.9487 -1.3008 2.1377 45.2462 -4.5757 -2.1680
Pedestrian -1 -1 -3.5534 938.8487 174.5379 960.5722 235.7107 1.7498 0.4969 0.4014 9.7892 1.7988 20.9050 -3.1216 -2.1824
