Car -1 -1 -4.1250 0.0000 190.4791 283.3165 374.0000 1.5785 1.6494 4.0579 -4.6167 1.7824 6.3117 -4.7371 2.1524
Car -1 -1 -4.4206 340.4636 186.5654 469.7527 268.0970 1.4758 1.5936 4.0296 -4.3549 1.8141 15.7801 -4.6864 2.0127
Car -1 -1 -8.0137 727.5123 166.4196 826.0512 243.7169 1.8823 1.8511 4.8563 4.4143 1.7253 20.0441 -7.8009 1.9626
Car -1 -1 -4.3103 201.8623 195.4181 408.7499 313.6418 1.4146 1.5907 3.6568 -4.5204 1.8220 11.1874 -4.6869 1.9401
Car -1 -1 -4.5164 545.5588 179.3693 584.4256 206.3674 1.4792 1.5741 3.8088 -2.6383 1.8805 42.4851 -4.5785 1.3238
Car -1 -1 -8.0469 702.4368 177.4931 752.0049 213.7004 1.5043 1.5328 3.4412 5.1264 1.7221 32.1740 -7.8909 0.6000
Car -1 -1 -6.5332 717.7442 182.5682 836.2573 224.5044 1.3887 1.5692 3.7433 5.7082 1.7380 25.1234 -6.3130 0.2185
Cyclist -1 -1 -3.1726 824.2958 164.8413 865.3332 205.6540 1.8123 0.6476 1.7400 10.5481 1.4562 32.5901 -2.8626 -0.0866
Car -1 -1 -7.9086 701.6677 178.2769 737.1207 208.2029 1.4423 1.6021 3.6225 5.5747 1.7367 37.3330 -7.7621 -0.1303
Pedestrian -1 -1 -2.8363 901.1804 162.0027 924.4336 219.8313 1.8759 0.6393 0.5440 9.9526 1.5236 23.8262 -2.4455 -0.5783
Car -1 -1 -6.0979 150.3574 176.3750 275.2823 223.8782 1.4967 1.5362 3.4392 -13.2483 1.6206 24.1793 -6.5948 -1.0728
Car -1 -1 -7.6407 694.2061 176.8438 735.5893 202.9123 1.4412 1.6006 4.1070 6.2289 1.6896 42.7692 -7.4975 -1.3345
Car -1 -1 -2.8904 488.5121 177.6514 545.0920 199.7759 1.5744 1.6141 3.8282 -6.8316 1.9323 52.8305 -3.0188 -1.5507
Car -1 -1 -1.9014 0.0000 173.7410 36.9770 235.6863 1.4947 1.6181 3.8033 -17.0847 1.5199 19.1013 -2.6242 -1.6885
Car -1 -1 -4.7507 533.5145 171.0057 555.6519 190.8050 1.5933 1.6803 4.0183 -5.5092 1.4443 60.1660 -4.8419 -1.7873
Pedestrian -1 -1 -4.5694 797.2056 160.6138 805.6507 185.5323 1.8905 0.5010 0.9218 14.6351 0.9616 55.2630 -4.3120 -1.8071
Car -1 -1 -7.7706 972.1694 176.9039 1057.9614 243.8647 1.5157 1.6410 3.9150 10.4993 1.6319 18.6684 -7.2656 -1.8312
Pedestrian -1 -1 -2.7655 353.0451 161.6407 368.1132 230.4164 1.9925 0.4472 0.2716 -7.3524 1.6674 21.1336 -3.0968 -1.8409
Pedestrian -1 -1 -2.8360 786.3931 161.1492 799.6106 184.2234 1.8821 0.4825 0.9523 15.0159 0.9271 59.3084 -2.5894 -1.9138
Car -1 -1 -3.5632 0.0000 185.4677 32.3993 302.4635 1.4633 1.5770 3.7866 -11.8740 1.7001 11.5160 -4.3523 -1.9334
Car -1 -1 -7.6533 835.9175 169.1213 883.0344 199.5856 1.5545 1.6673 3.9093 13.4618 1.3637 38.9260 -7.3231 -2.0757
Pedestrian -1 -1 -7.8512 936.4610 159.7684 954.3144 204.6910 1.8302 0.6626 0.6591 13.8207 1.2968 29.8339 -7.4214 -2.1006
Car -1 -1 -4.9968 876.0026 172.4585 911.1921 192.4032 1.5225 1.5871 3.7501 22.3347 1.4920 57.0145 -4.6255 -2.1229
