Car -1 -1 -4.9037 676.8175 179.6673 765.5208 235.9838 1.3791 1.6700 4.0935 2.9485 1.5898 20.2592 -4.7620 1.8785
Car -1 -1 -2.9088 272.6748 181.9692 369.2304 218.1365 1.5733 1.6434 3.8256 -13.1993 2.0040 33.0260 -3.2866 1.3247
Car -1 -1 -4.7225 600.2767 178.4891 657.2318 231.9419 1.4268 1.5503 3.5451 0.4798 1.6077 21.4169 -4.7012 1.2861
Car -1 -1 -1.9707 204.8452 197.9677 338.9882 266.9393 1.3632 1.5548 3.8880 -8.3214 2.0376 17.5064 -2.4091 1.1286
Car -1 -1 -1.7938 62.1138 191.9028 140.5092 235.7615 1.4691 1.6211 4.0630 -19.7143 2.2557 27.8404 -2.4056 0.7251
Car -1 -1 -2.8561 205.3889 184.9641 304.7745 215.8223 1.4972 1.6510 4.2945 -18.2084 2.1392 37.1011 -3.3098 0.4049
Car -1 -1 -2.2073 342.5718 157.9690 603.8565 306.0162 2.0823 1.8454 4.8989 -2.5914 1.8727 12.4727 -2.4091 0.3982
Car -1 -1 -5.9453 749.3466 171.1480 885.2477 221.9190 1.5261 1.6389 3.9322 6.6571 1.4746 23.4870 -5.6730 -0.3655
Car -1 -1 -6.1139 267.4701 185.5797 351.0020 216.6045 1.4244 1.5523 3.5511 -14.6544 2.0655 35.2181 -6.5059 -0.4546
Car -1 -1 -1.7720 37.9128 188.8768 105.5388 227.5801 1.5180 1.6384 3.9739 -23.8295 2.2678 31.8403 -2.4106 -0.6588
Pedestrian -1 -1 -3.9937 1114.9664 165.5099 1161.8536 237.4275 1.6562 0.4971 0.7855 12.3553 1.4868 16.9486 -3.3725 -0.8916
Pedestrian -1 -1 -3.2212 1054.5145 156.7157 1108.0249 236.4570 1.7755 0.5129 0.9828 10.7223 1.4158 16.5221 -2.6541 -1.3663
Pedestrian -1 -1 -7.7005 117.0373 184.7444 135.1067 217.7545 1.7331 0.7121 0.6494 -25.9531 2.3770 38.6469 -8.2889 -1.5691
Pedestrian -1 -1 -5.5994 1132.1927 173.2791 1174.7971 251.1360 1.4620 0.4383 0.4854 10.3676 1.4700 13.8423 -4.9672 -1.6587
Car -1 -1 -8.5485 787.4177 165.4843 855.7268 194.3625 1.4993 1.6151 3.6464 11.4678 1.1164 39.4561 -8.2679 -1.6798
Pedestrian -1 -1 -4.0271 1141.2604 175.8870 1167.1539 230.2600 1.4635 0.4248 0.3722 14.8061 1.5471 19.7010 -3.3902 -1.7481
Car -1 -1 -2.4799 584.8995 168.3994 673.0585 202.3506 1.5108 1.6446 3.9779 0.8150 1.3123 34.0027 -2.4566 -1.7776
Car -1 -1 -4.4958 520.5847 177.7391 592.2704 225.9950 1.4658 1.5787 4.0911 -1.7705 1.6458 24.4878 -4.5678 -1.8867
Car -1 -1 -4.7808 1173.0480 152.9713 1241.0000 219.3149 1.7554 1.6548 3.8713 17.6103 1.2290 21.1477 -4.0935 -1.9795
Pedestrian -1 -1 -4.4797 437.8838 164.2783 453.2268 199.6156 1.9943 0.6617 0.9116 -9.4174 1.5100 41.1795 -4.7035 -2.0194
Pedestrian -1 -1 -3.1315 562.9847 159.0052 579.2408 197.8459 1.8493 0.5931 0.7733 -1.9067 1.1896 34.6677 -3.1865 -2.0241
Cyclist -1 -1 -6.6633 1079.8145 162.1535 1168.9154 235.1395 1.7501 0.6437 1.6704 12.6092 1.4932 17.8033 -6.0553 -2.1510
Car -1 -1 -2.5928 629.8776 149.6363 711.0551 183.2274 1.7852 1.7115 4.2446 3.3071 0.5510 40.2871 -2.5117 -2.1872
