Car -1 -1 -8.1225 771.0887 190.9150 924.4807 291.0962 1.4493 1.5830 3.9012 4.0593 1.8266 13.1172 -7.8298 2.2749
Car -1 -1 -4.4920 483.6848 187.1940 545.4691 228.1211 1.4633 1.6647 3.9048 -3.8304 2.0841 29.2331 -4.6218 2.0588
Car -1 -1 -8.1058 730.7527 181.7302 826.8873 251.8450 1.6153 1.5914 3.4585 4.2401 1.8682 18.8230 -7.8885 2.0151
Car -1 -1 -7.9841 714.8448 185.8936 778.7413 235.1775 1.4344 1.5712 3.8249 4.4125 1.9027 23.9803 -7.8051 1.9820
Car -1 -1 -8.4039 846.9792 144.5247 1241.0000 374.0000 1.9328 1.7858 4.7177 3.9827 1.7547 6.9269 -7.9016 1.3761
Car -1 -1 -4.5399 515.3581 185.2964 562.5729 219.2800 1.4773 1.6020 4.0801 -3.4214 2.1166 34.9949 -4.6373 1.2090
Car -1 -1 -7.9005 706.5723 184.6284 751.9977 224.6306 1.4589 1.6310 3.7928 4.7629 1.9715 29.4534 -7.7424 1.1251
Car -1 -1 -4.5649 571.2360 183.4298 601.0746 205.9709 1.6278 1.7469 4.0750 -1.8460 2.4827 56.2222 -4.5981 0.5572
Car -1 -1 -5.0561 1013.6270 176.3062 1083.2290 210.0824 1.4616 1.5467 3.8427 20.3210 1.6321 33.6730 -4.5174 -0.5001
Cyclist -1 -1 -3.3410 927.3304 173.5351 1010.1730 236.5013 1.6437 0.8687 1.8643 9.6087 1.6624 19.5018 -2.8898 -0.6761
Car -1 -1 -4.9699 883.0300 177.5284 923.2699 200.4013 1.4923 1.5948 4.0299 20.2362 1.8297 50.0296 -4.5880 -0.7951
Car -1 -1 -3.6100 923.8503 179.8376 999.5258 205.9494 1.5295 1.6402 3.7748 21.1637 1.9592 43.5776 -3.1610 -1.0493
Car -1 -1 -4.9788 921.6423 171.8320 993.7162 213.3419 1.5159 1.5730 3.8163 13.5225 1.4783 28.3651 -4.5384 -1.2775
Pedestrian -1 -1 -8.2689 464.3547 181.4300 482.0591 216.7614 1.7412 0.6474 0.6980 -6.9152 2.1774 36.2577 -8.4566 -1.3049
Car -1 -1 -5.9910 416.8456 184.8776 491.7739 213.4244 1.4836 1.5584 3.6873 -8.4648 2.1520 39.2036 -6.2027 -1.3442
Car -1 -1 -7.8752 689.0197 179.7336 716.6728 206.9661 1.6240 1.6556 3.9972 5.8646 2.0834 46.1487 -7.7502 -1.4431
Car -1 -1 -3.2388 624.5752 183.3642 711.0901 218.0071 1.5412 1.6465 3.8549 2.5955 2.0413 33.4878 -3.1628 -1.5205
Car -1 -1 -5.5740 975.1368 169.4761 1125.3802 220.7303 1.4868 1.6194 3.9914 13.8654 1.3885 23.0809 -5.0390 -1.7409
Car -1 -1 -4.4993 532.0558 183.1605 575.9481 214.5928 1.5911 1.6246 3.9518 -3.0819 2.1909 39.9473 -4.5763 -1.7498
Car -1 -1 -4.8227 689.1302 183.1582 732.2702 218.9469 1.5633 1.6158 3.8286 4.7250 2.0842 34.5637 -4.6887 -1.7617
Pedestrian -1 -1 -4.5547 1148.6801 147.8596 1185.8801 227.6023 1.8321 0.6343 0.4399 13.0438 1.2575 16.9581 -3.9077 -1.9213
Pedestrian -1 -1 -5.9162 1188.2393 156.0984 1241.0000 285.5343 1.8794 0.5884 0.5731 9.1369 1.6358 10.8714 -5.2312 -2.1658
