Car -1 -1 -8.0560 739.2924 180.2541 867.0400 266.3669 1.4407 1.6355 3.9211 3.6268 1.6086 14.4049 -7.8151 2.4822
Car -1 -1 -8.0175 709.4997 175.6506 796.6296 238.1465 1.5470 1.6703 4.2741 3.8268 1.6334 20.2073 -7.8338 2.0917
Car -1 -1 -4.4982 480.2996 177.7956 539.3560 220.5885 1.6455 1.6666 3.8329 -4.1577 1.8654 30.1769 -4.6345 1.8840
Car -1 -1 -4.5875 509.6808 176.8817 553.5552 212.9017 1.6428 1.6371 4.1673 -3.8313 1.8522 35.4744 -4.6948 1.7418
Car -1 -1 -3.0511 949.9229 167.1521 1133.1296 229.4386 1.5166 1.6507 4.0986 11.4939 1.3775 19.4288 -2.5239 1.4765
Car -1 -1 -3.1033 1052.7351 167.3880 1241.0000 241.4218 1.4348 1.5775 3.8945 12.0402 1.3285 15.8207 -2.4621 0.8649
Car -1 -1 -5.8468 255.4502 181.9171 359.6241 214.5295 1.5166 1.6599 4.3683 -14.6544 1.9674 34.9883 -6.2411 0.6899
Car -1 -1 -7.8585 686.0628 173.4064 711.5888 198.4705 1.6064 1.6300 3.7291 5.8953 1.6446 48.2777 -7.7382 -0.5761
Car -1 -1 -3.1461 1143.1232 163.5486 1241.0000 256.9361 1.4574 1.5693 3.6110 11.9055 1.3119 13.0440 -2.4178 -0.6693
Car -1 -1 -4.5797 528.0830 180.0186 566.5117 208.6681 1.4865 1.6246 4.1037 -3.5092 1.9097 40.5680 -4.6659 -0.8658
Pedestrian -1 -1 -3.9291 1060.2839 158.4852 1077.2404 200.9691 1.8076 0.5287 0.3389 19.6617 1.1960 30.9958 -3.3684 -1.1361
Car -1 -1 -4.4013 338.3480 181.1975 370.4567 199.4118 1.6084 1.6655 4.0880 -23.9477 2.4145 67.6741 -4.7405 -1.6245
Car -1 -1 -4.7027 455.4830 170.7288 479.2365 193.2206 1.5749 1.6368 4.0016 -10.4142 1.4258 52.6394 -4.8974 -1.8292
Car -1 -1 -4.2841 215.8569 185.1727 262.3541 206.5109 1.5026 1.6408 4.0138 -28.3405 2.4796 55.2062 -4.7567 -1.8747
Car -1 -1 -4.9483 542.9736 178.7124 581.3157 203.9017 1.4563 1.5471 3.6517 -3.0335 1.8342 44.6060 -5.0163 -1.9660
Car -1 -1 -5.9339 1033.1975 160.4861 1114.8965 190.8462 1.6474 1.5863 3.5839 26.3146 0.9760 41.0564 -5.3673 -2.1132
Car -1 -1 -2.4488 467.1333 166.2485 519.9461 190.6458 1.7686 1.6340 3.7097 -8.7461 1.2895 53.9518 -2.6090 -2.1369
