Car -1 -1 -8.1750 766.0245 183.7830 980.3254 313.9445 1.4913 1.6081 4.2213 3.5504 1.6858 10.7421 -7.8651 2.7245
Car -1 -1 -8.3780 896.3056 188.4121 1241.0000 374.0000 1.4496 1.5377 3.6533 3.6181 1.6097 5.5966 -7.8289 2.1779
Car -1 -1 -4.2847 146.6562 190.5183 383.7334 323.1437 1.4939 1.6115 3.8264 -4.7896 1.7992 10.5608 -4.7018 2.1500
Car -1 -1 -4.3908 316.8158 187.7455 456.9877 266.0888 1.4010 1.6302 4.3192 -4.7681 1.7744 15.9205 -4.6779 1.9187
Car -1 -1 -8.0133 709.1796 180.0793 785.5130 236.7383 1.4897 1.6037 3.7807 3.9165 1.7224 21.3624 -7.8352 1.8998
Car -1 -1 -8.0899 724.9811 181.4939 844.4117 262.7815 1.5214 1.6277 3.8932 3.6326 1.7348 15.8809 -7.8701 1.8519
Car -1 -1 -8.0265 690.9211 178.8423 752.6519 223.4843 1.5092 1.5949 3.9451 4.0415 1.7489 26.9205 -7.8798 1.7507
Car -1 -1 -4.5015 501.8677 178.7148 551.9299 211.2361 1.5093 1.6596 4.2488 -4.1700 1.8231 36.4725 -4.6151 1.7411
Car -1 -1 -4.5166 485.4928 179.9512 534.0598 215.8107 1.4619 1.5135 3.2419 -4.3982 1.7902 31.7368 -4.6538 1.5288
Car -1 -1 -4.0004 0.0000 204.5825 186.5343 374.0000 1.4757 1.5710 3.5809 -4.8613 1.7795 5.1081 -4.7353 1.1288
Car -1 -1 -7.9650 687.7748 177.6223 731.6223 214.4063 1.5436 1.5632 3.4705 4.3931 1.7696 32.4853 -7.8324 -0.2422
Car -1 -1 -8.6953 1165.4580 179.4347 1241.0000 237.4229 1.4344 1.6659 4.1863 18.3479 1.6411 20.5198 -7.9733 -0.3740
Car -1 -1 -2.0696 143.6609 175.1640 239.0208 215.0500 1.4575 1.5837 3.8525 -16.4532 1.5530 28.2415 -2.5932 -0.6899
Pedestrian -1 -1 -2.7357 657.3360 173.1579 669.7408 194.7295 1.8280 0.4640 0.9498 4.5445 1.8538 61.5794 -2.6628 -0.7930
Pedestrian -1 -1 -2.7850 680.1711 172.7667 693.3644 194.9915 1.8240 0.4853 0.9768 6.3208 1.8165 59.6509 -2.6804 -0.8179
Car -1 -1 -5.5081 1096.9854 161.6308 1241.0000 232.9469 1.5839 1.7270 4.2831 14.7560 1.3343 18.2565 -4.8365 -1.1155
Car -1 -1 -8.4839 874.6808 160.6251 987.0519 213.5441 1.9164 1.7925 4.3705 12.4601 1.4733 28.4587 -8.0754 -1.1253
Car -1 -1 -7.0476 1046.5563 171.2946 1212.7700 225.4573 1.4972 1.6429 3.8974 15.0515 1.4538 21.0501 -6.4338 -1.1613
Car -1 -1 -5.3607 1156.4519 158.0579 1241.0000 250.7458 1.5351 1.5606 3.4442 12.3381 1.2898 13.7248 -4.6393 -1.3311
Car -1 -1 -7.9857 985.9246 172.7886 1040.4109 207.8794 1.4689 1.6069 3.8693 17.9250 1.4658 32.2973 -7.4833 -1.3511
Cyclist -1 -1 -8.6752 964.1035 165.4899 1008.7461 207.1234 1.7635 0.6964 1.7049 16.3599 1.4512 31.4818 -8.2002 -1.5586
Car -1 -1 -4.3829 437.3655 173.6129 492.5248 206.6840 1.7713 1.7424 4.3998 -8.2100 1.8166 41.0465 -4.5795 -1.6587
Car -1 -1 -5.5188 213.7292 144.3536 304.1756 177.4876 1.5680 1.6324 3.9896 -17.3205 0.2190 35.5378 -5.9694 -1.9573
Pedestrian -1 -1 -5.6999 546.1205 173.0154 556.3201 195.0363 1.8660 0.7513 0.5446 -5.0420 1.8796 61.6076 -5.7816 -1.9789
Car -1 -1 -7.7111 710.3276 172.8571 735.1235 192.9848 1.6969 1.6174 3.7899 9.8271 1.6969 62.8805 -7.5572 -1.9826
Pedestrian -1 -1 -7.3266 288.8590 165.3495 302.8050 197.6545 1.8724 0.6026 0.4471 -18.3560 1.4371 42.0778 -7.7358 -1.9840
Car -1 -1 -3.9693 0.0000 198.4697 161.4680 326.9360 1.4131 1.5757 3.8500 -8.7816 1.8626 10.6976 -4.6446 -2.0172
