Car -1 -1 -4.4862 278.2039 189.3726 426.1488 293.0219 1.3830 1.5324 3.4819 -4.1621 1.6992 12.0137 -4.8137 2.1623
Pedestrian -1 -1 -4.9137 750.4313 166.8429 785.6549 239.4640 1.7836 0.6943 0.9022 3.9188 1.6357 18.1747 -4.7055 1.7758
Car -1 -1 -3.6577 489.2917 177.2787 577.2174 208.2081 1.5345 1.6606 4.3961 -4.0768 1.7811 38.3114 -3.7635 1.1989
Car -1 -1 -5.7567 113.9277 180.7674 243.2820 220.7786 1.6286 1.6978 4.4605 -18.2485 1.9732 30.5791 -6.2912 1.1618
Car -1 -1 -3.6237 620.2659 174.4489 703.4227 202.3902 1.5476 1.7146 4.5339 2.9776 1.6436 41.8518 -3.5537 0.7248
Car -1 -1 -5.0385 350.4910 182.8417 439.5422 234.8293 1.4598 1.5642 3.8683 -6.9913 1.8070 23.0703 -5.3301 0.4561
Cyclist -1 -1 -4.1881 526.6868 173.2320 558.9120 216.9323 1.6858 0.5739 1.5581 -2.7023 1.7009 28.6762 -4.2818 -0.4270
Cyclist -1 -1 -4.7353 127.9510 181.7806 153.2704 248.3195 1.6183 0.5153 1.6705 -12.1660 1.8585 18.6086 -5.3080 -1.3956
Car -1 -1 -7.1291 388.1123 178.3970 452.6285 205.5666 1.5856 1.6311 4.0472 -11.8411 1.9489 45.1678 -7.3845 -1.8950
Pedestrian -1 -1 -5.1602 1097.7487 186.6212 1146.1943 271.0010 1.2540 0.4256 0.5065 7.8100 1.4709 11.0983 -4.5600 -1.9952
Pedestrian -1 -1 -7.9897 148.1834 180.2894 163.5655 212.2934 1.7609 0.6453 0.6673 -25.4516 2.1815 40.3784 -8.5494 -2.0841
