Car -1 -1 -8.1392 731.0359 178.8475 880.6809 270.6063 1.4730 1.6158 4.1103 3.5222 1.6059 13.9443 -7.8977 2.6106
Car -1 -1 -8.2284 806.9919 181.6137 1094.5847 350.5398 1.4783 1.6000 3.7607 3.5334 1.6029 8.3987 -7.8437 2.4558
Car -1 -1 -4.4021 363.1811 178.6342 460.8726 242.6522 1.4752 1.4886 3.2642 -5.0446 1.6372 18.5937 -4.6640 2.2326
Car -1 -1 -8.0607 712.0792 177.2076 801.4516 237.9591 1.4602 1.6070 3.6406 3.7920 1.5882 19.4395 -7.8716 1.9586
Car -1 -1 -4.4561 415.4575 176.9929 496.7456 228.8307 1.5057 1.6060 3.9471 -4.9069 1.6505 23.2908 -4.6620 1.6564
Car -1 -1 -8.7302 983.9857 181.9193 1241.0000 374.0000 1.4896 1.6199 3.9367 3.4160 1.5520 2.9731 -7.9241 0.0978
Pedestrian -1 -1 -5.6886 665.5988 169.6124 682.1513 197.7240 1.8236 0.4556 0.9961 4.1522 1.6130 47.2977 -5.6020 -0.6632
Pedestrian -1 -1 -7.2550 711.1639 169.4700 725.4459 196.9673 1.7794 0.5453 0.8410 7.0505 1.5601 47.1854 -7.1080 -0.7305
Car -1 -1 -7.4335 620.5229 173.0551 654.4824 189.4308 1.4804 1.6223 4.1561 2.5875 1.4995 67.5046 -7.3957 -0.9653
Car -1 -1 -8.0354 841.4571 190.6024 1241.0000 374.0000 1.4245 1.5565 3.7540 1.7896 1.5510 3.1329 -7.5570 -1.4169
Car -1 -1 -8.2919 1156.0525 163.3966 1241.0000 223.6334 1.4950 1.6184 4.0207 17.0272 1.2600 20.0584 -7.5955 -1.5603
Car -1 -1 -4.9010 669.3179 175.9918 699.5778 195.8285 1.5064 1.6440 4.1511 5.8755 1.7660 57.6112 -4.8002 -2.0163
Pedestrian -1 -1 -3.7113 809.4825 162.7287 830.6075 205.7165 1.7839 0.6201 0.6139 8.7819 1.3634 30.3277 -3.4325 -2.0831
Pedestrian -1 -1 -5.7734 709.9263 170.4930 722.5225 197.1257 1.7654 0.7829 0.5192 7.0789 1.6086 48.2970 -5.6292 -2.1804
