Car -1 -1 -8.1859 762.2927 179.6419 968.6310 315.8970 1.5192 1.5366 3.4850 3.2330 1.6294 9.9844 -7.8825 2.5498
Car -1 -1 -4.1825 0.0000 191.9032 285.1989 347.7848 1.4831 1.5588 3.2858 -5.5718 1.7621 8.9240 -4.7278 2.3690
Car -1 -1 -4.3095 214.3202 184.4373 388.2700 280.0186 1.4830 1.5948 3.8150 -5.6356 1.7315 13.5799 -4.6965 2.0474
Car -1 -1 -5.2697 472.3058 178.8585 528.4620 204.9537 1.4380 1.5048 3.7706 -6.5395 1.8079 42.5665 -5.4216 1.1891
Car -1 -1 -8.5367 860.8214 179.4038 1241.0000 374.0000 1.5471 1.6364 4.1754 3.1782 1.6064 4.4160 -7.9450 1.0876
Car -1 -1 -4.5061 243.7241 178.3246 305.0186 216.8040 1.5074 1.5994 3.9401 -14.3562 1.7578 30.9618 -4.9373 0.6102
Pedestrian -1 -1 -5.4394 667.5797 171.5295 686.5709 206.6942 1.7780 0.5011 0.8936 3.3963 1.7107 36.9903 -5.3491 0.3094
Car -1 -1 -3.4804 675.8887 173.2202 731.8044 192.3307 1.5467 1.6355 4.2869 7.7248 1.5773 59.6944 -3.3527 0.2525
Pedestrian -1 -1 -7.7957 868.5130 160.4235 894.6810 224.9310 1.8577 0.6905 0.5772 7.9261 1.4994 21.1816 -7.4428 -0.6852
Pedestrian -1 -1 -7.5573 722.8785 170.0797 737.9946 203.7470 1.8074 0.5787 0.8892 6.5180 1.6581 39.2615 -7.3945 -0.7754
Car -1 -1 -3.6876 571.9426 174.8074 624.8220 194.8837 1.5156 1.5823 3.8848 -0.9241 1.6729 56.5090 -3.7043 -0.9211
Car -1 -1 -7.4069 297.1372 173.9393 375.6958 216.6506 1.6640 1.6140 3.7071 -11.3698 1.7119 30.1257 -7.7652 -1.4330
Car -1 -1 -3.9109 903.1951 180.5389 1007.8257 220.2341 1.4724 1.6133 3.6644 13.6592 1.7916 28.6441 -3.4704 -2.0318
Car -1 -1 -4.4120 610.4467 175.3900 643.1061 195.0873 1.5232 1.5736 3.8630 1.3674 1.7355 58.4125 -4.3891 -2.1702
Car -1 -1 -5.4725 1045.8121 165.3735 1241.0000 263.1547 1.4589 1.6067 4.0081 9.8833 1.3470 12.8486 -4.8282 -2.1836
