Car -1 -1 -8.1334 744.2013 182.1086 909.2231 284.8036 1.4781 1.6284 4.1764 3.5722 1.6697 12.8644 -7.8695 2.6932
Car -1 -1 -8.2732 837.8154 184.1784 1174.5206 373.6001 1.4660 1.6355 3.5494 3.6906 1.6128 7.5865 -7.8367 2.4706
Car -1 -1 -8.0442 718.4488 177.2736 816.3425 249.0029 1.5663 1.6088 3.9861 3.7405 1.6886 18.0042 -7.8435 2.1138
Car -1 -1 -4.1324 0.0000 197.3592 296.2973 374.0000 1.4684 1.6172 3.9756 -4.7866 1.7745 7.0338 -4.7130 1.9897
Car -1 -1 -4.5153 496.0197 177.9089 542.6654 212.6421 1.5232 1.5489 3.3339 -4.2442 1.7722 33.8622 -4.6395 1.9849
Car -1 -1 -4.4424 359.2402 185.3524 471.9793 253.7692 1.4328 1.6380 4.1260 -4.7254 1.7793 17.9443 -4.6969 1.9767
Car -1 -1 -4.3394 235.7646 188.9995 419.2408 293.4978 1.4583 1.6288 3.8974 -4.7574 1.7847 12.6397 -4.6933 1.9119
Car -1 -1 -7.9795 704.8619 178.4641 768.2836 229.0593 1.4804 1.5490 3.6505 3.9716 1.6763 23.3780 -7.8140 1.7395
Car -1 -1 -8.0254 688.9041 177.4766 746.6552 217.1012 1.4523 1.6066 4.0018 4.1996 1.6504 28.9416 -7.8834 1.1752
Car -1 -1 -4.5419 516.1019 176.3019 556.0302 207.1889 1.5537 1.5338 3.6057 -3.9415 1.7466 38.5610 -4.6435 0.9319
Car -1 -1 -8.5972 1112.3312 173.5911 1241.0000 220.3188 1.3928 1.4448 3.3378 18.1449 1.4181 23.2875 -7.9417 0.2777
Car -1 -1 -8.1400 956.2297 173.4812 1016.4919 205.9242 1.4575 1.5531 3.6787 17.8430 1.4888 34.4427 -7.6659 -0.1451
Car -1 -1 -7.8874 692.0927 177.9174 729.0670 210.9021 1.4657 1.6142 3.6713 4.7270 1.7213 34.5554 -7.7532 -0.2272
Car -1 -1 -8.9049 1100.3984 177.5419 1241.0000 374.0000 1.5568 1.6209 3.9028 3.8342 1.5852 2.4045 -7.9486 -0.5156
Car -1 -1 -5.4310 961.4727 167.3423 1100.9324 218.6718 1.5669 1.7556 4.0909 13.9064 1.3983 24.2058 -4.9152 -0.6130
Car -1 -1 -5.6395 1151.9542 159.4158 1241.0000 238.0297 1.6221 1.6309 3.8591 15.1620 1.3445 16.9434 -4.9185 -0.6902
Pedestrian -1 -1 -6.0771 676.7328 171.7686 688.7611 193.5116 1.8478 0.4879 0.9439 6.1965 1.7553 61.6946 -5.9779 -0.9878
Car -1 -1 -8.0947 904.1865 0.0000 1241.0000 374.0000 1.6220 1.6758 4.0160 1.9151 1.5468 2.4818 -7.4936 -1.4392
Pedestrian -1 -1 -6.5694 466.6707 171.2312 486.3670 204.5463 1.8416 0.5972 0.9536 -7.5061 1.7516 40.3678 -6.7525 -1.5476
Car -1 -1 -4.9791 762.8271 174.3591 803.5671 197.9057 1.5030 1.6246 4.0770 11.5249 1.6079 48.3847 -4.7471 -1.7213
Car -1 -1 -5.4775 1042.3987 159.9644 1228.5197 227.6022 1.7223 1.7527 4.3433 14.7306 1.3937 20.6521 -4.8650 -1.7729
Car -1 -1 -4.6984 483.0465 169.4406 504.8223 191.6160 1.6473 1.6008 3.7191 -8.9368 1.3934 55.5548 -4.8574 -1.8753
Car -1 -1 -2.3714 173.0853 183.6294 273.6518 221.5737 1.4851 1.5784 3.6473 -16.2208 1.9551 30.2228 -2.8606 -1.9503
