Pedestrian -1 -1 -3.6447 304.9943 185.5199 328.4339 220.6353 1.7993 0.6404 0.9517 -15.4638 2.4753 37.9546 -4.0295 -0.3859
Pedestrian -1 -1 -7.8266 451.0759 179.2507 488.2158 271.8088 1.6658 0.6609 0.7022 -2.6583 1.7882 13.4414 -8.0192 -1.0228
Pedestrian -1 -1 -5.3766 927.2006 169.1111 953.2963 223.5428 1.6285 0.4887 0.5428 9.9756 1.5162 21.9097 -4.9550 -1.2201
Car -1 -1 -7.8923 353.1111 185.5834 429.7007 255.9989 1.5010 1.6743 4.1485 -5.7080 1.8652 18.4230 -8.1893 -1.5134
Car -1 -1 -8.0897 1190.6052 164.3290 1241.0000 192.6121 1.4949 1.5677 3.6078 33.7147 1.0440 40.1009 -7.3943 -1.6059
Car -1 -1 -4.8792 700.7968 167.4726 733.3199 192.0185 1.6333 1.5973 3.8584 7.3376 1.2749 49.9569 -4.7345 -1.7957
Car -1 -1 -7.7818 954.3561 154.6298 987.9062 187.8795 2.2015 1.7877 4.3221 25.0706 0.9945 50.0886 -7.3203 -1.8428
Cyclist -1 -1 -5.9763 561.2825 175.9307 596.5057 211.1719 1.8821 0.7124 1.7807 -1.7259 2.0515 39.2112 -6.0206 -1.9392
Pedestrian -1 -1 -3.0981 1053.5322 162.0607 1072.7197 194.7065 1.7294 0.5060 0.8517 24.2471 1.1573 38.6721 -2.5417 -2.0234
Car -1 -1 -4.5714 143.1898 177.1496 179.5702 201.3997 1.5856 1.5968 3.9546 -31.1055 1.8960 50.0641 -5.1252 -2.0778
Car -1 -1 -7.5185 320.7751 168.5620 363.6037 193.5049 1.7784 1.7027 4.1528 -19.8386 1.4721 53.5371 -7.8719 -2.1088
