Car -1 -1 -1.5329 581.5167 177.7049 637.4855 233.0875 1.5622 1.6055 3.3601 0.0011 1.7244 22.3584 -1.5328 11.0459
Car -1 -1 -1.9697 928.0246 165.3381 986.5902 196.2542 1.6518 1.6444 3.6913 19.3513 1.2506 40.4317 -1.5233 7.2509
Car -1 -1 -1.7095 659.6325 178.7171 700.5309 208.5135 1.4569 1.6098 3.9193 3.6054 1.7827 38.0554 -1.6150 5.6571
Car -1 -1 -1.2212 342.2232 183.2574 392.2701 209.8512 1.7794 1.8168 5.1705 -17.7456 2.5805 52.9247 -1.5447 1.5572
Car -1 -1 -1.8298 833.0396 166.4388 867.8735 187.2594 1.6790 1.7149 4.2990 20.0471 1.1620 60.3807 -1.5093 1.1708
Car -1 -1 -1.4544 392.5720 183.1606 419.9352 205.6039 1.8459 1.7958 4.8194 -18.0957 2.7990 64.1767 -1.7292 0.0060
Car -1 -1 1.4712 637.4819 184.2834 665.2101 207.0664 1.4749 1.5642 3.7902 2.8332 2.3068 50.5684 1.5272 -0.2777
Car -1 -1 1.8980 513.9329 184.5355 544.3930 201.9203 1.4805 1.6019 3.9472 -7.4175 2.5892 66.3627 1.7867 -0.3955
Car -1 -1 0.9683 1091.9234 135.7148 1180.5053 167.0897 1.4851 1.6330 4.0810 26.7986 -0.3115 36.9677 1.5956 -0.4250
Car -1 -1 -2.6522 213.2895 169.4985 294.7798 194.3333 1.5532 1.7067 4.3760 -22.7038 1.3437 46.0431 -3.1103 -1.2318
