Car -1 -1 -1.5475 583.5818 176.7278 639.4095 231.8818 1.5563 1.5961 3.4313 0.0375 1.6860 22.3365 -1.5458 11.2365
Car -1 -1 -1.6227 671.1817 176.6937 707.3265 208.3174 1.5017 1.6197 3.8199 3.9436 1.7077 36.6862 -1.5157 6.4474
Car -1 -1 -2.0298 937.7874 168.8969 1003.7863 198.2835 1.5146 1.6169 3.9381 19.4545 1.3110 39.1565 -1.5687 3.7677
Car -1 -1 -1.9874 895.3356 172.4174 951.5473 197.1617 1.4638 1.6411 4.1759 19.3392 1.4384 44.7772 -1.5797 3.1071
Car -1 -1 -2.6464 200.4497 169.8928 284.9169 194.8028 1.5085 1.6967 4.3725 -22.6891 1.3295 44.5938 -3.1171 2.0216
Car -1 -1 2.3612 0.0000 195.3602 25.3755 261.5711 1.6651 1.6500 3.8851 -19.8892 2.3966 21.4624 1.6138 1.2605
Car -1 -1 -1.8246 841.3359 165.7165 875.6392 186.3611 1.6198 1.6682 4.0524 20.1404 1.0601 58.6929 -1.4940 0.9699
Car -1 -1 1.5087 641.2748 183.6844 668.2354 206.8530 1.4867 1.6218 3.8869 3.0397 2.2677 50.0605 1.5694 0.8613
Car -1 -1 -2.0983 1039.2792 145.9938 1108.9768 172.6842 1.4810 1.6193 3.9985 26.9441 -0.0100 42.0904 -1.5288 -0.8926
Car -1 -1 1.7739 513.9426 184.0855 541.1903 201.8319 1.4848 1.6457 4.1466 -7.4332 2.5337 65.2140 1.6604 -1.7718
Car -1 -1 -0.6901 0.0000 153.6968 77.8521 179.1161 1.5268 1.6396 4.0433 -36.1326 0.3765 45.4833 -1.3614 -1.7738
Car -1 -1 -2.0073 920.4306 151.0782 960.9975 169.6519 1.4874 1.5734 3.9200 27.6174 -0.2765 60.4216 -1.5786 -2.0503
