Car -1 -1 -7.7567 626.5673 177.6352 661.9025 207.4761 1.5358 1.6123 3.4386 1.8766 1.8095 39.5346 -7.7101 2.3954
Car -1 -1 -4.3598 156.4752 190.6079 386.3106 331.3271 1.5204 1.6043 4.0245 -4.5941 1.8257 10.3677 -4.7682 2.3399
Car -1 -1 -4.4947 426.7552 183.7486 505.3003 238.2631 1.5007 1.6014 3.8831 -4.4548 1.8714 22.6075 -4.6877 2.0862
Car -1 -1 -4.8942 693.6680 172.9488 760.5510 215.8728 1.5419 1.7844 4.3592 4.4213 1.5456 28.1327 -4.7404 2.0298
Car -1 -1 -4.4525 344.3549 184.8101 469.0116 263.8372 1.5218 1.6853 4.3367 -4.5767 1.8346 16.7232 -4.7164 2.0231
Car -1 -1 -8.5490 1088.3223 139.7157 1207.3237 189.3993 1.7789 1.6622 3.7046 20.4806 0.5921 27.7358 -7.9180 1.4232
Car -1 -1 -6.4200 690.2438 174.3834 792.2855 208.5695 1.4855 1.6338 4.3096 5.7760 1.5557 32.3319 -6.2453 1.2273
Car -1 -1 -6.7434 927.9696 132.0713 1151.9332 208.8609 1.8687 1.8010 4.6502 10.8712 0.8759 18.6005 -6.2215 1.2196
Car -1 -1 -4.5339 469.7832 180.8162 527.1584 223.5784 1.5515 1.6124 3.7915 -4.4231 1.8902 28.8087 -4.6854 1.0991
Car -1 -1 -4.6008 504.4606 182.8260 543.9568 214.9241 1.4270 1.5096 3.6267 -4.1557 1.9360 35.0265 -4.7186 0.8197
Car -1 -1 -7.4836 637.5817 175.8968 684.8620 204.4787 1.6482 1.6134 3.8232 3.1424 1.8427 44.1229 -7.4135 0.4458
Car -1 -1 -7.3090 664.9199 175.4967 712.9440 200.4785 1.5901 1.5621 3.5853 5.2745 1.7734 48.2258 -7.2011 0.1723
Car -1 -1 -4.6681 518.0435 180.9278 550.8665 209.8306 1.4714 1.6323 3.9340 -4.1664 1.9398 39.8695 -4.7721 -0.0583
Car -1 -1 -6.9445 1197.5549 144.7652 1241.0000 188.2752 1.5478 1.6038 3.6829 24.1498 0.5483 26.5964 -6.2127 -0.5944
Car -1 -1 -4.5625 410.3537 179.2964 438.9485 199.4631 1.5031 1.6048 4.0747 -14.6874 2.0326 57.2326 -4.8129 -0.6893
Car -1 -1 -8.0531 364.3011 177.9540 404.9041 207.0696 1.7013 1.6815 3.8779 -14.1295 2.0340 45.0033 -8.3560 -1.3576
Pedestrian -1 -1 -5.0286 1062.3878 112.3644 1220.8154 374.0000 1.8844 0.5759 0.8820 3.4320 1.5226 4.8135 -4.4385 -1.4402
Pedestrian -1 -1 -7.6816 655.4535 173.2636 670.1138 204.2190 1.8109 0.7505 0.7389 3.0882 1.8351 42.6718 -7.6104 -1.5545
Car -1 -1 -4.8232 597.5909 176.4377 619.1107 192.4935 1.4995 1.6523 4.0947 -0.2091 1.8597 70.4631 -4.8266 -1.6272
Pedestrian -1 -1 -5.9444 431.6564 176.2004 446.7560 209.0374 1.8037 0.5205 0.6802 -9.5010 1.9902 39.9884 -6.1766 -1.7745
