Car -1 -1 -4.4442 149.7128 188.2281 384.1713 352.6706 1.5643 1.6800 3.6494 -4.0939 1.8000 9.1495 -4.8550 1.9788
Car -1 -1 -3.3035 586.9615 175.6411 671.8484 205.5153 1.6138 1.7187 4.5252 1.0160 1.7739 40.3564 -3.2791 1.4982
Car -1 -1 -4.7257 436.1065 181.6878 462.1647 207.1678 1.5866 1.6447 4.1432 -10.9087 2.2091 48.6639 -4.9454 0.2106
Car -1 -1 -4.7470 554.6307 177.2131 574.6097 194.4012 1.5291 1.7126 4.3078 -4.2978 1.9504 67.5486 -4.8106 -0.3333
Car -1 -1 -5.0354 777.8350 161.3503 814.9767 184.0699 1.7355 1.6512 4.0094 14.6941 0.8565 57.1764 -4.7853 -0.8772
Car -1 -1 -7.7010 71.6713 190.7626 151.8982 243.4540 1.4488 1.5799 3.4458 -15.8394 2.0669 23.0222 -8.2984 -1.4886
Car -1 -1 -4.6924 357.6939 177.3498 385.5161 206.1831 1.8000 1.6699 4.1866 -15.8457 2.1127 47.9911 -5.0100 -1.5112
Pedestrian -1 -1 -7.0954 1066.1434 149.7974 1129.1949 262.0332 1.7545 0.6150 0.5764 7.8056 1.3938 11.6453 -6.5170 -1.5421
Pedestrian -1 -1 -7.7457 95.6191 185.7029 126.2719 244.6382 1.7134 0.7021 0.4876 -14.9280 2.1032 21.5238 -8.3465 -1.6540
Car -1 -1 -7.8400 101.4488 157.9762 155.9151 216.8991 2.1633 1.6930 3.7433 -19.0143 1.6168 28.5236 -8.4238 -1.8528
Pedestrian -1 -1 -4.5375 746.6943 176.8558 776.7468 263.7636 1.4907 0.4467 0.4698 2.6198 1.5626 12.7044 -4.3398 -2.0814
Car -1 -1 -7.3963 401.4543 179.7367 444.6610 201.1125 1.6594 1.7072 4.3786 -15.4661 2.2519 59.8228 -7.6486 -2.0930
Pedestrian -1 -1 -3.4575 345.4985 178.9212 370.8798 224.1345 1.7843 0.5871 0.8248 -10.1957 2.0327 29.0884 -3.7922 -2.1473
Pedestrian -1 -1 -2.8400 308.6060 173.9152 326.3690 234.2822 1.8958 0.5051 0.3905 -9.3432 1.9296 22.9362 -3.2233 -2.1788
