Car -1 -1 -4.4089 108.4910 187.3502 374.4118 370.5958 1.5914 1.6579 3.6449 -4.0375 1.8000 8.4835 -4.8419 1.9167
Car -1 -1 -3.3007 594.8997 171.2887 681.9734 204.5096 1.7708 1.7487 4.5529 1.4873 1.6870 39.6057 -3.2639 1.0675
Car -1 -1 -4.6013 561.4084 175.5071 584.1484 194.2985 1.6662 1.6681 3.9738 -3.4259 1.9182 66.5844 -4.6529 -0.1873
Car -1 -1 -4.6615 442.5751 182.3927 469.3691 207.4929 1.5451 1.5521 3.6541 -10.2027 2.2023 47.8072 -4.8711 -0.2116
Car -1 -1 -6.7273 796.6122 162.0873 853.1406 182.7975 1.5554 1.5819 3.8432 16.4127 0.7465 55.2710 -6.4403 -0.6993
Pedestrian -1 -1 -2.8281 308.4301 171.1309 323.8735 234.1401 1.9205 0.4886 0.3047 -9.1059 1.8677 22.2468 -3.2129 -1.2861
Car -1 -1 -4.8298 450.4052 180.6253 478.1267 203.2270 1.5928 1.6031 3.8544 -11.0387 2.2004 54.3596 -5.0295 -1.5135
Pedestrian -1 -1 -7.8802 659.7571 160.5108 671.1383 192.5710 1.9616 0.6813 0.6558 3.3814 1.2061 44.4921 -7.8052 -1.5159
Pedestrian -1 -1 -6.0867 337.8113 175.1918 358.8774 227.2406 1.8864 0.6856 0.6068 -9.6756 1.9735 26.5701 -6.4332 -1.7205
Pedestrian -1 -1 -7.1146 1101.7273 142.3490 1173.6295 263.7131 1.7724 0.5591 0.6894 7.8947 1.3266 10.8845 -6.5003 -1.7309
Pedestrian -1 -1 -7.9774 465.8060 178.2805 476.6170 203.3006 1.8092 0.6988 0.6730 -10.1851 2.2091 52.7865 -8.1675 -1.7652
Pedestrian -1 -1 -7.8448 89.2423 183.6744 121.5945 244.7291 1.7290 0.7644 0.4946 -14.7267 2.0499 21.0008 -8.4507 -1.8329
Pedestrian -1 -1 -3.1542 350.1225 176.1435 371.1615 223.4265 1.8513 0.5868 0.7840 -9.9704 1.9837 28.7155 -3.4860 -2.0921
Cyclist -1 -1 -7.5719 380.2455 182.9193 406.0337 231.8166 1.6704 0.4138 1.7521 -7.8112 2.0434 25.8875 -7.8626 -2.1578
