Car -1 -1 -7.7915 661.3896 178.0363 711.9627 223.3181 1.5635 1.6899 3.4114 2.8939 1.7713 27.1529 -7.6872 2.9794
Car -1 -1 -4.3040 212.2062 191.1723 442.5386 325.7960 1.4766 1.6079 3.9170 -3.8510 1.7929 10.4649 -4.6494 2.3950
Car -1 -1 -5.0132 786.0087 170.4958 932.3987 251.7582 1.5319 1.7554 4.2652 5.1676 1.4871 15.7432 -4.7023 2.0248
Car -1 -1 -4.4545 390.3574 182.1179 502.5522 262.2716 1.5800 1.5737 3.8185 -3.6718 1.8179 16.6128 -4.6695 1.8682
Car -1 -1 -6.5018 766.2079 171.4141 943.6103 227.9135 1.4837 1.6326 4.3907 6.6026 1.4455 19.9697 -6.1875 1.6200
Car -1 -1 -4.4911 469.0403 185.9866 542.9164 237.1849 1.4232 1.5540 3.6321 -3.2589 1.8737 22.8913 -4.6316 1.5238
Car -1 -1 -4.0112 0.0000 197.5684 278.5829 374.0000 1.5362 1.6739 4.2833 -4.0795 1.7717 4.7285 -4.6958 1.4852
Car -1 -1 -7.5328 676.5569 179.4755 735.8497 216.2591 1.4742 1.5230 3.5850 4.2179 1.7814 31.5625 -7.4018 1.4408
Car -1 -1 -4.6303 504.6607 183.0351 554.7758 225.5866 1.4592 1.5855 4.1103 -3.0677 1.8806 27.8126 -4.7398 1.2771
Car -1 -1 -7.3097 711.8194 175.5876 773.1103 209.8276 1.5899 1.5506 3.1727 6.5013 1.7304 35.4771 -7.1305 0.5132
Car -1 -1 -4.6788 542.2250 180.3160 571.3518 208.5586 1.5546 1.5929 3.8631 -3.1465 2.0163 42.7141 -4.7524 -0.2071
Pedestrian -1 -1 -4.0912 249.0115 167.0123 290.1086 246.5844 1.8339 0.5530 0.7344 -8.0831 1.6989 17.0407 -4.5285 -0.4888
Pedestrian -1 -1 -7.5918 347.3287 185.5302 364.3065 216.2017 1.6489 0.7279 0.6650 -13.9301 2.3480 39.4467 -7.9295 -0.5762
Pedestrian -1 -1 -5.9008 83.7399 160.7293 110.1005 260.1444 1.8583 0.4388 0.2622 -9.8129 1.6313 13.7304 -6.5124 -1.0000
Car -1 -1 -4.7921 529.5544 181.6097 565.1740 212.5391 1.4911 1.5582 3.7854 -3.3730 1.9751 37.9128 -4.8808 -1.2452
Car -1 -1 -6.2713 284.7791 187.6344 368.7136 217.4411 1.5221 1.6839 4.2366 -15.6463 2.3706 39.9018 -6.6431 -1.5475
Pedestrian -1 -1 -5.2325 245.0805 177.1708 264.7625 225.1589 1.7962 0.5488 0.3920 -13.5305 1.9619 27.4057 -5.6875 -1.5852
Car -1 -1 -3.0864 697.3254 170.4462 760.4290 198.0579 1.7544 1.6576 3.9806 7.7404 1.6011 47.0826 -2.9249 -1.6311
Car -1 -1 -7.6655 431.0668 173.0949 476.0779 209.6367 1.7524 1.5799 3.5549 -7.8802 1.7649 36.4223 -7.8775 -1.8137
Cyclist -1 -1 -4.7333 278.3857 180.8412 294.5406 228.3329 1.7058 0.5209 1.6032 -12.1743 2.0140 27.0335 -5.1531 -1.9119
Car -1 -1 -4.8753 767.8683 169.9308 793.7783 186.8157 1.4901 1.6395 4.1354 15.5165 1.2318 65.7932 -4.6449 -1.9482
Car -1 -1 -7.6133 337.8018 186.4329 381.0323 213.1025 1.4603 1.5874 3.8486 -15.0911 2.3165 43.5228 -7.9456 -2.0101
Pedestrian -1 -1 -6.9023 246.4909 174.2171 276.7567 232.0500 1.7372 0.5192 0.6557 -10.7186 1.7795 22.1061 -7.3494 -2.0459
Car -1 -1 -4.7792 397.1286 182.8549 429.1300 210.3019 1.4654 1.5585 3.4451 -11.4660 2.0702 41.7773 -5.0458 -2.1019
Pedestrian -1 -1 -7.8202 402.0409 181.0847 415.3559 212.5100 1.7349 0.6978 0.6320 -11.3124 2.2001 40.4261 -8.0918 -2.1417
Car -1 -1 -7.9066 416.3344 173.8747 445.4225 199.8388 1.6221 1.6446 3.9520 -11.8273 1.6918 47.3751 -8.1503 -2.1629
