Car -1 -1 -4.2212 0.0000 193.6159 318.7445 374.0000 1.4935 1.5924 3.6414 -3.5697 1.6980 5.2344 -4.7970 1.4239
Car -1 -1 -3.3139 636.5057 166.9982 731.3190 205.1913 1.8502 1.7528 4.4661 3.6002 1.5662 35.9923 -3.2155 1.0675
Car -1 -1 -4.6343 472.2879 179.5060 502.6520 205.5210 1.5056 1.5707 3.6547 -7.5716 1.9340 44.6152 -4.8019 0.1183
Car -1 -1 -4.7672 598.0315 171.3156 620.1017 191.0710 1.6777 1.7084 4.1193 -0.1362 1.5468 63.3808 -4.7697 -0.0509
Car -1 -1 -8.1651 773.3185 158.7696 805.0711 179.5145 1.8011 1.6556 3.8376 15.9842 0.5780 64.6173 -7.9238 -0.1659
Pedestrian -1 -1 -6.1565 389.4760 182.8920 398.9904 217.3510 1.6687 0.5042 0.3865 -10.6202 2.1646 35.3851 -6.4465 -0.5744
Car -1 -1 -6.9657 1044.1145 179.1490 1241.0000 374.0000 1.3664 1.5071 3.5033 5.6272 1.4239 5.7597 -6.2176 -0.6087
Car -1 -1 -6.7367 852.6323 154.9987 923.0062 178.8624 1.6455 1.6555 4.3344 19.4861 0.4140 50.7692 -6.3722 -0.6976
Car -1 -1 -2.8449 854.6420 165.9593 957.1134 198.5510 1.4917 1.6399 4.3111 14.2675 1.1758 35.0172 -2.4612 -1.1346
Car -1 -1 -2.8063 856.8420 164.6130 945.9614 193.4623 1.5041 1.6303 4.2372 15.9166 1.0742 39.6232 -2.4271 -1.4530
Cyclist -1 -1 -7.2254 391.4232 179.4026 437.5029 235.4152 1.6743 0.4403 1.7710 -6.1720 1.8881 22.6849 -7.4887 -1.5196
Car -1 -1 -2.8491 861.4131 166.5290 965.2220 201.5952 1.4634 1.5886 3.9526 13.3543 1.1992 31.9774 -2.4570 -1.5730
Car -1 -1 -4.7888 644.9133 172.2514 665.7541 188.6973 1.4879 1.6304 4.0186 4.1784 1.4330 67.2989 -4.7274 -1.5820
Pedestrian -1 -1 -3.8542 1028.0687 136.3560 1099.1733 264.8936 1.7997 0.6857 0.5601 6.5235 1.2884 10.4879 -3.3107 -1.7019
Car -1 -1 -8.0107 621.5495 172.4018 645.6626 188.1458 1.4655 1.6749 4.1972 2.2161 1.4232 69.3516 -7.9792 -1.7802
Car -1 -1 -7.7368 132.5095 192.1964 204.5786 244.4145 1.4445 1.5643 3.5611 -14.2339 2.1221 23.3449 -8.2796 -1.8663
Car -1 -1 -4.7654 733.8540 168.1444 754.9170 185.8300 1.5224 1.6218 4.0302 11.9060 1.1167 64.2131 -4.5831 -1.9790
