Car -1 -1 -7.7700 654.4222 181.0793 696.8821 218.5541 1.5148 1.5865 3.4582 2.8980 1.8981 31.8129 -7.6807 2.4766
Car -1 -1 -4.2627 92.8087 190.0373 409.5059 358.4656 1.5278 1.7324 4.4376 -4.1778 1.8014 9.2518 -4.6770 2.1549
Car -1 -1 -4.9313 749.6216 173.8282 849.0606 236.5728 1.5735 1.7676 4.2876 5.1352 1.6036 20.3271 -4.6880 1.9958
Car -1 -1 -4.4390 348.9929 189.2795 481.9016 276.4882 1.4870 1.6264 3.9955 -3.9359 1.8758 15.0768 -4.6909 1.9180
Car -1 -1 -4.4710 439.2545 181.6501 525.8423 244.4467 1.6271 1.6049 3.9545 -3.6955 1.9112 21.2935 -4.6415 1.6374
Car -1 -1 -4.5229 493.4153 187.1751 552.4371 227.6743 1.3629 1.5509 3.8034 -3.3024 1.9494 27.6140 -4.6415 1.5813
Car -1 -1 -7.5000 667.7482 179.7925 718.4551 212.8294 1.5364 1.4772 3.2923 4.1593 1.9007 36.1150 -7.3869 1.5683
Car -1 -1 -6.4371 731.9287 174.2203 874.6094 220.6903 1.5198 1.6834 4.5068 6.4694 1.5683 24.7193 -6.1846 1.3449
Car -1 -1 -7.0276 1162.4596 118.1011 1241.0000 229.0942 1.5393 1.6626 4.0950 10.9997 0.7797 10.9033 -6.2510 0.9891
Car -1 -1 -4.6603 516.6859 183.8655 558.0503 220.7427 1.4831 1.6340 4.0783 -3.2377 2.0080 32.3339 -4.7599 0.5336
Car -1 -1 -7.2742 699.3196 179.8141 755.6946 208.9963 1.5206 1.5347 3.3198 6.5324 1.9246 40.1724 -7.1148 0.4933
Car -1 -1 -3.9373 0.0000 207.3048 141.3466 374.0000 1.5131 1.6250 3.9706 -4.1373 1.7661 3.2556 -4.8016 0.3498
Car -1 -1 -4.6388 547.8294 181.4474 576.4700 207.2819 1.5835 1.6056 3.7829 -3.1382 2.1701 47.3846 -4.7051 -0.4345
Pedestrian -1 -1 -7.5443 372.5927 181.6650 394.5075 225.2909 1.6931 0.6095 0.8119 -9.0066 2.0467 28.5748 -7.8475 -0.5370
Car -1 -1 -4.6291 390.8877 176.5419 419.8090 201.4277 1.6342 1.6006 4.0459 -14.2137 1.9011 50.1530 -4.9042 -1.1031
Cyclist -1 -1 -4.4772 301.3223 175.2779 327.6256 223.1020 1.7039 0.5583 1.5095 -10.9165 1.7956 26.5760 -4.8639 -1.5091
Car -1 -1 -6.9807 316.8638 186.4190 387.4398 212.9307 1.5153 1.6478 4.1052 -16.2870 2.4146 45.6648 -7.3218 -1.5637
Pedestrian -1 -1 -3.6276 331.6399 176.2204 363.3927 236.0729 1.7607 0.5981 0.7012 -7.9554 1.8639 21.7376 -3.9750 -1.6019
Car -1 -1 -4.1424 429.7714 179.2977 479.4346 201.5208 1.4819 1.5615 3.9827 -11.0657 1.9605 51.4917 -4.3534 -1.7499
Car -1 -1 -7.5235 688.3083 180.2905 746.0534 215.9917 1.5202 1.5743 3.6041 4.9847 1.8854 33.5031 -7.3778 -1.7985
Car -1 -1 -4.3842 435.0164 183.6927 469.0641 202.0533 1.4877 1.6483 4.1972 -13.8152 2.4697 63.2131 -4.5988 -1.9443
Pedestrian -1 -1 -5.9141 348.6564 176.9838 371.3044 234.0317 1.7632 0.5610 0.5026 -7.8864 1.8941 22.6324 -6.2463 -2.0350
Car -1 -1 -4.3613 749.7388 171.9403 784.7744 189.6726 1.5155 1.6729 4.2658 13.9399 1.4371 63.9156 -4.1479 -2.0509
Car -1 -1 -4.7117 317.7696 183.1986 341.4206 204.8844 1.4975 1.5942 4.0059 -21.0221 2.3028 54.0373 -5.0814 -2.0619
Pedestrian -1 -1 -6.4063 382.0345 180.3570 396.4618 211.6796 1.7421 0.6480 0.7057 -12.5158 2.1705 40.7816 -6.7026 -2.1441
