Car -1 -1 -7.8072 668.0034 179.4432 722.7863 230.1734 1.5307 1.6642 3.3473 2.8531 1.7661 24.0221 -7.6912 2.7288
Car -1 -1 -4.2256 0.0000 196.1422 379.1157 374.0000 1.5080 1.6540 3.9726 -3.8637 1.8065 7.2624 -4.7003 2.1526
Car -1 -1 -5.0652 824.0229 168.4480 1028.2334 277.2284 1.5671 1.7572 4.3302 5.1486 1.5033 12.5823 -4.6858 2.0863
Car -1 -1 -4.4173 333.5115 186.9008 476.9960 287.6839 1.5456 1.5325 3.6755 -3.6890 1.8433 13.4452 -4.6810 1.8972
Car -1 -1 -4.5791 481.0342 185.7700 546.1230 234.1490 1.4417 1.6647 4.1325 -3.2513 1.9201 24.6744 -4.7095 1.7234
Car -1 -1 -4.5049 442.9407 187.3791 527.8879 249.1786 1.4524 1.5529 3.6556 -3.3441 1.8859 19.6888 -4.6717 1.6747
Car -1 -1 -6.5301 794.3336 172.8139 1011.5717 240.7849 1.4751 1.6507 4.3905 6.5826 1.4739 16.7428 -6.1621 1.5111
Car -1 -1 -7.5082 681.9546 180.0499 747.7164 221.6132 1.4949 1.5151 3.3817 4.1393 1.7967 28.4404 -7.3658 1.2672
Car -1 -1 -7.3070 718.8974 176.7138 789.1005 213.5475 1.5459 1.5839 3.3597 6.4637 1.7286 32.4282 -7.1126 0.6665
Car -1 -1 -5.0506 522.1857 182.1293 572.6816 212.4554 1.5167 1.5785 3.7605 -3.5006 2.0488 39.3720 -5.1393 -0.2722
Cyclist -1 -1 -8.1411 528.1378 180.9852 549.0519 217.9644 1.6723 0.5185 1.6869 -3.4058 2.0639 33.8956 -8.2410 -1.3550
Pedestrian -1 -1 -7.1026 174.1584 175.1058 223.2845 270.9673 1.7905 0.5552 0.6059 -7.9426 1.8346 13.8537 -7.6153 -1.4006
Pedestrian -1 -1 -7.8292 384.1859 183.5825 398.1395 215.5917 1.6214 0.6733 0.6175 -11.3165 2.1799 37.1945 -8.1230 -1.4515
Car -1 -1 -7.8159 390.1665 178.3118 420.9160 206.1846 1.5469 1.6112 3.8558 -12.1527 1.8868 42.9153 -8.0906 -1.6376
Pedestrian -1 -1 -6.2040 440.3740 173.4636 448.3109 217.1852 1.9149 0.5036 0.3032 -7.3607 1.9418 31.8806 -6.4295 -1.7328
Cyclist -1 -1 -4.6707 350.9595 176.3119 367.8937 217.1481 1.8006 0.6594 1.6393 -11.4376 1.9619 32.8437 -5.0037 -1.8496
Car -1 -1 -7.5470 528.2886 183.3978 581.6597 216.8007 1.4808 1.5908 3.5518 -2.6606 2.0214 35.1037 -7.6227 -1.8878
Car -1 -1 -3.7674 819.2363 163.8926 867.5278 181.7227 1.6439 1.6649 4.1382 21.9544 0.8174 67.9552 -3.4564 -1.9069
Car -1 -1 -7.8251 363.6571 180.4358 394.7495 208.2733 1.5001 1.6129 4.0755 -13.5041 1.9667 42.2509 -8.1330 -2.0083
Pedestrian -1 -1 -7.7147 46.9056 175.3881 74.5335 233.0101 1.7987 0.6350 0.4913 -17.4925 1.8802 22.9243 -8.3611 -2.1354
