Car -1 -1 -3.3425 648.4883 170.3402 747.7401 205.4375 1.6232 1.7011 4.4434 4.1145 1.5066 34.4026 -3.2250 1.4968
Car -1 -1 -4.1923 0.0000 207.4509 269.4210 374.0000 1.4486 1.5691 3.3745 -3.3655 1.7290 4.0756 -4.8515 0.9448
Car -1 -1 -4.5862 482.5500 181.5460 515.6605 207.0511 1.4265 1.5204 3.6873 -6.6765 1.9725 43.4873 -4.7380 0.3948
Car -1 -1 -4.6842 615.3398 171.9054 636.6546 193.5703 1.7972 1.7187 4.1019 1.3787 1.7182 61.9467 -4.6624 0.2974
Car -1 -1 -8.1650 793.7370 159.1886 825.6180 183.1585 2.0233 1.6426 3.5903 17.2979 0.8695 62.7328 -7.8974 0.0476
Cyclist -1 -1 -8.1450 1189.5033 153.7099 1241.0000 266.1413 1.5741 0.3401 1.5437 9.1671 1.3058 10.8796 -7.4584 -0.8740
Car -1 -1 -8.4653 861.2870 152.0078 920.9261 180.1288 1.8668 1.7393 4.2292 19.4352 0.4826 50.1621 -8.0977 -1.1504
Pedestrian -1 -1 -7.8400 725.4402 155.4594 737.9310 191.2119 1.9199 0.6602 0.8232 6.5775 0.9855 39.2101 -7.6753 -1.2668
Car -1 -1 -8.2365 947.2226 149.9709 1008.7822 181.6668 1.6757 1.6611 4.0078 20.3836 0.4656 40.2123 -7.7704 -1.4402
Car -1 -1 -5.3713 786.1268 164.4667 836.1682 186.3334 1.5578 1.5995 3.7530 14.8189 0.9600 53.4411 -5.1025 -1.5757
Car -1 -1 -7.1598 1188.0338 150.0384 1241.0000 374.0000 1.4554 1.5918 3.9770 5.9452 1.3514 4.1716 -6.2337 -1.5783
Car -1 -1 -6.3898 464.0078 178.6896 523.5654 202.2854 1.5325 1.6216 3.8239 -7.9015 1.9372 48.7858 -6.5499 -1.6203
Pedestrian -1 -1 -4.4281 395.9085 196.7805 413.8281 239.0106 1.1841 0.4015 0.3843 -5.9163 1.8748 20.6444 -4.7044 -1.6820
Car -1 -1 -7.7554 976.4392 169.5841 1028.4357 206.8404 1.4553 1.5700 3.6957 16.3972 1.3273 30.1559 -7.2618 -1.8264
Car -1 -1 -4.7635 836.8297 165.2126 857.4653 182.2949 1.5613 1.6392 3.9449 22.3199 0.8626 68.0647 -4.4481 -1.9863
Car -1 -1 -7.7216 979.5974 164.7323 1030.6211 198.9661 1.4618 1.5758 3.6761 17.9328 1.1147 32.7594 -7.2248 -2.0518
Car -1 -1 -7.9992 664.4654 164.4195 689.5019 188.5040 2.1833 1.7378 4.1842 6.2140 1.4184 67.5437 -7.9082 -2.0556
Car -1 -1 -8.0160 721.8072 165.7041 752.1030 187.3894 1.5681 1.6175 3.9133 9.4559 1.0508 54.1417 -7.8443 -2.0851
Car -1 -1 -6.2044 957.3200 165.8567 1082.1597 208.6400 1.4797 1.5906 3.9134 15.0806 1.2374 26.7016 -5.6953 -2.1933
