Car -1 -1 -7.7465 648.7339 179.5435 693.1877 215.4270 1.5312 1.6959 3.3879 2.8173 1.8564 33.2925 -7.6634 2.6959
Car -1 -1 -4.3148 179.9356 189.5058 430.2686 330.1791 1.5404 1.7067 4.4777 -4.1943 1.8393 10.7016 -4.6808 2.2994
Car -1 -1 -4.4435 371.7598 188.1898 490.9088 265.1498 1.4634 1.6127 4.0433 -3.9945 1.8592 16.5856 -4.6770 2.0164
Car -1 -1 -4.9140 739.1163 173.5758 827.8734 229.9631 1.5292 1.7355 4.2857 5.0563 1.5528 21.7847 -4.6896 1.8991
Car -1 -1 -4.4674 448.2821 179.0906 527.5717 237.8924 1.6643 1.6006 3.7266 -3.7990 1.8773 22.7517 -4.6317 1.7079
Car -1 -1 -4.6168 518.0775 181.4245 562.0812 217.3472 1.5310 1.6634 4.1559 -3.2555 1.9571 33.8207 -4.7126 1.3719
Car -1 -1 -4.5457 500.6856 184.1721 553.2350 224.2502 1.4515 1.5317 3.5093 -3.3126 1.9333 28.9380 -4.6593 1.3207
Car -1 -1 -7.4858 662.2941 178.1862 714.2884 210.2050 1.5618 1.5454 3.5228 4.1012 1.8547 37.7546 -7.3790 1.3090
Car -1 -1 -6.4535 730.6938 175.2538 856.2676 216.8147 1.4424 1.6183 4.1816 6.5093 1.5321 26.1063 -6.2123 1.2899
Car -1 -1 -4.0212 0.0000 203.4891 212.4982 374.0000 1.5342 1.6176 3.9541 -4.3611 1.8107 4.5050 -4.7611 1.0042
Car -1 -1 -6.9875 1103.6343 113.8268 1241.0000 220.8491 1.6850 1.7094 4.2679 11.0580 0.7553 12.2532 -6.2650 0.7244
Car -1 -1 -7.3089 693.8644 177.8927 747.8018 206.2879 1.5438 1.5679 3.3595 6.3916 1.8470 41.6578 -7.1582 0.5403
Car -1 -1 -4.8320 545.7133 181.2514 575.5089 205.3424 1.5181 1.5732 3.7003 -3.4074 2.1087 48.8031 -4.9018 -0.8207
Pedestrian -1 -1 -5.4189 0.0000 172.6615 13.6831 233.7939 1.7948 0.4983 0.2946 -18.1491 1.7888 21.4539 -6.1150 -1.3022
Car -1 -1 -7.0379 301.7767 180.1295 387.8561 214.4516 1.5018 1.5998 3.7943 -12.6402 1.8701 34.4974 -7.3870 -1.8516
Car -1 -1 -5.2471 715.5602 172.8782 754.3622 190.3074 1.5043 1.5941 3.9938 11.0935 1.5063 64.4320 -5.0777 -1.9114
Pedestrian -1 -1 -4.2775 190.2174 191.2569 235.7149 289.0064 1.5854 0.5061 0.4894 -6.6829 1.8993 12.0603 -4.7747 -1.9904
Pedestrian -1 -1 -7.4341 392.5202 178.6445 410.2895 213.5491 1.7517 0.6590 0.6543 -10.6473 2.0490 36.7038 -7.7149 -2.0289
Pedestrian -1 -1 -6.0741 421.7382 176.0573 437.4302 215.1745 1.8323 0.7269 0.5843 -8.5968 1.9856 34.2326 -6.3188 -2.1147
