Car -1 -1 -3.3542 685.3374 166.2268 799.7479 210.0110 1.8071 1.7566 4.5200 5.5403 1.5333 30.7396 -3.1781 1.4539
Car -1 -1 -6.9344 1143.0453 145.9519 1241.0000 189.3520 1.6181 1.7273 4.4955 23.4568 0.6148 27.8625 -6.2398 1.0835
Car -1 -1 -4.6768 504.5916 181.8936 537.0150 211.2643 1.5058 1.6575 4.0208 -4.9781 2.0369 40.3431 -4.7993 0.8332
Car -1 -1 -6.8607 1097.9246 146.9902 1234.4974 184.7509 1.5389 1.6731 4.3562 23.2942 0.4845 30.3962 -6.2114 0.8045
Car -1 -1 -6.6919 1039.8325 149.6542 1160.5752 183.2729 1.5466 1.6710 4.4686 23.2396 0.4790 34.4180 -6.1019 0.7171
Car -1 -1 -8.1623 836.9506 158.6168 871.8250 182.3497 1.8630 1.6275 3.6786 19.7401 0.7451 58.4915 -7.8385 -0.1384
Cyclist -1 -1 -4.5503 790.7302 165.1071 802.8448 190.5887 1.6924 0.5518 1.5604 12.5919 1.1776 48.7467 -4.2993 -0.3636
Car -1 -1 -6.7700 933.5975 153.3983 1014.4268 179.0041 1.5489 1.6088 4.1859 22.3730 0.3717 44.5004 -6.3068 -0.6452
Car -1 -1 -6.8439 918.1957 155.5920 986.6439 179.6411 1.5368 1.5869 3.7743 22.3030 0.4334 47.1225 -6.4043 -0.8375
Car -1 -1 -4.5702 607.9946 176.0744 631.0663 192.1330 1.4904 1.6689 4.1645 0.9364 1.8124 70.0288 -4.5572 -0.8661
Pedestrian -1 -1 -7.9400 769.1241 152.8633 785.3320 192.0592 1.8967 0.6924 0.9539 8.1664 0.9290 35.4354 -7.7156 -0.9185
Car -1 -1 -4.7197 648.6541 174.3174 669.4768 195.1356 1.6106 1.6165 3.8065 3.9016 1.7320 58.0448 -4.6534 -1.4124
Car -1 -1 -4.9227 508.8300 180.0630 546.5139 206.0444 1.5540 1.6164 3.9439 -5.3775 2.0392 46.4647 -5.0377 -1.5986
Car -1 -1 -4.3241 569.4551 176.8306 602.4464 194.3475 1.5247 1.6346 3.9661 -2.1831 1.8995 65.9212 -4.3574 -1.7415
Car -1 -1 -8.2474 996.8749 159.5582 1041.4812 181.6019 1.7058 1.6761 4.0569 32.7703 0.6766 57.9491 -7.7350 -1.8769
Pedestrian -1 -1 -8.1663 942.1537 152.6591 957.8564 182.0793 1.7759 0.6768 0.7133 20.6705 0.5566 43.9497 -7.7293 -1.9955
Pedestrian -1 -1 -7.7995 444.3696 164.3261 457.4902 197.9859 2.0306 0.7430 0.7114 -9.7184 1.5158 43.9391 -8.0163 -2.0891
Car -1 -1 -4.6180 475.1398 179.9779 505.5056 203.4958 1.5099 1.6794 4.1821 -8.2413 2.0221 49.7677 -4.7817 -2.1038
Pedestrian -1 -1 -8.1971 451.6360 171.9076 464.8744 202.1998 1.8778 0.6234 0.6656 -9.5363 1.8189 45.1751 -8.4044 -2.1077
Car -1 -1 -4.5475 533.6935 176.5625 564.1843 200.1673 1.6829 1.6407 4.0475 -4.5729 1.9718 54.1796 -4.6317 -2.1875
