Car -1 -1 -4.3500 743.2655 175.1454 861.7410 239.6248 1.4727 1.6629 4.0322 5.0478 1.5387 18.7541 -4.0917 2.2172
Car -1 -1 -7.9883 1137.8551 177.9316 1241.0000 318.9179 1.5341 1.6057 3.5349 8.3666 1.6172 9.9162 -7.3026 2.0827
Car -1 -1 -4.4955 878.8990 168.7196 949.1159 210.0411 1.5138 1.7367 4.1126 12.0693 1.3620 28.6149 -4.1004 1.9183
Car -1 -1 -3.2444 292.0357 166.3329 618.7873 303.0738 1.7742 1.7688 4.4690 -2.3227 1.6893 10.8844 -3.4509 1.9142
Car -1 -1 -7.9532 1108.5344 170.7115 1200.3674 233.5517 1.5349 1.6003 3.4990 14.5700 1.4823 19.5369 -7.3201 1.6138
Car -1 -1 -4.4805 917.6243 169.3252 971.6719 203.9958 1.4940 1.5145 3.3658 15.2423 1.3417 32.8853 -4.0503 1.3681
Car -1 -1 -4.4258 1163.5879 163.5315 1216.5615 190.4087 1.5149 1.5213 3.4364 33.9645 0.9891 42.2761 -3.7526 0.2512
Cyclist -1 -1 -4.8473 1143.6447 158.9484 1171.3214 210.2124 1.8073 0.5866 1.5609 19.8647 1.3167 26.2617 -4.2053 -0.3966
Car -1 -1 -4.5014 950.1530 168.2450 997.6773 197.8485 1.5140 1.5530 3.7143 19.5814 1.2780 38.8374 -4.0377 -0.5459
Car -1 -1 -7.3298 679.7225 170.2852 717.3055 187.0999 1.5227 1.6647 4.0973 8.2866 1.2898 67.4797 -7.2084 -0.6075
Car -1 -1 -4.5767 992.4584 163.0673 1034.1229 192.1098 1.6931 1.6851 4.2539 24.7441 1.1223 44.2713 -4.0701 -0.6433
Car -1 -1 -7.6602 1203.2610 162.5770 1241.0000 188.3931 1.5304 1.6216 4.1055 38.2874 0.9208 44.6846 -6.9552 -0.8355
Car -1 -1 -1.8073 0.0000 172.6318 11.1107 216.5038 1.4691 1.5941 3.7812 -23.1930 1.4614 25.8967 -2.5326 -1.3061
Car -1 -1 -7.3022 1097.3524 171.2844 1212.6011 218.3060 1.4449 1.5187 3.2726 17.6819 1.3964 23.4842 -6.6632 -1.3107
Car -1 -1 -5.3772 1073.3566 165.3541 1134.3885 187.7345 1.4900 1.5532 3.6491 34.0555 0.9904 49.9098 -4.7814 -1.3394
Car -1 -1 -5.9141 680.5730 167.7638 753.9724 194.1117 1.5264 1.6410 4.0595 6.4192 1.2312 43.5135 -5.7690 -1.4157
Car -1 -1 -8.1389 1103.1045 167.5101 1168.8092 199.4946 1.4793 1.6177 3.6560 25.6466 1.2318 35.3636 -7.5156 -1.4371
Cyclist -1 -1 -5.2298 0.0000 165.5079 28.1168 216.5023 1.7570 0.6546 1.5828 -21.4460 1.5036 25.4449 -5.9250 -1.5980
Car -1 -1 -4.4344 566.0978 175.1507 614.4931 206.5423 1.5075 1.5267 3.6743 -0.9942 1.6310 36.9076 -4.4617 -1.7668
Cyclist -1 -1 -6.3542 572.0078 173.3609 608.2150 211.1774 1.8014 0.7168 1.6989 -1.0076 1.8259 34.8241 -6.3835 -2.1668
