Car -1 -1 -7.9573 785.4159 180.3546 939.2379 311.7982 1.4685 1.5871 3.3490 3.2723 1.5916 10.0660 -7.6526 2.3758
Car -1 -1 -4.2106 0.0000 209.5584 419.5820 374.0000 1.3974 1.5562 3.4647 -2.9486 1.7899 5.9472 -4.6545 2.3626
Car -1 -1 -4.4393 323.6145 190.8522 511.3339 317.3468 1.4407 1.6299 3.9970 -2.6863 1.7608 10.8194 -4.6780 2.0080
Car -1 -1 -7.2328 1073.0580 166.5397 1200.5709 215.6331 1.4489 1.5309 3.4230 16.4147 1.2622 22.5694 -6.6105 1.8497
Car -1 -1 -3.9881 986.2577 162.3493 1089.8212 198.3387 1.5192 1.6441 4.0965 18.8568 1.0754 31.8758 -3.4582 1.7937
Car -1 -1 -7.5618 778.3888 178.1916 916.9700 265.7049 1.4830 1.6236 3.8397 4.8354 1.6052 14.5160 -7.2472 1.3458
Car -1 -1 -4.5508 475.6822 181.2172 547.6165 240.7407 1.5404 1.5311 3.3837 -2.8105 1.8018 20.8669 -4.6837 1.3208
Car -1 -1 -3.0982 752.5956 164.1286 865.5502 209.8548 1.7970 1.7471 4.3819 8.1749 1.4538 29.8526 -2.8339 1.0322
Car -1 -1 -5.0503 489.6823 181.7093 571.0819 227.6743 1.4472 1.6101 4.0748 -2.9706 1.7896 25.7433 -5.1647 0.9653
Car -1 -1 -6.6186 614.7821 167.2162 677.2939 188.7294 1.5736 1.6558 4.3882 2.6700 1.1609 54.1906 -6.5699 -0.0785
Car -1 -1 -7.5220 1172.2310 157.3327 1241.0000 188.9859 1.5127 1.6162 4.1565 30.0964 0.7706 36.2575 -6.8332 -0.1064
Car -1 -1 -7.4194 841.7542 171.2231 955.2035 237.8837 1.5377 1.5385 3.0511 7.2865 1.4998 18.2547 -7.0458 -0.1704
Car -1 -1 -4.5774 564.1984 176.6044 586.7704 192.6369 1.4731 1.6248 4.1819 -3.3109 1.8451 69.4590 -4.6252 -0.8565
Cyclist -1 -1 -2.7092 348.6776 177.9472 404.5686 230.4660 1.7564 0.6519 1.6996 -8.0080 1.9330 24.6393 -3.0208 -1.1382
Car -1 -1 -7.2293 156.7984 182.2866 261.9492 226.7282 1.5502 1.5982 3.8736 -15.4846 1.9429 28.0464 -7.7300 -1.2454
Car -1 -1 -2.9210 155.4045 185.8882 306.5125 235.0351 1.4854 1.6232 4.1574 -12.4206 1.9390 23.8144 -3.3975 -1.2496
Pedestrian -1 -1 -6.1050 163.9553 177.8822 173.7821 200.7682 1.8222 0.7437 0.5514 -35.5392 2.2298 58.0911 -6.6522 -1.3910
Pedestrian -1 -1 -4.4790 357.5374 191.6954 372.0934 224.7848 1.1958 0.4234 0.4119 -9.0673 1.8948 26.5550 -4.8055 -1.4616
Car -1 -1 -7.9106 376.1864 183.4320 427.5206 229.3622 1.4966 1.5951 3.6852 -7.7248 1.9133 26.4368 -8.1927 -1.4812
Pedestrian -1 -1 -8.3867 813.5792 156.6811 834.0318 198.7129 1.9985 0.6706 0.7187 10.2488 1.2292 34.7379 -8.1025 -1.6601
Car -1 -1 -2.3374 268.2876 185.0295 414.5318 241.8510 1.5201 1.6910 4.1852 -8.1372 1.9140 21.6885 -2.6929 -1.7050
Car -1 -1 -7.3902 1058.5328 156.3001 1107.4381 179.1342 1.8442 1.6769 4.2780 39.3700 0.5069 60.0793 -6.8124 -1.7949
Car -1 -1 -3.1926 268.8139 177.4528 321.9426 196.3792 1.6341 1.6753 4.2979 -28.2859 2.0580 64.8351 -3.6028 -2.0212
Car -1 -1 -4.8556 528.5909 173.7546 562.0121 198.1645 1.4868 1.5873 3.8643 -4.2128 1.5467 46.1654 -4.9465 -2.1204
Car -1 -1 -4.7440 1179.1121 167.4972 1235.1222 205.8697 1.4349 1.5809 3.8910 23.8820 1.2343 29.0070 -4.0604 -2.1637
