Car -1 -1 -8.0428 785.9863 179.1837 960.7281 304.4772 1.4504 1.5660 4.0398 3.5832 1.5621 10.6670 -7.7280 2.2315
Car -1 -1 -4.2813 290.8660 173.6499 487.5532 297.4901 1.5874 1.5126 3.5472 -3.2414 1.6015 11.1412 -4.5589 2.2072
Car -1 -1 -8.3261 882.1774 181.5300 1241.0000 374.0000 1.4719 1.5518 3.6515 3.3056 1.5576 5.2883 -7.7931 2.1253
Car -1 -1 -4.3534 591.7866 169.6625 690.5774 229.6074 1.6466 1.6884 4.0698 1.0085 1.5586 22.0226 -4.3091 1.7654
Car -1 -1 -4.5213 670.9626 167.7814 717.8229 200.3637 1.5219 1.5903 3.9807 4.2054 1.2846 35.8397 -4.4059 1.5407
Car -1 -1 -3.9830 0.0000 147.2311 210.4009 374.0000 1.7102 1.6787 4.0346 -4.2755 1.6340 4.1831 -4.7478 0.9975
Car -1 -1 -4.4530 709.0888 164.3100 751.2454 190.4877 1.6119 1.6827 4.1680 7.7850 1.0855 46.6744 -4.2890 0.6658
Car -1 -1 -7.8583 786.1268 176.1761 868.6110 250.6460 1.4357 1.5648 3.5704 4.7296 1.5180 16.0136 -7.5769 0.5719
Car -1 -1 -7.6223 802.8372 167.9721 893.4024 228.6679 1.5328 1.6322 3.6247 6.6851 1.4092 20.1939 -7.3075 0.3234
Car -1 -1 -8.3132 933.6299 144.7066 1025.0758 195.5869 1.7875 1.5944 3.6336 13.7468 0.7983 27.1690 -7.8493 -0.2268
Pedestrian -1 -1 -4.2453 882.6281 166.8700 906.2535 211.4797 1.5885 0.5882 0.6037 10.2477 1.3751 26.1131 -3.8756 -0.6201
Car -1 -1 -6.1853 926.9935 159.4615 1022.9758 191.3360 1.5442 1.6635 4.2298 18.5398 0.8951 36.7853 -5.7219 -0.9975
Car -1 -1 -3.3912 806.1682 166.6520 894.4370 195.3216 1.5262 1.6813 4.2858 13.0210 1.1957 39.3920 -3.0745 -1.0323
Car -1 -1 -4.4790 194.4065 182.3197 227.8131 202.0833 1.5864 1.6284 4.0167 -34.3224 2.4294 62.1308 -4.9821 -1.2255
Car -1 -1 -8.4225 1010.4459 140.3396 1126.8317 192.3480 1.7614 1.7063 3.9603 16.5935 0.6599 26.4274 -7.8669 -1.2747
Car -1 -1 -4.5428 652.4492 173.9757 703.5275 209.9616 1.4310 1.5700 3.7352 2.9178 1.4817 30.8244 -4.4499 -1.7375
Car -1 -1 -7.6640 799.1641 160.4548 827.4471 180.5777 1.7374 1.6979 4.0916 18.1820 0.6666 64.5085 -7.3906 -1.7676
Pedestrian -1 -1 -7.7451 646.4705 164.2006 656.8090 190.9481 1.9006 0.6665 0.7161 2.9540 1.2854 51.6796 -7.6887 -1.8061
Car -1 -1 -4.6424 859.4628 163.2138 887.3221 184.7102 1.5205 1.6594 4.0735 19.4323 0.8383 53.2334 -4.2943 -1.8505
Car -1 -1 -7.7291 1024.1433 168.1015 1079.0291 203.6464 1.4381 1.5760 3.8286 19.0795 1.2455 31.1829 -7.1844 -1.9606
Car -1 -1 -4.5124 226.2900 183.9116 256.9351 203.7996 1.5457 1.5801 3.6574 -30.7423 2.4989 60.2453 -4.9827 -2.0093
