Car -1 -1 -8.2186 826.6716 182.6578 1241.0000 374.0000 1.4983 1.6128 4.1420 3.1324 1.6129 6.3347 -7.7789 2.6552
Car -1 -1 -4.3604 544.2894 172.0605 666.7525 249.3041 1.6298 1.6391 4.0812 -0.0208 1.6128 17.4222 -4.3625 2.1553
Car -1 -1 -4.1340 0.0000 178.9654 364.7187 374.0000 1.5758 1.5414 3.6202 -3.7115 1.6452 6.3719 -4.6442 2.0349
Car -1 -1 -7.8995 811.2016 180.6209 932.8375 292.5456 1.4551 1.5654 3.4656 3.9810 1.5991 11.5228 -7.5758 1.7242
Car -1 -1 -4.5278 636.5391 171.4685 690.9994 209.2698 1.5319 1.6359 4.1625 2.3696 1.4754 31.4615 -4.4539 1.7094
Car -1 -1 -8.0617 792.7953 169.0971 839.5765 199.9340 1.4712 1.5434 3.5469 10.2584 1.2917 36.2452 -7.7883 0.8135
Car -1 -1 -4.8299 811.6348 173.9948 917.3266 256.6481 1.5087 1.5954 3.9216 5.1943 1.5359 15.3096 -4.5094 0.4282
Car -1 -1 -4.6401 683.1385 168.1167 714.2634 195.1570 1.5094 1.5525 3.6880 5.1916 1.2447 42.2355 -4.5190 0.0375
Car -1 -1 -4.6532 615.6321 172.9803 665.3205 217.6325 1.5099 1.5970 3.8044 1.1307 1.5145 26.3823 -4.6115 -0.2336
Car -1 -1 -4.3935 139.8758 187.8614 183.3843 209.9925 1.5213 1.6264 3.9747 -33.8927 2.7007 54.5983 -4.9471 -0.3440
Car -1 -1 -4.4326 126.4771 187.9464 164.9726 209.3568 1.6013 1.6282 3.9063 -37.9562 2.8798 59.0350 -5.0022 -0.5902
Car -1 -1 -3.9374 915.2291 159.9351 997.1758 193.8901 1.5360 1.5456 3.3994 16.2412 0.9513 33.9517 -3.4948 -0.9399
Car -1 -1 -6.9530 886.9832 163.4935 959.0765 189.9789 1.5088 1.5742 3.7095 18.3219 0.9752 42.3476 -6.5474 -0.9590
Car -1 -1 -7.0360 897.6567 166.9057 981.2197 196.3837 1.4443 1.5886 3.8213 16.7186 1.1526 36.7212 -6.6120 -1.0311
Pedestrian -1 -1 -4.3674 889.8841 165.9288 917.2412 220.5910 1.6396 0.5975 0.6387 8.9355 1.4316 22.0801 -3.9880 -1.2804
Car -1 -1 -8.3957 938.5169 144.4701 1074.7523 211.9151 1.9777 1.7387 4.5600 12.6492 1.1451 23.4809 -7.9071 -1.4709
Car -1 -1 -7.6905 692.4397 164.4990 728.2233 190.9253 1.6627 1.6913 4.1593 6.6338 1.1367 47.6357 -7.5533 -1.7340
Car -1 -1 -8.4874 1040.9171 138.9315 1180.0239 204.5796 1.8556 1.6815 3.6166 15.2031 0.8964 22.2351 -7.8939 -1.8327
Car -1 -1 -4.7090 118.1568 191.2327 141.8824 210.8712 1.5219 1.6533 4.0283 -41.2846 3.1566 62.0532 -5.2943 -1.9215
Car -1 -1 -3.1642 848.9167 159.8028 905.4201 182.3090 1.6334 1.6152 3.8924 19.8294 0.6859 53.7598 -2.8127 -1.9889
Car -1 -1 -7.8511 1127.2751 164.6953 1184.8114 207.7555 1.4810 1.6081 3.9408 20.2612 1.2001 26.8746 -7.2106 -2.0762
Pedestrian -1 -1 -3.5154 878.4185 159.9512 898.7033 195.5655 1.7595 0.5703 0.7873 13.8298 1.1218 35.9370 -3.1510 -2.1108
Car -1 -1 -6.6204 705.1682 171.6416 777.8746 196.2426 1.4358 1.5691 3.9874 7.8165 1.3648 43.2046 -6.4429 -2.1458
