Car -1 -1 -3.2732 463.5804 166.2329 722.6246 269.6212 1.7484 1.7690 4.5583 -0.4265 1.6361 13.4464 -3.3055 1.7198
Car -1 -1 -7.9035 1207.9346 179.9392 1241.0000 300.3367 1.4577 1.6097 3.7221 10.0646 1.5838 10.9181 -7.1727 0.7401
Car -1 -1 -4.3313 841.7011 172.9714 958.1235 231.4895 1.4644 1.6402 4.0367 8.0963 1.4677 20.0934 -3.9539 0.4055
Car -1 -1 -4.4649 986.7087 166.6043 1060.4757 208.5893 1.5588 1.6409 4.0057 16.5108 1.3265 28.8035 -3.9491 0.3868
Car -1 -1 -8.4927 1150.3218 193.0622 1241.0000 374.0000 1.5146 1.5908 3.6786 3.4958 1.6372 2.4024 -7.5805 -0.1432
Car -1 -1 -4.4435 1027.0696 168.1323 1088.9706 201.9232 1.4470 1.5172 3.5048 20.2572 1.2445 32.6480 -3.8924 -0.1438
Car -1 -1 -4.7478 1067.8105 164.6645 1108.2305 195.8618 1.5555 1.6152 3.9871 25.1425 1.1469 38.0993 -4.1682 -0.1935
Car -1 -1 -7.6003 1115.9180 165.5724 1170.6746 193.1288 1.5413 1.6257 4.0631 31.2315 1.1337 42.2711 -6.9675 -0.1979
Car -1 -1 -7.8604 733.1697 183.8281 1241.0000 374.0000 1.4864 1.6429 3.9596 1.9241 1.5636 2.9729 -7.3310 -0.3945
Car -1 -1 -6.4767 0.0000 165.5970 33.6105 213.8350 1.5490 1.6785 4.1697 -23.1430 1.3157 25.3422 -7.2116 -0.8126
Car -1 -1 -4.4972 718.2918 170.4353 760.3117 197.5744 1.4714 1.5673 3.9325 7.3970 1.3400 41.2368 -4.3214 -1.0904
Cyclist -1 -1 -8.3572 1212.8740 164.4781 1241.0000 231.4905 1.6552 0.4788 1.6299 16.3227 1.4481 18.6691 -7.6469 -1.5528
Car -1 -1 -7.2243 1213.1550 170.3339 1241.0000 231.6049 1.4838 1.6452 3.9574 18.0030 1.4224 18.6387 -6.4644 -1.9267
Cyclist -1 -1 -6.4991 0.0000 164.3733 37.9488 214.5485 1.7426 0.5860 1.7297 -21.7584 1.4478 25.9220 -7.1925 -1.9765
Car -1 -1 -6.5286 30.5150 177.8553 146.7000 213.5634 1.4888 1.6200 3.9984 -23.5947 1.7294 32.7049 -7.1499 -1.9773
