Car -1 -1 -4.3710 478.2058 179.7612 629.0910 270.9316 1.4513 1.6474 3.9649 -0.9659 1.6048 13.9397 -4.4400 2.4626
Car -1 -1 -8.2468 1016.4466 190.6705 1241.0000 374.0000 1.4139 1.5301 3.4548 5.0620 1.6232 6.6292 -7.6167 2.3949
Car -1 -1 -4.5192 639.9730 172.5809 709.0815 219.9795 1.5365 1.6967 4.0491 2.3220 1.5273 25.5704 -4.4303 2.1676
Car -1 -1 -8.0005 884.1978 175.9661 972.8607 243.8067 1.4917 1.4965 3.2519 7.6935 1.5757 17.7890 -7.5990 1.9507
Car -1 -1 -4.5065 673.5844 171.8748 728.2049 210.9030 1.5571 1.6130 3.6046 3.8854 1.5178 30.7537 -4.3825 1.0374
Car -1 -1 -4.5853 703.4115 172.9428 742.9958 203.1330 1.4957 1.5896 3.7798 5.9343 1.5003 37.7944 -4.4312 0.9221
Car -1 -1 -7.9710 853.7400 172.0031 909.8229 212.2831 1.5285 1.6438 4.1852 11.0214 1.4959 29.6069 -7.6183 0.8439
Car -1 -1 -7.9552 870.9639 175.9075 939.5790 226.8851 1.4639 1.6201 3.6506 9.2431 1.5690 22.9343 -7.5771 0.8352
Car -1 -1 -4.3524 739.0495 169.1715 785.6363 196.5504 1.6013 1.5653 3.7890 9.3389 1.3856 44.2179 -4.1460 0.3443
Car -1 -1 -2.8294 0.0000 170.1722 187.3956 374.0000 1.6291 1.6883 4.0326 -5.0400 1.6186 4.4728 -3.6448 0.2116
Car -1 -1 -4.3335 816.2582 167.8455 860.7813 191.3589 1.6579 1.7386 4.0820 16.7894 1.3044 53.0050 -4.0287 0.0210
Pedestrian -1 -1 -5.2894 911.7127 158.8084 951.0560 216.6059 1.9320 0.7352 1.1208 10.9554 1.4622 24.7317 -4.8773 -0.1041
Pedestrian -1 -1 -7.8786 1148.3044 165.8513 1174.9576 216.6479 1.7251 0.7126 0.6192 19.0295 1.4870 24.9632 -7.2333 -0.8393
Car -1 -1 -8.0165 817.2928 171.1872 877.9686 211.6335 1.5422 1.6681 4.3197 9.6659 1.4784 29.7714 -7.7059 -1.1163
Car -1 -1 -7.9078 967.3831 163.4667 990.2999 180.6761 1.5335 1.6471 4.1639 33.9526 0.6967 66.5306 -7.4378 -1.3821
Pedestrian -1 -1 -2.7911 205.3746 178.6198 216.1396 200.7131 1.8001 0.5908 0.6082 -32.8375 2.2764 59.3038 -3.2951 -1.5729
Car -1 -1 -4.5268 773.1129 172.4225 800.5477 190.4815 1.4876 1.5740 3.9744 15.0930 1.4517 61.5702 -4.2878 -1.6727
Car -1 -1 -6.6439 1136.1699 171.4268 1241.0000 217.6629 1.5168 1.5943 3.8052 20.7518 1.4697 25.0340 -5.9578 -1.7645
Car -1 -1 -4.6112 568.5402 176.6025 590.8668 194.6932 1.4999 1.5645 3.7614 -2.6218 1.8346 62.5451 -4.6533 -1.9207
Pedestrian -1 -1 -7.8561 1024.3955 170.0007 1045.6067 216.2663 1.7251 0.6857 0.6028 16.0506 1.6184 27.3364 -7.3303 -1.9261
Car -1 -1 -7.9792 953.6272 161.2119 985.1028 184.6101 1.7280 1.6535 4.0889 27.5599 0.8679 55.4884 -7.5205 -2.0341
Car -1 -1 -6.8220 844.6929 170.6108 934.0875 203.1482 1.5678 1.6348 3.8587 13.8342 1.4594 35.9068 -6.4574 -2.1078
