Car -1 -1 -8.0745 800.2004 180.2526 1022.4268 332.0693 1.4515 1.5888 4.1457 3.4807 1.5684 9.2658 -7.7267 2.7628
Car -1 -1 -4.2272 212.7887 173.7675 461.3407 326.2905 1.6288 1.5402 3.5755 -3.4079 1.6431 9.6119 -4.5602 2.4939
Car -1 -1 -4.3574 580.9721 169.7681 685.2556 234.3809 1.6397 1.6601 4.0257 0.7185 1.5611 20.4875 -4.3236 1.7460
Car -1 -1 -8.4678 927.7888 183.2958 1241.0000 374.0000 1.5060 1.5282 3.6807 3.2018 1.5896 3.9383 -7.8221 1.2458
Car -1 -1 -4.5041 663.6691 169.7334 713.8580 203.3693 1.5031 1.6034 3.9292 3.7658 1.3633 34.3597 -4.3963 1.2220
Car -1 -1 -7.8638 796.8238 177.2479 888.1557 260.7368 1.4369 1.5475 3.6054 4.5825 1.5372 14.5715 -7.5657 0.7628
Car -1 -1 -7.8769 811.4479 170.7389 886.3027 235.4309 1.5134 1.6866 3.7044 6.1243 1.4637 18.8947 -7.5686 0.0735
Car -1 -1 -4.4641 631.3602 171.5126 692.1715 210.7941 1.4896 1.5864 3.8234 2.1329 1.4384 29.4252 -4.3930 -0.0009
Car -1 -1 -4.8432 701.9054 167.9384 735.3167 193.0986 1.5060 1.5774 3.7343 6.7060 1.2115 45.0690 -4.6968 -0.0950
Car -1 -1 -8.4610 1028.7003 143.4516 1146.6281 200.0074 1.8041 1.6265 3.5463 16.2389 0.8659 24.8162 -7.8871 -0.2532
Car -1 -1 -8.2958 937.3123 145.9844 1044.1414 201.6950 1.8450 1.7398 4.2093 13.5299 0.9549 26.0282 -7.8213 -0.3566
Car -1 -1 -7.4641 175.5731 187.7561 218.1303 206.7672 1.4741 1.6672 4.2267 -35.2321 2.7915 61.6012 -7.9821 -0.5461
Car -1 -1 -4.6433 249.4537 183.2810 271.4673 201.8984 1.6118 1.5747 3.7652 -32.3473 2.6062 66.7932 -5.0930 -1.1000
Car -1 -1 -4.1123 922.9818 156.4811 993.7775 187.8363 1.5145 1.5491 3.4431 17.5369 0.7234 36.3843 -3.6664 -1.2341
Pedestrian -1 -1 -7.9108 890.1238 167.3595 910.4597 215.3579 1.6127 0.6063 0.6078 9.8553 1.4278 24.6264 -7.5347 -1.2596
Car -1 -1 -7.8075 721.0504 163.8371 748.2263 188.2522 1.6315 1.6849 4.2388 8.7219 1.0287 50.4673 -7.6376 -1.4447
Car -1 -1 -5.3057 904.6133 154.1500 976.5869 186.6346 1.7230 1.6610 4.0640 18.3867 0.7306 40.4138 -4.8816 -1.5647
Car -1 -1 -3.8590 0.0000 117.9131 101.1214 374.0000 1.6934 1.6846 4.1081 -4.2795 1.6327 2.9065 -4.7902 -1.7876
Car -1 -1 -4.8888 571.8566 176.4441 595.6741 192.8611 1.5033 1.5777 4.1258 -2.5667 1.8582 69.2074 -4.9261 -1.8465
Car -1 -1 -7.2688 876.7140 163.8939 958.1884 198.0213 1.5018 1.5855 3.9246 14.2558 1.1072 33.4976 -6.8699 -1.8572
Car -1 -1 -8.5041 714.6855 166.7049 764.7730 188.1387 1.5859 1.6689 4.0667 9.9149 1.1306 55.5779 -8.3287 -1.9225
Pedestrian -1 -1 -2.7215 0.0000 156.1853 90.6596 374.0000 1.7615 0.6400 0.5583 -3.7884 1.6652 4.5354 -3.3892 -1.9513
Pedestrian -1 -1 -3.7618 909.7692 150.9979 939.9698 202.9594 1.8664 0.5520 0.8446 11.4168 1.0811 26.2764 -3.3562 -2.0177
Car -1 -1 -7.6406 792.4056 157.1263 821.4960 176.2703 1.6354 1.6687 4.0485 17.4249 0.2915 63.8176 -7.3753 -2.0477
Car -1 -1 -4.6154 44.7504 190.9340 78.8328 213.4773 1.5237 1.6552 4.0268 -41.2823 2.9394 54.3633 -5.2627 -2.0862
Car -1 -1 -4.6646 89.0744 189.8507 116.8241 210.5208 1.5221 1.6533 4.0459 -41.3224 2.9582 58.8237 -5.2750 -2.1849
