Car -1 -1 -4.3657 441.8878 180.9372 600.7841 276.8819 1.4359 1.6201 3.9487 -1.4933 1.6078 13.2626 -4.4767 2.4568
Car -1 -1 -8.0230 860.6283 174.6118 955.4891 243.3782 1.4851 1.5355 3.3413 7.0461 1.5317 17.4672 -7.6461 2.4510
Car -1 -1 -4.5070 612.8086 173.3277 683.0209 221.0412 1.5087 1.6634 3.9190 1.3467 1.5262 24.9644 -4.4544 2.0241
Car -1 -1 -8.3043 1008.9413 189.3343 1241.0000 374.0000 1.4308 1.5388 3.4531 4.8164 1.6139 6.1893 -7.6667 1.7744
Car -1 -1 -4.5308 648.9966 172.5753 700.7208 211.1719 1.5098 1.5499 3.4947 2.7162 1.4986 30.1154 -4.4423 1.3274
Car -1 -1 -7.9436 847.9460 175.4185 913.9922 225.3544 1.4186 1.5837 3.6629 8.3765 1.5059 22.6742 -7.5945 0.8721
Car -1 -1 -4.5369 677.1384 172.8983 719.8757 203.3799 1.4903 1.5780 3.6889 4.5788 1.4924 37.2784 -4.4162 0.7725
Car -1 -1 -7.9449 831.3583 171.6605 883.4310 211.7327 1.5076 1.6111 4.0125 9.9192 1.4624 29.2839 -7.6218 0.7717
Car -1 -1 -4.4501 711.8364 170.0802 753.1602 196.3002 1.5223 1.5580 3.7878 7.4640 1.3609 43.9367 -4.2833 0.4271
Pedestrian -1 -1 -5.1693 889.4341 156.2139 927.7082 215.0141 1.9303 0.7682 1.1224 9.9828 1.3837 24.2734 -4.7839 0.3663
Car -1 -1 -4.3384 790.4240 169.5920 832.7348 191.1641 1.5169 1.6612 3.9503 14.7573 1.2873 52.8163 -4.0677 0.0519
Car -1 -1 -2.3807 0.0000 192.9301 93.8443 374.0000 1.5185 1.6599 4.0731 -5.4045 1.6538 3.6988 -3.3173 -0.8668
Car -1 -1 -7.8193 831.2422 172.6722 867.3229 203.6892 1.4716 1.6058 3.6456 12.0075 1.4626 36.2203 -7.5020 -0.9355
Car -1 -1 -7.9278 798.0758 171.4638 846.9794 211.8790 1.5314 1.5931 4.0563 8.5686 1.4784 29.4879 -7.6482 -1.1872
Pedestrian -1 -1 -7.8499 1119.2526 168.3515 1143.9547 219.6713 1.7477 0.6871 0.6061 18.0339 1.5940 25.0179 -7.2314 -1.2134
Pedestrian -1 -1 -7.5594 887.3222 164.7938 901.1733 191.9316 1.7832 0.6688 0.7486 18.8426 1.2532 47.9116 -7.1870 -1.4012
Pedestrian -1 -1 -5.7937 343.8210 169.0123 366.0617 207.8663 1.7913 0.5418 0.8177 -11.9139 1.6139 33.5945 -6.1323 -1.8128
Car -1 -1 -4.3425 745.1652 171.0392 782.5268 189.4363 1.5068 1.6637 4.3193 13.0936 1.3579 61.3607 -4.1335 -1.8952
Car -1 -1 -4.7756 381.2308 177.0316 414.7858 204.9672 1.4861 1.5876 3.9302 -12.1597 1.7363 41.1361 -5.0616 -1.9480
Car -1 -1 -7.3250 880.1115 162.7704 938.0736 188.6844 1.7067 1.6941 4.4004 20.5246 1.0423 49.5272 -6.9345 -1.9596
Pedestrian -1 -1 -6.0311 153.2264 175.5308 162.5138 198.8516 1.8587 0.6974 0.4732 -36.3699 2.0750 58.0028 -6.5893 -2.1734
