Car -1 -1 -8.1029 755.0239 172.4404 960.6075 313.7896 1.5603 1.6229 3.9660 3.0845 1.5555 9.9799 -7.8125 2.6045
Car -1 -1 -4.3931 368.5352 176.1247 509.3915 266.6381 1.5558 1.5978 3.8626 -3.3216 1.6305 14.5469 -4.6144 2.1146
Car -1 -1 -4.5875 522.4330 175.5562 574.0757 214.1168 1.5364 1.7030 4.3023 -2.6407 1.6613 31.2390 -4.6717 1.8113
Car -1 -1 -4.2471 984.3107 155.1258 1150.2667 238.7920 1.5176 1.5367 3.3217 9.2327 1.1958 14.6127 -3.6930 1.7620
Car -1 -1 -7.9926 720.6008 179.1558 819.0840 252.3019 1.3700 1.5489 3.6466 3.2991 1.5232 15.7056 -7.7902 1.7197
Car -1 -1 -4.1247 922.4542 158.3970 1070.8403 227.3047 1.5115 1.5404 3.3809 9.2402 1.1941 17.3139 -3.6418 1.5084
Car -1 -1 -4.4130 1072.2458 146.6527 1241.0000 260.3545 1.5562 1.5496 3.3466 8.8864 1.1973 11.4834 -3.7670 1.4172
Car -1 -1 -3.3530 771.2677 159.4982 873.8679 202.0498 1.6568 1.6158 3.6962 8.4406 1.1365 29.0264 -3.0731 1.3122
Car -1 -1 -3.9589 0.0000 197.7965 268.1356 374.0000 1.4571 1.5789 3.9099 -3.6230 1.6568 3.8109 -4.6848 1.1688
Car -1 -1 -4.5860 495.7596 171.0697 561.0604 225.3313 1.7589 1.7555 4.3818 -2.8422 1.7008 25.5939 -4.6961 0.8819
Car -1 -1 -4.0794 844.9983 163.3477 957.4354 215.1786 1.5596 1.5937 3.5454 9.3880 1.2732 23.3277 -3.7015 0.8643
Car -1 -1 -4.1118 878.7532 160.1892 1024.3584 220.2737 1.5578 1.6769 4.1974 9.6886 1.2291 20.4979 -3.6762 0.8249
Car -1 -1 -4.0879 823.9359 168.0341 926.3940 210.9720 1.4562 1.5668 3.8148 9.6097 1.2924 26.1919 -3.7403 0.4172
Car -1 -1 -6.2505 615.5865 173.5158 672.9833 194.9627 1.5638 1.6948 4.2004 2.5414 1.6136 53.6829 -6.2038 -0.4229
Car -1 -1 -3.1430 682.9250 175.9567 739.8129 195.2029 1.5069 1.6713 4.4626 8.1051 1.7608 57.9897 -3.0052 -0.8314
Car -1 -1 -3.2996 757.8580 161.1884 866.6841 198.5404 1.5752 1.6492 4.3603 8.7039 1.0830 31.4858 -3.0326 -1.3884
Car -1 -1 -3.1127 581.9586 173.8114 651.4083 201.0119 1.5018 1.6165 3.8485 0.3591 1.5567 40.7781 -3.1044 -1.9318
Car -1 -1 -4.2885 653.9097 172.1567 709.4287 200.2387 1.5518 1.6378 4.2189 4.2006 1.5129 42.1074 -4.1902 -1.9859
