Car -1 -1 -4.3170 728.5828 180.0405 768.6739 203.4958 1.7026 1.6136 4.0568 10.7316 2.2796 55.8219 -4.1285 -1.2765
Car -1 -1 -4.5229 225.6893 189.6954 272.6344 220.3322 1.5056 1.6138 3.8384 -19.8723 2.4824 39.7955 -4.9837 -1.6945
Car -1 -1 -5.0148 905.7584 183.1645 952.6361 208.5227 1.5217 1.6538 4.0352 20.7343 2.2244 47.0987 -4.6029 -1.6975
Car -1 -1 -4.4864 348.9029 188.1534 391.6742 215.1398 1.4847 1.6150 4.0402 -14.6406 2.4648 44.1488 -4.8052 -1.7228
Car -1 -1 -4.8852 452.1462 179.5594 483.4238 203.3945 1.6059 1.5827 3.7170 -10.2658 2.1055 51.7696 -5.0803 -1.9010
Car -1 -1 -3.3029 696.5643 181.2605 746.5040 201.7014 1.6588 1.6409 3.8938 9.2346 2.3683 60.0848 -3.1516 -1.9044
Car -1 -1 -4.5454 228.2494 178.9783 257.6978 198.2681 1.5636 1.6041 4.0319 -31.5297 2.1081 62.0234 -5.0142 -2.0058
Car -1 -1 -4.2751 271.6717 186.3954 330.7319 216.6952 1.5257 1.5686 3.7228 -17.0422 2.3098 39.9077 -4.6767 -2.0343
Pedestrian -1 -1 -6.3093 1144.0526 170.7661 1162.2284 202.9217 1.7728 0.5863 0.7920 30.2525 1.6574 40.2468 -5.6686 -2.1551
Car -1 -1 -6.2863 764.9835 181.7206 811.0619 201.5623 1.4677 1.5811 3.3980 13.6671 2.1647 55.5799 -6.0469 -2.1765
