Car -1 -1 -4.3164 332.1147 178.6380 563.3447 326.4675 1.6187 1.6852 4.0593 -2.0640 1.7177 10.2263 -4.5117 2.3584
Car -1 -1 -8.1310 792.2619 179.2091 1010.7238 331.3432 1.5732 1.5900 3.6859 3.4992 1.6733 9.5094 -7.7896 2.3205
Car -1 -1 -8.1923 853.4334 191.5787 1241.0000 374.0000 1.4814 1.5277 3.5582 2.7529 1.6585 4.9658 -7.7123 1.7802
Car -1 -1 -4.5094 525.0276 179.3867 595.3619 229.5433 1.5255 1.6014 4.0781 -1.6540 1.7675 24.6286 -4.5765 1.7142
Car -1 -1 -4.1242 858.8896 170.3598 945.2381 210.6656 1.5234 1.5718 3.4375 11.6704 1.4288 28.8931 -3.7443 1.5795
Car -1 -1 -7.9426 720.6018 176.4810 768.6509 215.4418 1.5166 1.6334 3.8807 5.5741 1.6795 30.4664 -7.7639 1.5341
Car -1 -1 -4.5674 581.8641 176.0465 623.9255 209.8836 1.5577 1.5486 3.7569 -0.3393 1.7234 35.5522 -4.5774 1.3962
Car -1 -1 -4.5416 482.0301 184.3308 564.2643 246.3427 1.4299 1.5473 3.8252 -2.2686 1.7678 19.3119 -4.6578 0.6329
Car -1 -1 -4.0332 832.0870 170.7341 913.2050 206.9815 1.5173 1.5543 3.4275 11.5300 1.4282 31.7574 -3.6883 0.4846
Car -1 -1 -4.0885 826.5956 171.8186 898.5956 204.9227 1.5204 1.5549 3.4577 12.1491 1.4725 34.7694 -3.7553 0.3695
Car -1 -1 -6.7592 813.6365 175.7532 897.9119 203.5068 1.3797 1.5258 3.8337 12.5816 1.5328 37.1322 -6.4354 -0.1083
Car -1 -1 -3.1818 766.7135 167.1638 824.0338 191.0815 1.5889 1.5943 3.7106 12.5352 1.2106 49.0966 -2.9335 -0.7392
Car -1 -1 -7.4835 761.5710 166.8116 804.4847 189.5933 1.6008 1.6957 4.0955 12.6835 1.1759 52.8665 -7.2496 -1.1256
Car -1 -1 -4.5822 594.5938 169.4032 635.2355 204.7666 1.9078 1.7633 4.4512 0.3027 1.7213 41.2500 -4.5755 -1.1943
Cyclist -1 -1 -7.6667 622.0280 172.1943 633.6133 205.4480 1.8041 0.3444 1.6475 0.9561 1.7681 39.9879 -7.6435 -1.3734
Car -1 -1 -8.0820 807.0402 161.7187 844.8242 192.1241 2.1193 1.7172 4.1691 15.6031 1.3429 52.4250 -7.7946 -1.7179
Car -1 -1 -4.5971 800.4202 172.8620 834.9012 198.5076 1.4886 1.6062 3.7459 12.6392 1.4888 43.9209 -4.3191 -1.8061
Car -1 -1 -8.8222 1137.2638 140.7992 1241.0000 231.5245 1.8831 1.7446 4.1446 15.1892 1.2174 17.2009 -8.1075 -1.8147
Car -1 -1 -4.9127 714.7260 178.3042 762.0484 209.1657 1.4128 1.5548 3.8162 6.2398 1.6963 35.6419 -4.7413 -1.9261
Car -1 -1 -4.6890 678.6734 174.6788 699.1224 193.1736 1.4934 1.6237 4.1140 6.6542 1.6524 60.8322 -4.5809 -2.1758
