Car -1 -1 -8.0006 691.7876 177.0142 792.1855 255.0844 1.5453 1.6396 3.9452 2.8245 1.6515 16.4820 -7.8348 2.4103
Car -1 -1 -4.2918 175.3361 186.1896 440.9538 333.9441 1.5110 1.6591 4.3089 -3.8433 1.7357 9.9768 -4.6515 2.1215
Car -1 -1 -4.3213 963.5900 163.8121 1109.3041 243.1195 1.5131 1.5400 3.3504 9.0889 1.3403 15.3973 -3.7968 2.0376
Car -1 -1 -4.4550 439.5001 177.1364 526.2167 237.1199 1.5535 1.5690 3.7012 -3.6206 1.6884 20.8720 -4.6253 1.7261
Car -1 -1 -4.0488 825.3741 167.0413 937.7501 214.8492 1.4813 1.5604 3.6991 9.0056 1.3009 23.9907 -3.6941 1.3560
Car -1 -1 -4.0616 857.0379 167.5900 974.9705 221.6472 1.4713 1.5047 3.2879 8.9193 1.3277 21.1137 -3.6674 1.3384
Car -1 -1 -4.0564 0.0000 200.9686 256.4576 374.0000 1.4563 1.5560 3.7713 -3.9327 1.7068 4.5291 -4.7429 1.3215
Car -1 -1 -4.2506 891.9899 163.8713 1016.0593 230.9436 1.5337 1.5329 3.2695 8.6223 1.3280 18.1159 -3.8131 1.3142
Car -1 -1 -7.9136 681.8228 181.4661 742.3575 232.3127 1.3877 1.5949 3.9214 3.0347 1.6787 22.3881 -7.7813 1.1599
Car -1 -1 -3.3289 731.2802 165.6998 812.9734 202.1098 1.7533 1.6436 3.6881 7.9139 1.4085 35.6208 -3.1125 0.8069
Car -1 -1 -4.5209 1109.2025 149.9281 1241.0000 248.2670 1.6615 1.6652 3.8800 11.2602 1.2738 14.0920 -3.8572 0.7263
Car -1 -1 -3.9955 784.7837 170.6289 876.8154 207.9438 1.4631 1.5613 3.7808 9.1452 1.3755 29.9568 -3.7023 0.7036
Car -1 -1 -4.5717 511.3124 174.2965 560.3237 216.2181 1.7361 1.6244 3.9513 -3.2691 1.8038 32.0243 -4.6731 0.5297
Car -1 -1 -4.6216 529.6382 177.1160 567.4899 209.5417 1.5685 1.6083 3.8840 -3.1697 1.8004 37.3611 -4.7062 -0.0027
Car -1 -1 -4.0320 770.8774 173.2218 849.4997 205.6091 1.3923 1.4992 3.6194 9.0606 1.4096 32.7214 -3.7646 -0.1459
Car -1 -1 -4.1208 804.0341 167.0577 908.2357 211.6645 1.5556 1.6703 4.1734 9.2413 1.3532 27.0957 -3.7959 -0.4260
Car -1 -1 -6.2431 1088.4603 162.9610 1241.0000 213.3173 1.5052 1.6260 4.1786 18.1485 1.2092 23.5259 -5.5923 -0.6069
Car -1 -1 -7.6508 442.7523 183.1589 471.7525 202.9091 1.5606 1.6458 3.8974 -12.8999 2.4594 61.0030 -7.8587 -1.0989
Car -1 -1 -3.2908 724.1406 168.8329 802.7512 200.2199 1.6215 1.6369 3.8652 8.0350 1.4135 38.2022 -3.0855 -1.4911
Car -1 -1 -4.4440 633.9344 173.9498 674.5745 199.3280 1.5973 1.6302 4.2377 2.9526 1.6732 47.8781 -4.3833 -1.6025
Pedestrian -1 -1 -5.1589 388.4443 179.5896 401.4373 204.3969 1.7893 0.7445 0.5532 -15.7504 2.2856 52.7443 -5.4481 -1.7596
Car -1 -1 -4.6358 702.7111 174.0787 723.5465 190.9151 1.4812 1.5879 4.0067 9.4253 1.5964 65.9167 -4.4947 -1.9504
Car -1 -1 -6.3683 509.0666 176.4128 576.4268 202.4256 1.5611 1.6365 4.0364 -4.2300 1.7875 44.7855 -6.4624 -2.1019
