Car -1 -1 -4.2400 201.1450 197.0792 289.6301 236.2786 1.3844 1.6793 3.8600 -14.9930 2.4502 29.8161 -4.7027 2.1665
Car -1 -1 -4.3491 329.2457 185.9126 378.7788 210.9903 1.5220 1.6805 4.3557 -17.0862 2.4352 48.2765 -4.6879 0.2740
Car -1 -1 -4.4922 529.6868 180.0124 565.2630 203.1835 1.5396 1.6853 4.0246 -4.4341 2.0696 51.3496 -4.5783 -0.5941
Car -1 -1 -4.7769 664.8771 174.8913 696.7391 203.0723 1.6020 1.6276 4.1954 4.1812 1.7304 43.4467 -4.6821 -1.1142
Car -1 -1 -5.3280 1068.7903 177.5264 1150.9568 209.9718 1.7227 1.6779 4.2533 28.2932 2.0022 41.0668 -4.7286 -1.2886
Pedestrian -1 -1 -7.3227 1190.4680 160.4942 1216.9216 199.8498 1.9176 0.7387 0.7363 29.2736 1.3151 35.6312 -6.6392 -1.4978
Cyclist -1 -1 -7.8722 0.0000 197.6928 11.0950 236.8051 1.6584 0.3642 1.6416 -27.0887 2.7946 32.2734 -8.5666 -1.6877
Car -1 -1 -4.4276 596.3582 177.7861 642.9778 206.5854 1.5362 1.6258 3.9656 0.5707 1.8331 41.3519 -4.4145 -1.6989
Car -1 -1 -4.6479 549.7821 181.6686 570.0297 200.3715 1.5217 1.5205 3.4609 -4.3095 2.3009 62.0734 -4.7174 -1.7753
Pedestrian -1 -1 -3.7495 107.2725 181.8790 143.1472 231.3389 2.0116 0.6520 1.0641 -20.3153 2.3966 30.1851 -4.3380 -1.9375
Car -1 -1 -4.1202 0.0000 190.5400 52.9765 222.7136 1.5295 1.6611 4.1162 -32.2373 2.5317 38.7714 -4.8106 -1.9518
Car -1 -1 -4.3704 77.9040 182.3873 135.0587 211.2286 1.5840 1.6135 3.7724 -29.9644 2.1787 43.0025 -4.9763 -2.0308
Car -1 -1 -2.1117 289.2995 187.0777 351.4225 213.4682 1.5717 1.7088 4.4800 -19.0080 2.5418 47.1968 -2.4930 -2.0589
Pedestrian -1 -1 -7.4812 0.0000 191.8530 16.4229 235.4615 1.8372 0.7429 0.5772 -26.2353 2.6669 31.1306 -8.1774 -2.0676
