Car -1 -1 -4.1831 176.8592 192.0948 273.9394 233.5149 1.6054 1.8144 4.4804 -17.1443 2.5288 32.3616 -4.6672 2.2748
Car -1 -1 -6.4726 583.4324 182.7408 651.8035 209.4122 1.4330 1.5362 3.6252 0.3715 2.0046 40.6514 -6.4641 -0.0280
Car -1 -1 -4.5654 435.4627 184.9497 463.8144 205.3212 1.4785 1.6019 4.0950 -12.6456 2.4683 56.9605 -4.7833 -1.2372
Car -1 -1 -3.5265 666.1171 181.1880 741.6163 212.5703 1.4863 1.5519 3.3992 4.6249 1.9153 35.9865 -3.4003 -1.4086
Cyclist -1 -1 -4.9806 817.8679 177.3466 833.4163 206.5910 1.6722 0.4537 1.6248 12.6047 1.9406 42.3262 -4.6936 -1.4947
Car -1 -1 -5.2011 701.5627 174.6399 760.4490 205.3752 1.5262 1.5521 3.5693 6.2741 1.6248 37.9946 -5.0392 -1.6607
Car -1 -1 -5.4085 0.0000 185.0364 71.5893 215.3720 1.5781 1.5831 3.4488 -31.7246 2.2647 39.5580 -6.0813 -1.8488
Cyclist -1 -1 -7.3038 133.4007 184.8105 161.2389 215.8833 1.6970 0.4378 1.8309 -26.3311 2.3919 41.0325 -7.8716 -1.8504
Car -1 -1 -4.8387 659.3041 180.4652 690.0999 204.2407 1.4759 1.5677 3.7274 4.2228 2.0007 47.8946 -4.7519 -1.8550
Car -1 -1 -5.7734 1144.0250 183.1945 1241.0000 218.2905 1.5133 1.6025 3.8715 28.0248 2.0367 34.4420 -5.0951 -1.9484
Cyclist -1 -1 -3.9404 158.9106 191.5234 189.9925 221.6435 1.7384 0.5817 1.7093 -26.3719 2.8910 43.6567 -4.4814 -2.1916
