Car -1 -1 -4.0982 16.1743 195.6778 161.9498 259.5875 1.8177 1.7427 4.3935 -17.3622 2.6553 24.2900 -4.7139 1.9968
Car -1 -1 -7.5825 509.1295 183.1190 553.3105 212.4082 1.5397 1.6001 3.5994 -4.4820 2.1523 41.1724 -7.6908 -0.7748
Car -1 -1 -4.8902 657.6099 177.0524 691.4739 201.7970 1.5771 1.6153 3.7998 4.2740 1.8712 48.6210 -4.8035 -1.2793
Car -1 -1 -6.4586 585.1006 182.4946 662.4023 210.5392 1.5062 1.6503 4.1298 0.7118 2.0646 40.6773 -6.4419 -1.4110
Car -1 -1 -7.7899 0.0000 176.0774 41.9466 206.1968 1.6537 1.7263 4.3296 -34.6200 1.8528 42.3652 -8.4721 -1.6937
Car -1 -1 -3.7637 686.7982 173.9467 752.1910 199.3208 1.5547 1.6435 3.8925 6.9488 1.6265 45.9688 -3.6150 -1.8045
Car -1 -1 -4.5929 533.8766 181.5338 563.0043 204.3628 1.5961 1.6850 4.2958 -4.6170 2.2749 54.2764 -4.6779 -1.8127
Car -1 -1 -4.0389 501.3071 184.0680 546.0615 204.7511 1.4751 1.5624 3.5172 -6.6262 2.3660 55.4344 -4.1577 -2.0675
Cyclist -1 -1 -7.7801 833.5016 178.5290 843.5657 209.9943 1.6408 0.3998 1.6736 12.2507 1.9522 38.7844 -7.4769 -2.0687
Car -1 -1 -4.5724 632.4986 176.7881 665.9904 203.1115 1.6761 1.7015 4.1756 2.6666 1.9541 48.8174 -4.5187 -2.0773
Car -1 -1 -4.6292 15.8629 178.5760 55.2634 205.2106 1.6204 1.6533 4.2583 -37.4585 2.0111 47.0854 -5.2986 -2.1702
Car -1 -1 -4.7876 537.8048 181.0483 564.8600 205.0068 1.5719 1.5972 4.0171 -4.2038 2.1735 50.8901 -4.8701 -2.1720
