Car -1 -1 -4.2525 207.1622 194.1153 284.4779 230.7243 1.5098 1.7039 3.8504 -17.0603 2.5659 33.9236 -4.7157 2.3944
Pedestrian -1 -1 -7.8706 946.7002 172.7068 961.9598 208.3182 1.7925 0.6872 0.6703 17.5003 1.7847 36.7646 -7.4299 -0.9272
Car -1 -1 -5.4921 1062.1362 183.0586 1145.1396 211.0412 1.4760 1.6023 3.9944 28.3942 2.0954 41.7092 -4.8982 -1.1270
Car -1 -1 -2.8328 538.3177 180.8524 605.2270 206.7393 1.5480 1.6233 3.8771 -2.4161 2.0630 45.2092 -2.8864 -1.2967
Car -1 -1 -4.1824 215.0825 178.7202 258.8047 198.3429 1.6506 1.6364 4.0120 -33.0359 2.1870 63.9656 -4.6576 -1.3020
Car -1 -1 -5.2626 1035.8967 193.4933 1095.6887 218.0196 1.4356 1.5964 3.6972 29.7136 2.8389 47.2122 -4.7043 -1.4138
Car -1 -1 -4.2933 67.3725 180.3971 119.9156 203.7470 1.5874 1.6409 3.9412 -37.5243 2.1578 52.4996 -4.9116 -1.4439
Car -1 -1 -4.1539 616.4315 179.4828 674.1628 206.1875 1.5673 1.6583 4.2372 2.2500 2.0068 45.6588 -4.1055 -1.6737
Car -1 -1 -4.5910 756.8692 173.3992 787.0813 198.8253 1.7810 1.6772 4.1589 11.8756 1.8224 52.8776 -4.3717 -1.6953
Pedestrian -1 -1 -5.1327 0.0000 176.3323 26.1018 233.1256 1.8432 0.6225 0.8573 -20.0181 1.9606 23.9440 -5.8236 -2.0171
Car -1 -1 -5.2541 1189.8715 159.8635 1241.0000 205.4577 1.5404 1.5668 3.5815 23.0612 1.1012 26.2755 -4.5394 -2.0332
Car -1 -1 -4.5627 190.8899 189.2106 226.9527 214.6724 1.5554 1.5848 3.7152 -27.0449 2.7045 48.6859 -5.0677 -2.0444
Car -1 -1 -4.8393 663.1365 178.2999 696.9097 204.8969 1.5139 1.5586 3.8008 4.1698 1.8586 43.7838 -4.7455 -2.1316
Car -1 -1 -5.2561 1063.3091 165.8041 1149.8264 201.0809 1.5829 1.6251 3.8281 23.4675 1.2663 34.3294 -4.6607 -2.1926
