Car -1 -1 -4.1782 136.9878 192.7383 242.3457 237.7375 1.5958 1.7660 4.3432 -17.1877 2.4741 29.6993 -4.6993 2.4363
Car -1 -1 -2.9429 670.2662 179.9741 748.6005 209.6730 1.4425 1.5582 3.7523 5.0718 1.8210 37.0422 -2.8085 -0.3729
Cyclist -1 -1 -8.3582 1111.9893 179.2567 1143.1942 215.0086 1.6902 0.4530 1.7310 25.2729 2.0112 35.3144 -7.7415 -1.0313
Pedestrian -1 -1 -8.2480 799.4019 171.5985 816.2717 201.8975 1.7276 0.7568 0.6139 11.3375 1.6557 41.4945 -7.9835 -1.4619
Car -1 -1 -4.5440 266.7076 189.3173 305.6407 216.2304 1.5352 1.6108 3.9634 -20.5638 2.6299 45.8708 -4.9636 -1.7208
Car -1 -1 -4.6131 541.1450 181.6142 567.3651 202.3724 1.4727 1.5950 4.1211 -4.2425 2.1657 55.0230 -4.6901 -1.8564
Cyclist -1 -1 -5.2799 75.0033 182.4682 106.8003 217.0663 1.8005 0.6087 1.6089 -27.7043 2.3203 38.4541 -5.9011 -1.9181
Car -1 -1 -4.0678 89.3109 195.3823 202.4498 238.1953 1.4932 1.7096 4.2009 -18.9267 2.4847 29.6025 -4.6328 -1.9491
Car -1 -1 -6.5685 1157.9264 184.7273 1241.0000 219.3174 1.4531 1.5892 3.4041 27.0818 2.0133 32.6667 -5.8812 -2.0389
Pedestrian -1 -1 -5.7283 1133.9285 177.5105 1157.1060 216.1407 1.7912 0.6205 0.6474 25.1694 2.0128 33.9721 -5.0953 -2.1504
