Car -1 -1 -4.2282 169.1915 197.2633 256.4775 236.7672 1.4659 1.6991 3.8198 -17.0298 2.5817 31.0711 -4.7263 2.1414
Pedestrian -1 -1 -7.9466 958.3202 174.2120 974.1000 211.0496 1.7858 0.6328 0.6639 17.4471 1.8530 35.4323 -7.4928 -0.7826
Car -1 -1 -4.7753 668.0245 182.8301 700.9851 210.4949 1.4632 1.6285 4.0228 4.2199 2.0673 41.6740 -4.6757 -1.0772
Car -1 -1 -7.4870 171.6338 180.5712 221.5154 206.4415 1.5872 1.5981 3.7536 -27.1370 2.1153 47.4225 -8.0045 -1.4115
Car -1 -1 -4.8942 672.1674 182.8583 716.8075 215.7436 1.4933 1.5630 3.5447 4.0863 2.0132 35.6951 -4.7818 -1.5336
Car -1 -1 -4.6713 260.3199 180.5336 282.2420 199.5681 1.6201 1.6296 4.0278 -30.6622 2.3384 65.3394 -5.1088 -1.6834
Car -1 -1 -4.2690 623.9247 182.5649 674.8082 209.6497 1.4647 1.5848 3.6325 2.3206 2.0618 42.4101 -4.2153 -1.7953
Car -1 -1 -4.7623 608.5260 182.7651 636.1050 206.4251 1.4497 1.6238 3.9825 0.7475 2.1353 47.9185 -4.7474 -1.8349
Car -1 -1 -4.8301 1154.2668 181.0420 1203.0746 211.5946 1.5036 1.5887 3.8652 30.3778 1.9657 38.6813 -4.1685 -2.0322
Car -1 -1 -3.0991 965.2636 161.9764 1069.0078 200.7780 1.5811 1.6331 3.8078 17.4633 1.1376 31.0928 -2.5916 -2.1873
