Car -1 -1 -4.7620 521.1351 182.9422 549.3477 209.2029 1.5103 1.5600 3.6605 -4.7205 2.1648 44.9066 -4.8666 -1.0938
Pedestrian -1 -1 -8.2889 1013.2443 163.0429 1043.9465 223.2459 1.7971 0.6056 0.5999 12.6276 1.5039 21.8623 -7.7714 -1.3395
Cyclist -1 -1 -6.9064 931.9497 167.7962 989.3330 222.8863 1.7915 0.5008 1.7477 11.5466 1.6267 23.8656 -6.4612 -1.5118
Car -1 -1 -2.5319 616.6298 182.1254 697.5481 211.6790 1.5036 1.6688 4.2815 2.5307 2.0420 39.9406 -2.4697 -1.7370
Car -1 -1 -5.0951 1043.3661 178.9569 1138.4720 224.0615 1.4947 1.5755 3.7715 17.4553 1.7351 26.4558 -4.5174 -1.9200
Car -1 -1 -5.2028 623.2830 181.3511 665.9050 202.4554 1.5653 1.6297 4.1370 2.6859 2.2684 57.5186 -5.1569 -1.9297
Car -1 -1 -3.5140 91.1239 194.7029 190.9076 227.1268 1.4928 1.6225 4.1312 -24.8283 2.7164 38.2664 -4.0866 -1.9512
Car -1 -1 -4.6197 533.6132 184.9476 561.4105 207.4380 1.5212 1.6588 4.2494 -4.5984 2.4487 53.2253 -4.7060 -1.9904
Car -1 -1 -4.2196 280.7338 187.9659 330.7377 211.6645 1.4978 1.5817 3.8083 -21.0903 2.5879 50.0885 -4.6166 -1.9970
Pedestrian -1 -1 -8.3670 929.4380 164.5506 958.8727 218.0847 1.8224 0.6438 0.7341 11.5035 1.5394 24.9555 -7.9400 -2.0112
Cyclist -1 -1 -7.5256 132.6302 193.6175 151.5118 222.9827 1.6171 0.4135 1.6220 -27.1046 2.8425 41.7551 -8.0987 -2.0678
Car -1 -1 -7.4988 668.0908 181.7937 725.3255 215.6629 1.5110 1.6255 3.6070 4.2395 1.9715 35.2093 -7.3806 -2.1049
