Cyclist -1 -1 -8.2808 1063.4919 163.5931 1124.8402 253.2387 1.6116 0.3271 1.5825 9.1577 1.4449 13.7786 -7.7045 -0.8404
Car -1 -1 -2.7526 716.3712 173.0250 789.2479 199.1403 1.5390 1.6645 4.0669 8.7229 1.5496 44.3565 -2.5601 -1.2421
Car -1 -1 -2.9438 687.5110 176.8154 750.8566 201.3232 1.5131 1.6038 3.7878 6.9918 1.7752 46.3963 -2.7956 -1.2883
Car -1 -1 -4.4582 552.7161 182.9367 582.1880 203.0021 1.5327 1.5552 3.5798 -3.4688 2.3826 58.9364 -4.5172 -1.3045
Car -1 -1 -4.7737 672.7067 174.7743 704.9235 205.3676 1.6729 1.5982 3.9384 4.4745 1.7889 41.7088 -4.6681 -1.6631
Car -1 -1 -5.9512 618.7703 180.3324 676.5009 201.9158 1.5152 1.6434 3.9290 2.7457 2.0817 53.1864 -5.9004 -1.8947
Pedestrian -1 -1 -4.5575 655.2035 180.4854 671.3508 226.2719 1.5660 0.4828 0.5525 1.8096 1.8347 25.1086 -4.4872 -1.9483
Pedestrian -1 -1 -4.4661 860.6721 161.9300 879.9782 206.7274 1.8688 0.6263 0.6727 10.9812 1.4127 30.5529 -4.1245 -1.9832
Pedestrian -1 -1 -7.9144 1066.5601 164.5626 1090.1527 218.6094 1.8170 0.6379 0.5856 15.9582 1.5379 24.6677 -7.3461 -1.9943
Cyclist -1 -1 -8.2949 933.7093 160.9033 980.2043 230.2499 1.7333 0.3940 1.7013 9.0035 1.4343 18.8862 -7.8566 -2.1957
