Car -1 -1 -4.1288 129.8240 190.4701 198.4843 218.0237 1.4401 1.5985 3.7438 -25.9229 2.5124 42.0355 -4.6788 -0.8605
Car -1 -1 -4.2084 582.7659 181.3096 633.7156 204.7539 1.5093 1.7245 4.2419 -0.1032 2.1258 50.3652 -4.2110 -0.9339
Car -1 -1 -4.0711 0.0000 189.4859 53.5128 231.2744 1.5471 1.6694 4.0933 -25.8700 2.2974 30.4708 -4.7708 -0.9653
Car -1 -1 -4.7835 704.7364 177.4978 728.9282 198.0093 1.5110 1.5808 3.7917 8.2283 1.8835 55.9827 -4.6387 -1.0094
Car -1 -1 -4.5923 524.0742 182.4548 554.0166 206.4042 1.4770 1.5420 3.7499 -4.7054 2.1393 47.9068 -4.6901 -1.8360
Pedestrian -1 -1 -6.9826 1121.9113 149.0147 1201.6205 254.3074 1.5948 0.5955 0.7902 8.5331 1.2334 11.2506 -6.3465 -1.8362
Car -1 -1 -4.0851 0.0000 194.3746 87.1779 229.1550 1.4709 1.6243 4.2507 -27.9349 2.5887 35.3353 -4.7505 -1.8527
Car -1 -1 -6.5279 618.6097 182.2948 666.2923 201.5973 1.5458 1.5994 3.6861 2.6621 2.3465 60.0629 -6.4844 -1.9397
Car -1 -1 -7.6397 260.7499 178.5426 293.3145 198.2124 1.6387 1.7208 4.3617 -29.3967 2.1594 63.7653 -8.0703 -2.0017
Car -1 -1 -4.5118 552.5970 184.6930 578.0318 202.5628 1.5561 1.6308 3.9320 -4.1764 2.6992 67.6221 -4.5737 -2.0569
Car -1 -1 -5.0856 917.8160 168.5337 958.9476 189.3091 1.6123 1.6551 3.9966 26.3276 1.2767 58.0348 -4.6619 -2.0743
