Car -1 -1 -8.4808 870.2928 185.2225 931.5126 212.9834 1.5019 1.5618 3.5457 17.0943 2.2655 42.6499 -8.1026 -0.6394
Car -1 -1 -4.8462 645.8829 185.9707 699.0224 227.4047 1.4809 1.5928 4.0132 2.4047 2.0473 29.1296 -4.7654 -0.7077
Car -1 -1 -4.8204 660.3840 186.4294 690.0408 209.7098 1.4485 1.5856 3.9478 4.3746 2.4113 49.2031 -4.7329 -1.3822
Pedestrian -1 -1 -6.7688 1031.9526 164.3136 1077.5175 241.6476 1.7364 0.5918 0.6887 10.1178 1.5444 16.5158 -6.2276 -1.6741
Pedestrian -1 -1 -4.2430 0.0000 243.0530 72.7005 374.0000 1.3828 0.4687 0.4326 -4.1273 1.8896 4.9540 -4.9118 -1.7429
Car -1 -1 -8.3638 889.5300 172.9669 938.3234 195.0347 1.6017 1.6784 3.9262 22.8390 1.6103 54.4385 -7.9688 -1.8456
Cyclist -1 -1 -8.1216 910.6841 169.6237 938.7553 228.3341 1.6449 0.3256 1.5995 9.1075 1.5541 21.0295 -7.7186 -1.9000
Car -1 -1 -4.5974 532.6047 186.9146 563.8407 211.7747 1.5444 1.6609 4.1812 -4.2111 2.5467 49.3316 -4.6826 -1.9206
Pedestrian -1 -1 -2.9575 110.6004 183.4973 131.3120 216.5764 1.7964 0.5401 0.8627 -27.0573 2.3905 39.8736 -3.5508 -2.0036
Car -1 -1 -4.5960 0.0000 190.1991 52.7826 224.1689 1.5333 1.6919 4.1423 -29.9468 2.4759 37.0223 -5.2728 -2.0240
Cyclist -1 -1 -7.7490 158.3251 188.2030 168.7057 218.3142 1.6316 0.3343 1.5501 -25.1884 2.5125 40.6541 -8.3010 -2.0426
Pedestrian -1 -1 -8.0891 1099.1979 160.8919 1145.0254 250.0073 1.7589 0.6514 0.5054 10.2939 1.5225 14.5944 -7.4848 -2.0511
Pedestrian -1 -1 -7.9970 882.1099 177.6085 898.1351 214.1471 1.7961 0.6543 0.6600 13.9181 2.0354 35.9651 -7.6311 -2.0750
Pedestrian -1 -1 -7.7417 995.3168 165.4577 1029.4143 240.3687 1.7338 0.6520 0.5690 9.4964 1.5623 17.1201 -7.2432 -2.1091
Car -1 -1 -4.4785 784.9856 173.7484 831.1815 204.2706 1.6162 1.6189 4.0319 11.1225 1.6687 40.4900 -4.2128 -2.1336
Car -1 -1 -4.6662 527.7418 187.8428 556.2936 214.7662 1.5024 1.5759 3.7657 -4.1728 2.4626 44.3187 -4.7601 -2.1402
Car -1 -1 -4.0504 112.7335 186.7006 173.2858 210.4526 1.5467 1.6219 3.7843 -33.1092 2.5670 51.2262 -4.6221 -2.1475
