Car -1 -1 -4.2807 242.2184 180.3333 301.7722 208.6061 1.4664 1.6314 3.6260 -18.7943 1.9016 40.1998 -4.7158 1.7514
Car -1 -1 -4.3592 290.2973 179.2057 340.0788 204.4125 1.4857 1.5890 4.1021 -18.6147 1.9055 45.6499 -4.7446 0.6762
Car -1 -1 -4.3231 339.7980 177.8048 385.9744 201.0033 1.6166 1.7582 4.2166 -18.2388 1.9972 53.3599 -4.6512 0.3080
Car -1 -1 -4.4528 397.7207 177.6762 427.1052 195.1883 1.4827 1.5599 3.9393 -17.5503 1.9243 64.1523 -4.7191 -0.7356
Car -1 -1 -4.7003 680.1994 173.5402 708.8549 199.3809 1.4644 1.6212 4.0106 5.0301 1.5070 43.0918 -4.5853 -0.9032
Pedestrian -1 -1 -7.6151 832.1210 172.9828 851.4377 213.4214 1.7209 0.6580 0.6651 9.9690 1.7262 31.1634 -7.3088 -1.6600
Car -1 -1 -2.1402 0.0000 180.2942 73.5657 212.6996 1.5046 1.6197 3.9033 -28.6709 1.8850 35.5320 -2.8156 -1.9329
Car -1 -1 -4.9055 284.3573 178.3919 342.1022 216.7379 1.5790 1.6480 4.1026 -13.4613 1.8448 32.5033 -5.2956 -2.0682
Car -1 -1 -4.4513 317.9241 180.1654 355.8226 203.2936 1.4641 1.5212 3.5596 -18.4152 1.9759 48.6910 -4.8114 -2.1262
Pedestrian -1 -1 -8.0884 1002.4609 153.6441 1038.5825 240.8242 1.7306 0.5261 0.5186 8.2699 1.3489 14.6430 -7.5834 -2.1697
