Car -1 -1 -4.1720 138.0154 182.7016 223.5657 216.7207 1.4756 1.5887 4.1854 -20.5068 1.9764 34.6125 -4.7037 2.1464
Car -1 -1 -4.2385 211.9971 181.5669 273.8123 210.4924 1.4952 1.5221 3.7643 -20.4707 2.0045 40.3200 -4.7059 1.8483
Car -1 -1 -4.0655 0.7120 185.7752 134.8698 229.3186 1.4357 1.6807 4.4974 -20.4176 1.9662 27.3871 -4.7016 1.8453
Car -1 -1 -4.2889 262.3062 179.3922 312.2703 205.0212 1.5260 1.5182 3.6552 -20.4237 1.9567 45.7292 -4.7071 1.0764
Car -1 -1 -4.3921 334.5558 176.4491 369.4603 197.9518 1.6181 1.5647 3.4699 -20.2346 1.9087 56.6324 -4.7340 0.3010
Car -1 -1 -4.5239 515.6105 172.9471 552.4896 198.2240 1.5753 1.6535 4.1114 -4.9408 1.5814 47.1015 -4.6282 -0.4561
Car -1 -1 -4.6355 380.8444 177.1144 402.2274 194.1097 1.5026 1.5964 3.9968 -20.2695 1.9103 66.9792 -4.9286 -0.6367
Car -1 -1 -4.9157 351.8021 177.3051 382.5306 196.8137 1.5730 1.6715 4.1650 -20.7220 1.9652 61.4113 -5.2401 -0.9574
Car -1 -1 -4.2955 0.0000 184.6087 16.4600 243.6834 1.5269 1.6302 4.1888 -19.9348 1.9181 21.7871 -5.0306 -1.1358
Car -1 -1 -3.1600 614.5386 177.4367 696.7165 205.1589 1.4245 1.6051 4.2589 2.3584 1.6729 38.2629 -3.0994 -1.6689
Car -1 -1 -4.5780 528.1782 174.1518 559.2966 196.4585 1.4962 1.6486 4.0682 -4.6448 1.5909 50.7065 -4.6692 -1.7112
Car -1 -1 -4.7547 710.1987 170.1416 734.6772 191.3872 1.5322 1.6330 4.0538 8.3720 1.3363 54.1405 -4.6025 -1.7220
Car -1 -1 -4.6283 554.0543 173.6422 574.7513 190.6594 1.5386 1.6031 3.9930 -4.2543 1.6142 67.4374 -4.6914 -1.7783
Car -1 -1 -5.6180 721.2241 171.5089 769.3715 190.9049 1.5531 1.5822 3.7311 11.1394 1.4451 59.6990 -5.4347 -1.8988
Cyclist -1 -1 -8.3070 1066.2744 158.8230 1135.7433 254.6321 1.6121 0.3433 1.6029 8.7240 1.3757 12.9575 -7.7253 -1.9745
Pedestrian -1 -1 -7.7178 848.0958 171.2303 866.2330 216.6941 1.7036 0.5904 0.5076 9.3402 1.6424 27.3955 -7.3930 -1.9954
Car -1 -1 -4.9121 499.9532 176.4210 541.2450 204.1538 1.4433 1.5570 3.7501 -5.0496 1.6512 40.0975 -5.0370 -2.0231
Car -1 -1 -8.0188 271.0938 164.0411 301.9385 187.9996 1.9559 1.7108 4.2620 -27.4685 1.2361 61.1515 -8.4395 -2.0592
