Car -1 -1 -4.2550 227.2561 178.9532 291.1167 209.5695 1.5399 1.6223 3.6976 -18.8630 1.8840 38.8853 -4.7042 1.7252
Car -1 -1 -4.3162 330.6004 178.2046 377.8691 202.5185 1.6473 1.7717 4.0559 -18.3539 2.0471 51.8743 -4.6550 0.2130
Car -1 -1 -4.2574 279.1250 179.2858 339.1136 205.0092 1.4717 1.6555 4.3973 -18.5648 1.8894 44.6499 -4.6496 0.0848
Car -1 -1 -7.9309 680.8658 175.1721 711.5818 200.7215 1.4483 1.5446 3.4399 5.0616 1.5917 42.9686 -7.8149 -0.2854
Car -1 -1 -4.5173 391.9164 175.7936 419.4880 194.1534 1.5334 1.5968 3.8366 -17.7878 1.7973 62.8722 -4.7921 -0.4743
Car -1 -1 -3.2522 625.1520 175.6951 703.8147 202.0535 1.4322 1.6237 4.2223 2.9649 1.5941 40.2900 -3.1798 -1.6697
Cyclist -1 -1 -8.0766 1196.2825 146.6609 1241.0000 262.6414 1.6424 0.3636 1.6427 9.3640 1.2712 11.0328 -7.3863 -1.7274
Car -1 -1 -7.9226 682.0597 172.7639 709.8115 195.6429 1.4908 1.6049 3.7286 5.7570 1.4846 48.9153 -7.8066 -1.9178
Car -1 -1 -4.5675 12.3003 175.8554 72.0353 209.9886 1.5483 1.6699 4.4283 -27.8633 1.7053 35.4770 -5.2298 -1.9916
Car -1 -1 -6.1293 228.3932 181.7301 325.5537 219.9147 1.4840 1.5659 3.4450 -13.7298 1.8657 29.8299 -6.5576 -2.0176
Cyclist -1 -1 -7.6286 186.2248 176.1158 200.7759 205.7019 1.7103 0.3762 1.6914 -24.7133 1.9073 42.7655 -8.1501 -2.1600
