Car -1 -1 -4.2777 278.8155 179.9821 330.8616 206.1897 1.5027 1.5809 3.5512 -18.6473 1.9564 44.1561 -4.6754 1.5142
Car -1 -1 -4.3637 319.6796 179.8958 365.6963 202.4223 1.4449 1.6004 4.2963 -18.4049 1.9514 49.7787 -4.7164 0.5908
Car -1 -1 -5.0483 380.2022 178.1461 429.7209 205.3204 1.5531 1.6350 4.1737 -12.6556 1.8934 44.2627 -5.3255 -1.1639
Cyclist -1 -1 -7.7072 805.6847 172.9584 818.2023 204.5517 1.6195 0.4054 1.6175 10.5496 1.6247 37.8128 -7.4376 -1.3288
Car -1 -1 -4.4763 415.1430 177.7709 441.4482 194.0173 1.4636 1.5641 3.7812 -17.1226 1.9399 68.0485 -4.7221 -1.3691
Car -1 -1 -4.4658 362.4312 177.9883 394.7888 197.4592 1.4611 1.5677 3.7492 -18.2878 1.8806 57.0755 -4.7749 -1.4705
Car -1 -1 -4.4253 96.0125 174.2185 152.7153 203.4062 1.6494 1.6612 4.3032 -29.0816 1.7353 43.2895 -5.0142 -1.5984
Car -1 -1 -4.7804 385.6606 178.3853 408.6864 196.8839 1.5208 1.6487 4.0757 -18.5823 2.0190 62.8302 -5.0671 -1.6902
Car -1 -1 -8.3381 629.3787 173.2614 683.0601 200.2899 1.5585 1.6299 3.8615 2.7148 1.5841 43.7632 -8.2770 -1.7487
Car -1 -1 -5.0369 572.6713 175.5234 606.5282 194.1613 1.4877 1.6184 4.0551 -1.7710 1.7189 60.4008 -5.0664 -1.7819
Car -1 -1 -4.8833 671.2737 171.6302 706.8023 196.8305 1.6129 1.6872 4.0387 5.2045 1.5343 48.2514 -4.7769 -1.8343
Pedestrian -1 -1 -9.1301 1203.8771 143.1294 1241.0000 255.5753 1.7313 0.5036 0.5172 9.7968 1.2733 11.4638 -8.4358 -1.8559
Car -1 -1 -4.6079 537.8740 178.2011 570.6018 203.7595 1.4126 1.5524 3.6349 -3.2789 1.7408 42.4864 -4.6849 -2.1239
Pedestrian -1 -1 -3.2894 1136.3336 151.9470 1182.2708 254.0289 1.7168 0.5711 0.5483 9.4612 1.3649 12.5153 -2.6537 -2.1449
