Car -1 -1 -4.1724 129.2067 188.2552 206.6366 219.9442 1.5168 1.6143 4.1684 -23.6099 2.3862 38.6549 -4.7179 1.6211
Car -1 -1 -4.2581 197.6962 188.7417 257.4084 215.3759 1.4797 1.6001 4.1548 -23.6374 2.5098 44.6932 -4.7425 1.6196
Car -1 -1 -4.0485 64.4838 193.8330 150.1640 227.6658 1.4113 1.5029 3.4541 -23.6707 2.4527 34.0604 -4.6524 1.4058
Car -1 -1 -4.0931 0.0000 195.8080 59.1792 240.8244 1.4625 1.6382 4.0959 -23.4497 2.4102 27.6951 -4.7911 -0.7822
Cyclist -1 -1 -7.5466 44.2909 191.3350 65.7388 225.0649 1.7060 0.4017 1.7076 -29.5000 2.7095 38.3194 -8.1995 -0.8952
Car -1 -1 -4.5230 494.7334 178.3713 525.3516 199.7061 1.5911 1.6420 4.1721 -7.8855 2.0432 57.0365 -4.6602 -1.2105
Car -1 -1 -4.2969 240.4103 185.7743 292.7162 211.0593 1.5836 1.6620 4.2503 -23.5295 2.5087 49.5304 -4.7386 -1.2367
Pedestrian -1 -1 -6.7195 913.9398 181.1761 922.9416 210.4638 1.7961 0.5163 0.3229 19.0556 2.3139 44.6623 -6.3192 -1.3389
Pedestrian -1 -1 -5.7339 700.8734 173.2433 716.2903 201.4355 1.8093 0.5778 0.8081 6.3601 1.8345 46.7992 -5.6002 -1.6531
Pedestrian -1 -1 -6.7288 1170.8379 147.3658 1193.2145 219.7959 1.7932 0.4692 0.2602 14.3107 1.1619 18.1206 -6.0685 -1.8058
Car -1 -1 -4.3921 714.2446 179.3564 751.9665 201.9000 1.5507 1.6008 3.8523 9.0318 2.0460 52.9081 -4.2244 -1.9294
Pedestrian -1 -1 -7.6052 734.4354 179.6795 748.3496 209.5742 1.7451 0.6904 0.5781 7.7430 2.1527 42.7121 -7.4276 -2.0241
Pedestrian -1 -1 -7.8534 899.6198 168.1878 927.0186 235.7505 1.7387 0.6542 0.4942 7.8989 1.6183 18.9216 -7.4642 -2.0757
Pedestrian -1 -1 -7.7520 440.3807 179.5648 455.1468 216.5101 1.6719 0.5969 0.6734 -7.4932 1.9834 33.1560 -7.9731 -2.1237
Car -1 -1 -7.7352 274.0112 161.8739 299.6329 182.8235 1.8972 1.7109 4.1117 -30.2419 0.9026 67.5604 -8.1548 -2.1817
