Pedestrian -1 -1 -7.3599 413.8957 176.5344 435.2314 214.8428 1.7465 0.7418 0.6386 -8.6149 1.9185 33.3711 -7.6111 -1.1408
Pedestrian -1 -1 -7.9654 242.4529 180.7792 257.5341 219.9198 1.7600 0.5450 0.7000 -16.5416 2.1278 33.0660 -8.4263 -1.8838
Pedestrian -1 -1 -4.0284 1170.9255 146.5811 1241.0000 289.3050 1.7609 0.5777 0.4547 7.5869 1.4365 9.2331 -3.3565 -1.9937
Car -1 -1 -3.2794 714.3526 167.8685 775.3441 188.8733 1.5769 1.6784 4.3860 10.2305 1.2023 55.1047 -3.0971 -2.0626
Pedestrian -1 -1 -2.9242 153.8632 181.0610 166.8927 209.1619 1.9173 0.6985 0.6287 -31.1338 2.4897 49.9178 -3.4797 -2.0863
Car -1 -1 -6.5506 771.4161 163.0626 834.5875 184.2326 1.5950 1.6484 4.3875 14.7031 0.8570 55.2057 -6.2918 -2.1073
Pedestrian -1 -1 -5.6547 884.5804 160.5037 937.0691 252.4433 1.7120 0.5530 0.7519 5.7359 1.4818 13.9014 -5.2716 -2.1122
Car -1 -1 -6.3868 1028.7186 171.5601 1120.6066 198.8531 1.4764 1.6204 4.2031 26.0629 1.4061 40.6934 -5.8208 -2.1329
Car -1 -1 -7.1494 1096.3110 169.8120 1226.1062 211.1217 1.5013 1.6584 4.1382 20.9199 1.3905 27.4856 -6.5043 -2.1404
Car -1 -1 -7.9893 232.5062 181.9664 282.9324 218.6404 1.6047 1.6648 3.9503 -17.0353 2.0696 34.7232 -8.4427 -2.1633
Pedestrian -1 -1 -8.7504 1007.1506 166.5923 1028.7216 202.3972 1.7021 0.5908 0.6848 19.5907 1.4041 34.7290 -8.2407 -2.1818
