Car -1 -1 -4.0448 0.0000 189.8658 90.3206 232.2240 1.5180 1.5807 3.9444 -23.4389 2.2578 29.4159 -4.7134 1.6403
Pedestrian -1 -1 -5.0500 744.5022 155.7072 771.1141 207.7547 1.9068 0.6876 0.9718 5.4698 1.2783 26.9635 -4.8524 -1.2239
Pedestrian -1 -1 -7.0347 767.0504 175.5231 782.7537 215.2389 1.7936 0.5650 0.4291 7.4950 1.9166 32.9850 -6.8138 -1.3827
Car -1 -1 -3.9020 1154.1564 182.0815 1241.0000 228.3864 1.5312 1.5826 3.5390 21.2280 1.8638 25.1253 -3.2068 -1.3852
Car -1 -1 -3.4285 1144.8296 180.9490 1241.0000 223.7909 1.4853 1.5924 3.8480 22.5752 1.8053 27.0628 -2.7391 -1.4079
Car -1 -1 -7.7403 390.5528 176.1133 418.1474 197.6991 1.5813 1.6219 3.7543 -15.7920 1.8404 55.4412 -8.0168 -1.4822
Pedestrian -1 -1 -7.4800 924.6948 168.9846 961.9243 242.0152 1.7173 0.6838 0.4917 7.9765 1.6260 17.3829 -7.0568 -1.5793
Pedestrian -1 -1 -3.6675 849.0568 171.1881 871.9899 226.3816 1.7280 0.5284 0.4863 7.8984 1.6755 22.8968 -3.3400 -1.6043
Car -1 -1 -5.0775 748.3901 171.2502 789.0164 191.5164 1.5290 1.6930 4.2660 12.3821 1.4077 56.6733 -4.8638 -1.7211
Car -1 -1 -8.4109 1117.7549 131.7281 1241.0000 374.0000 1.6454 1.6093 3.7403 6.5595 1.3713 6.7909 -7.6647 -1.9247
Car -1 -1 -4.4778 882.4442 169.9739 920.5483 192.4134 1.4458 1.5670 3.6883 19.5679 1.2600 48.4480 -4.0963 -1.9895
Pedestrian -1 -1 -6.5402 820.1946 164.5831 843.6285 225.5158 1.7831 0.7134 0.4976 6.5513 1.5408 21.4801 -6.2487 -2.1349
