Pedestrian -1 -1 -7.4984 402.8158 175.7209 421.3002 217.1287 1.7101 0.4982 0.8077 -8.3462 1.8318 30.2820 -7.7656 -0.9614
Car -1 -1 -4.2671 332.6307 179.1534 368.1523 195.7471 1.4748 1.5646 4.0067 -24.3588 2.0843 67.7745 -4.6112 -1.0435
Pedestrian -1 -1 -5.8856 952.1658 147.5361 1041.4912 273.5728 1.8069 0.6961 1.0084 5.8073 1.4437 10.9544 -5.4098 -1.2981
Car -1 -1 -7.1062 15.9911 183.9197 97.5098 211.5086 1.6043 1.6830 4.2290 -35.1131 2.3415 45.8983 -7.7566 -1.4290
Cyclist -1 -1 -4.9575 1143.0621 163.4352 1167.6028 199.2967 1.6672 0.5871 1.4605 25.8928 1.2290 34.3313 -4.3156 -1.6793
Pedestrian -1 -1 -7.7025 880.9440 155.4640 891.8746 180.3405 1.7895 0.6450 0.6943 20.0312 0.5382 52.3654 -7.3391 -1.7575
Car -1 -1 -6.6558 1064.5416 168.1149 1169.3173 196.9189 1.4909 1.6349 4.2890 27.0133 1.2453 38.6378 -6.0495 -1.8595
Car -1 -1 -8.1819 745.4851 155.5496 780.3190 179.5205 1.9987 1.7091 4.0803 13.1294 0.5555 62.2899 -7.9753 -1.9379
Pedestrian -1 -1 -4.3112 919.6615 180.1369 938.7057 224.3483 1.3870 0.4243 0.4277 10.1427 1.6223 23.0372 -3.9017 -1.9987
Car -1 -1 -8.1369 731.0731 156.4733 768.0881 182.9312 2.0900 1.8141 4.4137 11.3874 0.7957 59.2796 -7.9482 -2.0170
Car -1 -1 -6.5239 805.7476 161.5732 873.4470 184.2627 1.6056 1.6543 4.3806 16.4789 0.8070 52.0249 -6.2190 -2.0651
Pedestrian -1 -1 -4.0992 909.3449 155.9575 991.6443 283.4955 1.7261 0.6721 0.8982 4.7931 1.4971 10.2829 -3.6748 -2.0883
Car -1 -1 -4.2710 497.8063 176.3300 537.0172 194.9178 1.5765 1.6995 4.5449 -8.2512 1.8987 64.5257 -4.3980 -2.1228
