Cyclist -1 -1 -4.7216 936.4800 169.2098 948.6958 201.1634 1.6789 0.5740 1.5331 17.8061 1.4871 38.7282 -4.2939 -0.5898
Car -1 -1 -4.3046 327.9641 179.2125 363.0110 196.1901 1.4783 1.5653 4.0081 -24.3174 2.0812 66.4037 -4.6546 -0.7161
Pedestrian -1 -1 -3.2702 821.8660 156.7291 881.0966 259.7228 1.7677 0.4349 0.9351 4.1778 1.4907 12.6825 -2.9597 -0.7904
Pedestrian -1 -1 -2.9940 0.0000 189.7689 17.9592 222.9929 1.8336 0.7126 0.7462 -34.0798 2.8021 40.8273 -3.6865 -0.8574
Pedestrian -1 -1 -3.3034 943.8138 166.7995 962.9106 227.8909 1.7976 0.5266 0.4318 10.1985 1.6191 21.5427 -2.8671 -1.0012
Pedestrian -1 -1 -5.4547 1006.9494 144.9980 1113.0228 286.7035 1.7788 0.7085 0.9940 5.9103 1.4288 9.6161 -4.9178 -1.1755
Pedestrian -1 -1 -7.2916 392.0351 175.7839 418.5342 219.8228 1.7338 0.6875 0.8289 -8.2575 1.8531 28.9669 -7.5673 -1.3967
Pedestrian -1 -1 -5.9471 1076.4088 158.8717 1100.4381 203.7151 1.8477 0.5572 0.6943 19.9620 1.2713 30.1744 -5.3674 -1.4979
Pedestrian -1 -1 -6.9180 974.9977 162.7883 991.9359 197.2623 1.8358 0.6238 0.5432 20.0282 1.2995 38.7747 -6.4446 -1.8172
Car -1 -1 -8.0746 839.1412 155.8271 876.6817 182.2976 1.8156 1.6818 4.0352 17.6389 0.6474 51.5853 -7.7470 -1.8894
Pedestrian -1 -1 -3.6907 1228.8201 157.0400 1241.0000 219.6427 1.8715 0.4695 0.2862 18.9910 1.3984 21.8245 -2.9815 -1.9042
Car -1 -1 -5.1721 977.5740 167.2846 1035.1013 191.9387 1.5054 1.5988 3.9925 25.1984 1.1650 46.0828 -4.6746 -2.0330
Car -1 -1 -7.2485 1085.6442 163.7123 1198.7662 204.5124 1.5649 1.6578 4.0895 21.4347 1.2140 29.1318 -6.6192 -2.0483
Pedestrian -1 -1 -6.5255 1168.8938 147.7761 1240.8811 304.6909 1.6921 0.5840 0.4906 6.6421 1.4214 8.1477 -5.8596 -2.0498
Car -1 -1 -3.0534 0.0000 193.5222 18.8167 224.5117 1.5533 1.6432 3.8668 -35.6737 2.7613 40.3789 -3.7738 -2.0697
Pedestrian -1 -1 -6.7937 409.2741 173.0877 418.8405 194.0548 1.8122 0.6580 0.5526 -17.0784 1.8324 62.8006 -7.0584 -2.0702
Car -1 -1 -4.2585 492.2213 176.1847 529.1077 194.1465 1.4861 1.5951 3.9645 -8.6031 1.7847 62.6194 -4.3948 -2.0891
Pedestrian -1 -1 -6.5540 1163.3309 144.1087 1241.0000 314.7740 1.7480 0.5941 0.5230 6.3126 1.4533 7.7649 -5.8903 -2.1257
