Pedestrian -1 -1 -3.9555 1007.9352 179.2840 1053.7871 267.3971 1.6436 0.5760 0.4972 8.0234 1.7699 13.8587 -3.4408 -0.2667
Pedestrian -1 -1 -4.9502 831.5660 188.6312 848.3682 228.4541 1.3986 0.4799 0.4376 8.1611 1.9667 25.7603 -4.6475 -0.8888
Car -1 -1 -5.2864 0.0000 194.6129 28.9820 237.4745 1.4734 1.6181 3.9545 -24.4682 2.3404 27.4490 -6.0098 -1.1529
Car -1 -1 -4.7506 1135.4474 175.9138 1193.4536 217.8485 1.4975 1.6083 4.0674 21.5432 1.6258 28.2052 -4.1038 -1.1923
Pedestrian -1 -1 -3.8241 851.7062 165.8613 877.3129 232.8163 1.7269 0.5095 0.4000 6.6192 1.5462 18.9176 -3.4930 -1.5151
Car -1 -1 -5.3067 975.6548 175.9625 1053.8038 205.9753 1.4297 1.5991 3.8027 20.4728 1.5962 36.7449 -4.8021 -1.6229
Car -1 -1 -4.3225 552.2758 175.5352 586.8206 193.7469 1.4838 1.5802 3.8938 -3.4348 1.7198 61.5021 -4.3784 -1.7555
Car -1 -1 -7.7972 697.0359 169.7345 717.5704 187.2277 1.5721 1.6590 4.2510 9.0534 1.2914 67.0874 -7.6639 -1.7954
Pedestrian -1 -1 -6.9333 888.0736 177.6719 910.8535 229.5244 1.7465 0.5822 0.4651 9.8624 1.9135 24.7097 -6.5584 -1.9445
Car -1 -1 -4.6503 46.3024 190.8248 77.9770 213.3518 1.5260 1.6491 4.0104 -41.2858 2.9335 54.3972 -5.2974 -1.9678
Pedestrian -1 -1 -7.2526 381.8864 173.6182 394.7642 199.1665 1.7676 0.5359 0.7385 -15.5069 1.8211 50.3798 -7.5501 -1.9690
Pedestrian -1 -1 -3.8033 811.6255 171.5362 839.5254 224.5364 1.7426 0.5722 0.6865 7.1552 1.6990 24.1165 -3.5189 -2.1207
Pedestrian -1 -1 -8.4048 744.5727 170.7726 766.8369 213.0295 1.7880 0.6651 0.7049 6.2087 1.6996 30.9762 -8.2094 -2.1267
Pedestrian -1 -1 -7.9180 863.9130 173.9009 877.6679 205.6056 1.7314 0.6713 0.6490 14.3563 1.7895 39.8353 -7.5749 -2.1398
Car -1 -1 -3.0907 526.0440 164.0265 569.0779 182.2453 1.6755 1.6376 3.9182 -5.8137 0.8634 67.2447 -3.1768 -2.1860
