Pedestrian -1 -1 -6.6217 410.1200 176.8431 431.5262 215.6239 1.7112 0.5255 0.7999 -8.5293 1.8923 32.3703 -6.8777 -0.6181
Car -1 -1 -7.8512 233.9451 184.3589 274.5718 221.6123 1.5728 1.6214 3.8220 -16.6940 2.1447 33.8155 -8.3070 -0.9383
Car -1 -1 -3.4330 788.8694 161.4925 854.2850 183.5673 1.6316 1.6582 4.4216 15.8210 0.7915 54.1785 -3.1505 -0.9608
Pedestrian -1 -1 -6.9100 1189.5524 140.9192 1241.0000 368.2473 1.7350 0.5321 0.4718 5.0340 1.4910 5.7875 -6.2196 -1.5066
Pedestrian -1 -1 -5.1139 905.6033 154.0448 962.1685 257.2847 1.8029 0.6594 0.8094 5.7687 1.4742 13.0076 -4.7056 -1.5333
Pedestrian -1 -1 -7.9915 1024.0167 165.1541 1041.3281 202.3241 1.7242 0.6278 0.5548 19.7802 1.3667 33.8450 -7.4667 -1.6264
Car -1 -1 -6.4490 1007.5201 165.3365 1107.7063 193.6131 1.5292 1.6949 4.5736 25.0741 1.1224 40.6624 -5.8998 -1.7436
Car -1 -1 -7.5190 384.5596 174.5737 422.1749 195.2179 1.5935 1.6561 4.0994 -16.6240 1.7368 58.1378 -7.7966 -1.9131
Car -1 -1 -8.2580 717.8155 159.5591 757.2171 183.2656 1.9406 1.7835 4.1915 10.7600 0.8520 61.3077 -8.0853 -1.9771
Car -1 -1 -4.7595 135.0452 178.3416 159.5602 198.4742 1.6989 1.6518 4.0036 -41.1795 2.2025 64.1495 -5.3284 -2.0063
Pedestrian -1 -1 -3.2703 890.7544 165.4408 903.0992 219.3041 1.8501 0.4730 0.3374 9.9137 1.5952 25.0538 -2.8980 -2.0785
Car -1 -1 -2.8664 482.3293 178.0576 532.6044 194.8708 1.4897 1.6337 4.2490 -9.3403 1.9712 65.7027 -3.0074 -2.1144
Car -1 -1 -4.1793 202.0060 182.7761 250.3942 205.3133 1.7090 1.6402 4.0382 -31.1190 2.5425 58.5783 -4.6660 -2.1166
Car -1 -1 -7.6916 928.4014 166.2318 969.5276 192.9055 1.5479 1.6424 4.0996 20.6833 1.1633 44.0280 -7.2553 -2.1416
