Car -1 -1 -6.7594 715.0864 167.5255 783.6259 192.2198 1.6306 1.6716 4.2866 9.4328 1.2785 49.0540 -6.5708 -0.4816
Pedestrian -1 -1 -4.8884 773.2719 176.0473 786.1237 211.9245 1.5883 0.4751 0.5115 7.5420 1.7320 32.2584 -4.6613 -0.7818
Pedestrian -1 -1 -6.7331 811.4636 166.3387 827.2501 192.4133 1.7643 0.5304 0.8904 14.2293 1.3231 49.1583 -6.4533 -1.0981
Pedestrian -1 -1 -3.8069 964.2491 170.3481 996.4639 250.2985 1.6589 0.4939 0.3800 7.7711 1.6066 15.2517 -3.3441 -1.3100
Pedestrian -1 -1 -8.3780 904.5744 158.1221 939.3342 226.7891 1.8691 0.7012 0.5477 8.5721 1.4678 19.9552 -7.9781 -1.5271
Pedestrian -1 -1 -8.1681 1086.1296 147.5116 1150.7042 265.7365 1.8498 0.6818 0.6482 8.1683 1.4530 11.6963 -7.5707 -1.6831
Car -1 -1 -7.7986 292.5416 178.4078 328.4092 209.8820 1.6604 1.6512 4.1793 -17.0429 1.9937 41.1005 -8.1898 -1.6931
Pedestrian -1 -1 -3.2800 1111.3813 138.6927 1205.4583 303.8022 1.7927 0.5703 0.7758 6.1989 1.4215 8.2680 -2.6541 -1.7408
Cyclist -1 -1 -8.2573 1008.3488 167.1192 1031.7139 203.1198 1.6486 0.3453 1.5993 19.1850 1.3857 33.8562 -7.7458 -1.8019
Car -1 -1 -4.3079 708.0080 173.3275 744.1526 191.8731 1.4502 1.5680 3.7010 9.4148 1.4896 58.5067 -4.1495 -1.8925
Car -1 -1 -3.6444 821.2689 166.4085 884.1565 189.4221 1.5720 1.6443 3.8522 16.9169 1.1315 50.4436 -3.3229 -1.9761
Car -1 -1 -4.5843 170.7566 185.1002 201.4992 205.6200 1.5342 1.6551 3.9835 -34.4503 2.5663 58.6765 -5.1135 -1.9956
Car -1 -1 -6.4317 724.0925 162.5758 778.4078 182.1935 1.6400 1.6576 4.3234 11.9292 0.7805 61.2406 -6.2404 -2.0399
Car -1 -1 -4.6374 862.6591 162.5719 884.1302 181.3404 1.6824 1.5944 3.7717 24.3565 0.7604 66.7236 -4.2890 -2.0542
Car -1 -1 -5.3031 1036.2212 170.4542 1142.5325 208.5382 1.4917 1.7160 4.0766 19.9455 1.3974 30.3115 -4.7259 -2.0893
Car -1 -1 -2.7806 650.8683 170.7924 702.0024 188.3836 1.5509 1.6392 4.3058 5.9821 1.3688 65.2904 -2.6899 -2.0961
Car -1 -1 -4.6960 100.7615 188.0671 125.8180 208.4044 1.5428 1.6461 3.9896 -41.3088 2.8527 60.0229 -5.2969 -2.1381
Car -1 -1 -4.6393 997.1011 169.4531 1034.3698 196.3360 1.4769 1.6037 4.0481 23.4846 1.2898 41.7716 -4.1304 -2.1636
