Pedestrian -1 -1 -6.3953 483.8645 174.0874 493.7279 201.9406 1.7681 0.7414 0.5438 -7.8087 1.8477 46.2726 -6.5619 -0.7219
Pedestrian -1 -1 -6.5431 360.8771 177.3969 374.4338 205.6043 1.7781 0.5687 0.6977 -15.5018 2.0705 46.0513 -6.8664 -0.7931
Car -1 -1 -3.4575 804.8901 170.1475 859.4979 190.1693 1.5360 1.5736 3.7587 17.2433 1.3281 56.1774 -3.1615 -0.8105
Pedestrian -1 -1 -3.9207 1176.8979 155.1061 1241.0000 290.6844 1.7467 0.6889 0.5142 8.0758 1.5177 9.6638 -3.2401 -1.0109
Car -1 -1 -6.3557 705.9417 165.3123 752.9726 183.0659 1.6386 1.6621 4.2352 11.1401 0.9422 67.6142 -6.1933 -1.1714
Pedestrian -1 -1 -4.0965 868.9042 165.9606 892.2799 226.5210 1.7765 0.5125 0.4047 8.0090 1.5739 21.4911 -3.7448 -1.3875
Car -1 -1 -3.6083 716.2047 168.4913 778.1696 190.5725 1.6539 1.6921 4.3880 10.5086 1.3268 55.4650 -3.4224 -1.4002
Pedestrian -1 -1 -8.0690 890.3632 171.0295 919.1431 235.9083 1.7237 0.6160 0.5342 7.9025 1.6749 19.4831 -7.6896 -1.8444
Car -1 -1 -7.8929 355.8626 179.5839 383.3331 205.0305 1.5761 1.5825 3.6362 -15.9584 2.0393 47.7167 -8.2143 -1.9938
Pedestrian -1 -1 -4.7918 855.2140 167.3684 879.7227 232.5642 1.7531 0.5861 0.5418 6.9874 1.6053 19.7380 -4.4569 -2.0241
Car -1 -1 -4.6766 313.6107 186.7003 335.2115 205.3026 1.5741 1.7052 4.0775 -26.3278 2.8932 66.5461 -5.0523 -2.0704
Car -1 -1 -4.3704 13.6453 190.3984 74.3827 218.4090 1.5169 1.6232 4.1086 -34.4897 2.6411 44.0419 -5.0319 -2.0879
