Pedestrian -1 -1 -3.1498 867.1520 168.8018 880.9448 205.4683 1.7646 0.5891 0.6224 12.8023 1.5693 35.1048 -2.8033 -0.7525
Pedestrian -1 -1 -7.0357 781.0518 168.4105 804.5184 212.4187 1.8464 0.6331 0.7344 7.7390 1.6596 30.7272 -6.7918 -0.7745
Car -1 -1 -5.6012 1180.3219 181.4459 1241.0000 236.7427 1.4916 1.6975 4.1712 20.2985 1.7835 22.3384 -4.8707 -0.9549
Car -1 -1 -5.1151 859.6130 168.0795 903.1810 189.3538 1.5429 1.6648 3.8932 20.3424 1.1963 54.3126 -4.7587 -1.4764
Pedestrian -1 -1 -3.8554 1153.7297 161.9664 1234.4319 286.9689 1.6261 0.5708 0.6190 7.7706 1.4841 9.6873 -3.1947 -1.5841
Pedestrian -1 -1 -8.1410 334.6253 179.0125 348.7928 208.7935 1.7340 0.6278 0.6466 -15.8927 2.1015 42.6427 -8.4960 -1.8205
Car -1 -1 -4.3394 0.0000 195.2614 44.1027 224.8566 1.5492 1.6376 3.8293 -35.5589 2.9482 42.9849 -5.0277 -1.8216
Car -1 -1 -6.3993 719.3832 165.3055 770.8224 184.3114 1.6636 1.6658 4.3267 11.9506 1.0026 64.1326 -6.2162 -1.9389
Pedestrian -1 -1 -4.5791 1035.7112 173.2375 1070.0532 258.2036 1.6725 0.5116 0.7145 8.9390 1.6802 14.6454 -4.0407 -2.0722
Car -1 -1 -3.7888 730.5977 173.2539 812.8348 201.8951 1.5140 1.6846 4.2859 8.8996 1.5367 39.8445 -3.5710 -2.1274
Car -1 -1 -8.3495 732.2000 177.2697 830.9669 230.4938 1.4795 1.5708 3.2447 5.1203 1.6255 22.1254 -8.1257 -2.1472
Pedestrian -1 -1 -7.6809 561.6727 177.6400 585.1757 241.5348 1.5502 0.5063 0.4763 -0.9509 1.6698 17.8125 -7.7344 -2.1659
