Car -1 -1 -4.2517 51.5394 197.5914 392.4118 374.0000 1.4749 1.6616 3.9304 -3.9552 1.8203 8.1045 -4.6938 7.5684
Car -1 -1 -7.7974 665.1217 180.2222 719.8799 229.3085 1.5282 1.6897 3.3971 2.8496 1.7999 24.8246 -7.6852 7.0390
Car -1 -1 -4.4238 347.7716 187.1934 483.6231 280.9175 1.5307 1.5822 3.6218 -3.7060 1.8489 14.1858 -4.6757 6.7853
Car -1 -1 -5.0630 810.6793 172.0452 997.4967 268.0900 1.4921 1.7536 4.2157 5.1027 1.4792 13.3235 -4.7053 6.1973
Car -1 -1 -4.5013 450.1265 189.2760 532.9867 247.9268 1.4232 1.5579 3.7691 -3.3104 1.9334 20.5083 -4.6601 6.0344
Car -1 -1 -4.6017 488.2413 185.6592 549.9776 232.2980 1.4274 1.6879 4.2866 -3.1565 1.9164 25.4191 -4.7247 5.7291
Car -1 -1 -7.5058 680.8517 181.1434 744.3627 220.5045 1.4529 1.5160 3.3025 4.1582 1.8090 29.2105 -7.3664 5.2536
Car -1 -1 -7.2959 714.4073 176.9602 784.2064 213.9621 1.5858 1.6666 3.2752 6.3765 1.7839 33.0846 -7.1078 4.3478
Car -1 -1 -6.6784 781.7161 174.9913 979.4476 236.3760 1.4263 1.6368 4.2541 6.5084 1.4813 17.7522 -6.3330 3.9170
Car -1 -1 -8.3453 513.3944 184.2381 570.3207 212.7203 1.4407 1.5761 3.7112 -3.8649 2.1037 40.0623 -8.4414 1.7226
Car -1 -1 -6.9839 0.0000 199.6761 138.0739 374.0000 1.5213 1.6444 3.9969 -3.9572 1.7004 2.7968 -7.8943 1.6590
Car -1 -1 -4.5319 513.4081 184.1055 558.6782 217.4689 1.4921 1.5838 3.6321 -3.6146 2.0730 35.4041 -4.6335 0.9325
Car -1 -1 -3.0479 692.5980 173.8715 763.9654 202.7786 1.7327 1.7219 4.2243 7.3093 1.7973 44.7092 -2.8874 -0.0755
Car -1 -1 -4.5089 187.7648 186.1705 253.0783 227.5286 1.5119 1.6206 3.8051 -16.0161 2.0987 29.7540 -4.9993 -0.6110
Pedestrian -1 -1 -7.7413 388.9174 183.7562 402.4639 214.4499 1.5915 0.6206 0.6005 -11.3254 2.1708 38.0104 -8.0294 -0.6445
Pedestrian -1 -1 -3.0240 199.6370 170.1057 234.0618 261.3615 1.8171 0.5174 0.5577 -8.0605 1.7621 14.7105 -3.5181 -0.9865
Pedestrian -1 -1 -2.2742 433.6203 178.6762 455.5663 220.1547 1.8361 0.7779 0.5754 -7.5041 2.1024 32.5592 -2.4995 -1.1745
Car -1 -1 -4.7418 437.6402 185.2393 471.3286 217.2598 1.4479 1.5352 3.6251 -7.8522 2.1002 36.0746 -4.9551 -1.5830
Cyclist -1 -1 -3.2245 315.3931 178.0352 349.9110 210.4216 1.7863 0.5970 1.7729 -15.6634 2.0826 40.6594 -3.5903 -1.6352
Car -1 -1 -5.1476 666.7144 173.6290 702.9603 191.9845 1.4982 1.5721 3.8484 6.2779 1.5658 61.1449 -5.0461 -1.6430
Pedestrian -1 -1 -6.8088 146.4140 170.4586 181.8710 238.7419 1.6517 0.5822 0.5250 -11.0623 1.5935 17.8229 -7.3579 -1.7112
