Car -1 -1 -3.3618 685.8032 165.5402 799.4448 210.0446 1.8339 1.7782 4.4731 5.5408 1.5322 30.7192 -3.1855 4.7049
Car -1 -1 -6.9664 1143.4943 146.2239 1241.0000 188.9287 1.5961 1.7544 4.4842 23.4620 0.6005 27.8708 -6.2719 3.3799
Car -1 -1 -6.8980 1098.0365 147.9965 1230.3994 184.7441 1.5073 1.6942 4.2462 23.3092 0.4874 30.5124 -6.2502 3.1089
Car -1 -1 -4.6627 504.3966 181.5621 537.8168 211.3411 1.5313 1.6594 3.9887 -4.9613 2.0427 40.3509 -4.7848 2.4799
Car -1 -1 -6.8126 1038.4194 150.6534 1159.6587 183.6754 1.5366 1.7011 4.5794 23.3001 0.5032 34.5603 -6.2234 2.1259
Car -1 -1 -8.1635 838.1688 158.1689 873.9498 182.9534 1.9435 1.6808 3.7161 19.8600 0.7916 58.4507 -7.8376 1.9514
Car -1 -1 -6.7196 935.5759 153.8771 1014.8430 179.4847 1.5483 1.6080 4.0616 22.4346 0.4006 44.4861 -6.2552 1.5200
Car -1 -1 -7.7778 608.2731 175.7771 628.4399 191.9466 1.5063 1.6615 3.9952 0.8184 1.7980 70.0236 -7.7666 1.2437
Car -1 -1 -6.7622 918.8810 155.9507 989.6371 180.0069 1.5372 1.5664 3.8707 22.3377 0.4568 46.9611 -6.3207 0.8828
Car -1 -1 -4.7726 646.2463 173.8622 668.9971 194.4391 1.5984 1.5952 3.7949 3.7804 1.6820 58.1362 -4.7084 0.3008
Car -1 -1 -4.3533 569.7540 176.8370 601.8091 194.3712 1.5263 1.6319 3.9889 -2.1988 1.9018 65.9346 -4.3869 -0.0062
Car -1 -1 -4.9949 501.6639 180.4016 544.4825 206.4278 1.5484 1.6513 4.0959 -5.6719 2.0567 46.4153 -5.1163 -0.4666
Cyclist -1 -1 -4.3690 789.3401 164.8401 804.4726 190.2509 1.6919 0.5132 1.5182 12.6174 1.1580 48.8136 -4.1178 -1.2293
Pedestrian -1 -1 -2.9511 479.6326 173.4596 490.4753 194.9695 1.9043 0.5060 0.8701 -11.1305 1.9580 64.1539 -3.1225 -1.2364
Car -1 -1 -4.6717 474.8535 179.9493 501.7944 203.5254 1.5118 1.6639 4.1476 -8.3779 2.0218 49.7316 -4.8382 -1.6301
Car -1 -1 -8.2235 997.4349 158.9636 1040.7791 181.6844 1.7581 1.6753 4.0216 32.7624 0.6830 57.9417 -7.7112 -2.1165
