Car -1 -1 -4.3174 180.1991 190.1152 429.4475 328.3636 1.5124 1.7165 4.4388 -4.2006 1.8216 10.6962 -4.6841 7.7381
Car -1 -1 -4.9198 738.4876 173.2972 828.0493 229.5896 1.5281 1.7374 4.2795 5.0465 1.5425 21.7751 -4.6957 7.2467
Car -1 -1 -7.7502 648.4359 179.8397 692.8833 215.3622 1.5146 1.7093 3.3720 2.8033 1.8542 33.2939 -7.6675 7.1391
Car -1 -1 -4.4465 370.8249 188.8525 490.1745 266.1671 1.4633 1.6256 4.0174 -4.0005 1.8746 16.5307 -4.6811 6.7546
Car -1 -1 -4.4764 449.3831 179.8804 527.5239 238.1669 1.6468 1.6022 3.6896 -3.7827 1.8865 22.7416 -4.6401 5.8298
Car -1 -1 -4.5656 500.5215 185.1670 551.5894 224.9689 1.4356 1.5294 3.5603 -3.3498 1.9600 28.9439 -4.6804 4.6765
Car -1 -1 -6.4353 729.8129 174.2318 856.6593 216.2643 1.4540 1.6061 4.2291 6.4728 1.5053 26.0121 -6.1946 4.2558
Car -1 -1 -7.4897 662.8322 178.8846 713.5205 210.4452 1.5383 1.5239 3.4180 4.0926 1.8692 37.7525 -7.3831 4.2269
Car -1 -1 -4.6187 517.1533 182.5039 561.8614 217.6917 1.4900 1.6956 4.2664 -3.2834 1.9711 33.8603 -4.7152 3.9631
Car -1 -1 -6.9951 1103.7567 117.9739 1241.0000 222.7420 1.6584 1.7750 4.2292 11.1106 0.7894 12.3297 -6.2733 3.9512
Car -1 -1 -4.0278 0.0000 203.0281 218.2110 374.0000 1.5186 1.6648 4.1882 -4.3372 1.7935 4.4396 -4.7719 3.9500
Car -1 -1 -7.2744 691.3803 176.9421 748.4753 205.6901 1.5660 1.6310 3.4672 6.3404 1.8122 41.6632 -7.1249 2.9016
Car -1 -1 -4.9587 538.0469 181.9688 574.3203 206.1394 1.5156 1.5773 3.7289 -3.7091 2.1570 48.7833 -5.0347 0.2762
Car -1 -1 -5.0719 809.0553 150.2629 887.0702 204.0860 2.1425 1.7603 4.2503 10.0350 1.2429 30.8868 -4.7609 -0.2798
Car -1 -1 -2.9776 684.4763 169.9623 741.2893 192.4377 1.6079 1.6461 3.9164 7.5341 1.4008 52.9923 -2.8375 -1.3689
Pedestrian -1 -1 -5.4461 0.0000 172.9306 14.5960 235.0647 1.7840 0.7361 0.8367 -18.2108 1.7860 21.1382 -6.1511 -1.9337
Car -1 -1 -5.0679 722.7190 173.2154 754.8810 190.4276 1.4906 1.5483 3.9569 11.4793 1.5237 64.6596 -4.8933 -1.9820
