Car -1 -1 -4.2898 21.0154 191.2463 354.2326 374.0000 1.5167 1.6586 4.1375 -4.5065 1.7852 8.4341 -4.7682 7.5465
Car -1 -1 -4.4099 308.3667 184.1807 461.3091 275.0578 1.5095 1.7030 4.3715 -4.4199 1.7749 14.7311 -4.6972 7.2842
Car -1 -1 -4.4941 413.6078 184.3350 501.8004 241.9625 1.4285 1.6436 3.9208 -4.2880 1.7881 20.6447 -4.6970 7.2763
Car -1 -1 -4.8862 709.0553 170.4218 779.3461 215.4955 1.4888 1.7262 4.3746 4.6870 1.4082 26.0220 -4.7105 6.6841
Car -1 -1 -4.5096 464.9211 177.1522 529.1611 224.9214 1.6210 1.6179 3.7956 -4.1540 1.7917 26.7692 -4.6626 5.5970
Car -1 -1 -7.7570 634.8325 175.6979 673.2432 206.6302 1.5131 1.6611 3.5763 2.2955 1.6683 37.5403 -7.6969 5.5394
Car -1 -1 -6.8186 971.0894 125.4499 1232.1687 209.3874 1.8080 1.8013 4.7018 11.0404 0.7866 16.5467 -6.2384 5.1178
Car -1 -1 -4.5879 502.9220 181.8677 545.8325 214.7860 1.3833 1.5235 3.5579 -3.9150 1.8186 33.0823 -4.7053 4.3037
Car -1 -1 -6.4077 702.3566 169.7727 812.1241 206.8695 1.5085 1.6583 4.3393 6.0692 1.3829 30.3207 -6.2125 3.9510
Car -1 -1 -7.4722 644.6318 174.0921 694.9590 202.6565 1.5777 1.6258 3.8164 3.4996 1.6532 42.1031 -7.3903 2.8185
Car -1 -1 -4.6449 517.1087 179.6860 553.9979 209.8992 1.4592 1.6509 4.1677 -3.8969 1.8379 37.9139 -4.7471 2.5237
Car -1 -1 -7.3603 672.3714 173.1792 719.3502 199.1825 1.5901 1.6227 3.2644 5.4646 1.6114 45.9706 -7.2431 2.4568
Car -1 -1 -8.5631 1129.6777 134.1137 1241.0000 186.2183 1.7177 1.6254 3.7631 20.6769 0.4403 25.6969 -7.8910 1.4791
Car -1 -1 -7.9473 392.3443 178.7528 419.4570 199.1754 1.4353 1.5919 3.9482 -15.3522 1.8944 54.0673 -8.2230 0.8808
Car -1 -1 -4.9101 537.7773 177.2217 569.1274 199.1372 1.5210 1.5647 3.8349 -4.2155 1.8537 52.9560 -4.9896 -0.4278
Car -1 -1 -4.7250 422.6093 175.2203 446.6705 197.6953 1.5442 1.6277 3.9233 -12.7214 1.7218 52.1216 -4.9636 -1.1660
Car -1 -1 -4.6262 664.9861 170.8907 699.7081 203.3461 1.6818 1.5796 3.6698 3.9461 1.5797 39.3376 -4.5274 -1.1841
Car -1 -1 -4.3912 594.4103 175.3223 625.0036 191.7742 1.4694 1.6043 4.2373 -0.0111 1.7074 67.3872 -4.3918 -1.2884
Car -1 -1 -4.8781 364.5194 170.6793 406.3604 202.5865 1.6776 1.6240 3.6867 -12.5078 1.5630 39.9485 -5.1800 -1.4792
Pedestrian -1 -1 -6.9755 66.2890 161.3867 126.8593 265.9211 1.8390 0.5925 0.6730 -9.3630 1.6370 13.0965 -7.5868 -1.4845
