Car -1 -1 -4.5749 406.6673 182.9351 476.2734 235.6300 1.5112 1.6816 3.8206 -5.4240 1.8658 23.4255 -4.8005 7.0627
Car -1 -1 -3.5849 764.1388 166.5592 1029.3079 248.8694 1.4836 1.6888 4.5129 5.4036 1.3699 14.0352 -3.2251 5.5541
Car -1 -1 -4.6447 505.6353 176.8033 557.8773 222.3114 1.6605 1.7852 4.4353 -3.1045 1.8311 28.9694 -4.7511 5.3070
Car -1 -1 -6.9772 1102.4207 147.2153 1235.4089 187.0235 1.5108 1.6597 3.9947 21.8062 0.5375 28.2974 -6.3257 4.8387
Car -1 -1 -4.8217 641.6613 174.1493 681.0182 202.2083 1.5255 1.7910 4.2916 2.8666 1.6039 41.6119 -4.7538 4.6020
Car -1 -1 -4.5288 443.4537 182.7948 505.5397 222.7453 1.4776 1.7586 4.3608 -5.5751 1.9200 29.9526 -4.7118 4.6003
Car -1 -1 -8.4284 939.7185 156.3125 1007.6177 185.3242 1.6269 1.6629 3.9821 21.3136 0.6990 42.5351 -7.9667 2.9239
Car -1 -1 -6.5488 769.7750 155.1775 891.1663 196.4189 1.8033 1.8704 4.9133 9.8183 1.0301 32.5449 -6.2586 2.8294
Car -1 -1 -6.9929 1066.1914 150.8070 1185.6349 186.5751 1.4750 1.6035 4.0929 21.8924 0.5655 30.7484 -6.3787 2.4712
Car -1 -1 -7.8060 593.2237 178.5501 617.3988 199.8098 1.4807 1.6064 3.8033 -0.3442 1.9158 53.2209 -7.8129 2.4671
Car -1 -1 -6.8819 1030.6194 150.6069 1151.5452 184.8997 1.5305 1.6525 4.4623 21.9389 0.5373 33.0664 -6.3002 2.3457
Car -1 -1 -8.2955 905.5118 152.1738 964.6556 184.8952 1.8307 1.7058 3.7463 18.9276 0.6734 42.2599 -7.8771 1.9532
Car -1 -1 -3.3888 717.2739 176.6118 787.7428 200.2551 1.4149 1.5640 3.9857 8.6924 1.6502 44.3539 -3.1970 1.7099
Car -1 -1 -4.6995 470.0008 182.6479 504.7589 215.2876 1.4652 1.6048 4.0403 -6.0920 1.9793 35.7810 -4.8674 1.5487
Car -1 -1 -6.4274 637.6272 174.4941 708.4794 200.3332 1.6081 1.7024 4.2970 3.9510 1.7146 46.0078 -6.3428 0.6370
Car -1 -1 -5.0766 615.3131 172.3330 647.7994 191.1968 1.5631 1.5765 3.6526 1.7881 1.5197 61.7737 -5.0482 -0.3967
Car -1 -1 -7.6088 601.1266 174.2326 632.7252 194.5657 1.5633 1.6406 3.8912 0.5651 1.6775 57.8481 -7.5994 -0.4294
Cyclist -1 -1 -8.0261 415.7506 177.2206 425.2180 202.2364 1.6267 0.3421 1.5861 -12.6416 1.9216 47.9886 -8.2827 -0.8552
Car -1 -1 -7.4952 615.0518 173.8660 651.9702 194.6562 1.5861 1.6344 4.0131 1.8835 1.6693 57.4227 -7.4630 -1.9268
Car -1 -1 -4.8812 1201.7819 166.9339 1241.0000 200.2024 1.4509 1.5412 3.7659 28.7690 1.1924 33.4800 -4.1758 -1.9332
Pedestrian -1 -1 -7.3175 404.3066 177.1249 419.5548 201.2112 1.7596 0.7688 0.8364 -14.6837 2.0783 53.3946 -7.5850 -2.1126
Car -1 -1 -7.5821 402.2568 176.8140 447.8286 204.0998 1.5420 1.6432 3.9723 -11.0887 1.7906 43.3612 -7.8314 -2.1780
