Car -1 -1 -4.5569 371.0003 184.1648 456.5487 247.8612 1.4948 1.6520 3.8537 -5.2744 1.8339 19.6463 -4.8165 8.2217
Car -1 -1 -4.5792 465.6069 176.8883 550.2908 242.7072 1.6548 1.8227 4.2376 -2.8278 1.7811 20.5224 -4.7151 6.9216
Car -1 -1 -4.8412 648.6372 173.6024 692.4444 204.2512 1.5074 1.7478 4.1288 3.0624 1.5484 37.6959 -4.7612 6.1818
Car -1 -1 -3.7185 823.4222 157.6329 1205.4683 281.0304 1.5607 1.7330 4.5335 5.4932 1.3679 10.2049 -3.2373 6.0896
Car -1 -1 -6.6198 797.4707 148.7587 934.5174 197.1129 1.8533 1.8577 4.7699 10.0118 0.9295 28.5916 -6.2865 5.0394
Car -1 -1 -6.9680 1138.6698 142.4730 1241.0000 184.0050 1.4840 1.6235 4.0646 22.0721 0.3981 26.5986 -6.2806 2.8501
Car -1 -1 -6.9461 1092.4402 144.9673 1228.5131 184.5430 1.5467 1.7242 4.2003 22.0797 0.4565 29.1008 -6.3019 2.7341
Car -1 -1 -7.7484 596.8278 177.3024 626.4489 201.4172 1.5590 1.6357 3.8340 0.1174 1.8754 49.3748 -7.7465 2.3556
Car -1 -1 -8.3591 940.2096 144.0425 1014.1287 189.8445 2.2873 1.7428 3.9922 19.2300 0.8482 38.0633 -7.8945 2.1842
Car -1 -1 -4.6073 426.6812 179.7140 485.1580 231.0547 1.6418 1.6091 4.1405 -5.4664 1.9070 25.7875 -4.8147 2.0977
Car -1 -1 -7.0991 1187.2584 138.4321 1241.0000 186.8075 1.5675 1.6353 4.1485 22.0979 0.4518 24.3714 -6.3685 1.9715
Car -1 -1 -8.4690 979.9285 151.1953 1056.7970 184.0267 1.6606 1.6678 3.7959 21.6388 0.5648 38.4713 -7.9599 1.5318
Car -1 -1 -7.2856 627.4249 174.9992 668.3728 196.0387 1.6201 1.6159 3.5682 3.0409 1.7976 57.8741 -7.2338 1.4324
Car -1 -1 -6.3002 645.4955 172.2990 723.7462 199.6282 1.5625 1.6765 4.4709 4.3085 1.5305 42.2748 -6.1998 1.1262
Car -1 -1 -8.3409 1054.4718 138.2879 1138.7689 179.2488 2.0609 1.8397 4.4713 25.8714 0.3214 38.6188 -7.7541 0.3196
Car -1 -1 -5.1250 409.2988 175.9822 443.1045 193.8669 1.4902 1.5337 3.5890 -16.0089 1.7697 62.6655 -5.3744 -0.1084
Car -1 -1 -6.3513 302.0625 167.5800 370.4829 195.8530 1.8268 1.6942 4.1747 -18.3362 1.4857 48.2599 -6.7128 -1.0156
Car -1 -1 -6.9581 620.4551 175.4305 676.5441 196.3797 1.4623 1.6376 3.9230 2.7961 1.6563 52.6174 -6.9057 -1.4550
Car -1 -1 -4.8496 383.1604 172.1459 416.3902 199.4443 1.8529 1.6962 4.2730 -15.0064 1.8046 51.2726 -5.1332 -1.5809
Car -1 -1 -7.7598 605.6317 175.2714 632.2738 196.5998 1.5167 1.6223 4.0103 0.6742 1.7038 53.8607 -7.7477 -1.6867
