Car -1 -1 -4.2072 0.0000 189.8763 325.9670 374.0000 1.5370 1.6549 3.7831 -3.5816 1.7065 5.2497 -4.7833 5.0187
Car -1 -1 -3.3096 637.3188 165.9135 730.9987 203.8933 1.8398 1.7535 4.4114 3.6109 1.5033 35.9803 -3.2109 3.1356
Car -1 -1 -4.5743 470.3677 179.1163 504.9630 205.3935 1.5268 1.5998 3.8765 -7.5870 1.9326 44.8203 -4.7414 1.8221
Car -1 -1 -8.1264 775.1467 156.4473 805.6128 178.3964 1.9064 1.6928 3.7373 16.0789 0.4811 64.5638 -7.8835 1.7452
Car -1 -1 -6.7241 853.4574 154.8035 924.0971 178.4734 1.6343 1.6879 4.3359 19.5721 0.3877 50.8234 -6.3585 1.4825
Car -1 -1 -4.7881 597.2614 171.8481 620.9034 191.0453 1.6265 1.7508 4.2505 -0.1376 1.5410 63.3217 -4.7906 1.3267
Car -1 -1 -7.1111 1036.9900 181.4971 1241.0000 373.1060 1.3320 1.5052 3.3553 5.5921 1.4149 6.0218 -6.3872 1.1898
Car -1 -1 -4.8843 642.0607 172.7258 666.8262 189.1672 1.4857 1.6309 4.0402 4.0914 1.4738 67.2998 -4.8242 -0.7270
Car -1 -1 -4.6555 627.1981 172.1922 646.7904 188.2881 1.4953 1.6511 4.0689 2.5929 1.4335 69.1317 -4.6185 -1.2697
Car -1 -1 -2.7571 855.7650 165.7292 941.8909 194.4704 1.5050 1.6174 4.1001 15.8375 1.1316 39.7824 -2.3811 -1.3058
Pedestrian -1 -1 -5.8871 388.8075 182.8298 399.7039 216.8209 1.6473 0.4917 0.3494 -10.6194 2.1399 35.3857 -6.1771 -1.6375
Pedestrian -1 -1 -3.7767 1025.0059 137.9552 1090.6832 263.9437 1.7706 0.6708 0.5088 6.4466 1.2798 10.4988 -3.2389 -1.8833
