Car -1 -1 -4.3853 15.4629 188.7504 358.5100 374.0000 1.5478 1.6867 3.7380 -3.8262 1.7502 7.2273 -4.8579 7.5683
Car -1 -1 -3.3344 609.5044 168.2682 696.9088 201.0260 1.6804 1.7132 4.3636 2.2125 1.4449 38.1575 -3.2774 4.5388
Car -1 -1 -4.6494 451.2686 178.7614 481.9948 204.4965 1.5535 1.6954 4.0549 -9.2579 1.9525 46.6508 -4.8446 2.3053
Car -1 -1 -4.7495 574.6228 172.8875 595.8821 190.8345 1.5730 1.7616 4.3259 -2.2985 1.5758 65.4685 -4.7848 1.5614
Car -1 -1 -6.7041 813.1193 156.9765 874.7490 178.4551 1.5617 1.6266 4.0334 17.2881 0.4069 53.4911 -6.3931 0.5704
Pedestrian -1 -1 -5.5324 407.2299 179.6574 432.6926 219.2684 1.6278 0.6319 0.8242 -8.0193 1.9175 30.2873 -5.7896 0.3806
Car -1 -1 -8.2190 740.9943 159.6084 775.1826 182.7763 2.0902 1.7748 4.0761 13.7374 0.8949 67.2513 -8.0186 -0.5451
Pedestrian -1 -1 -7.0119 1204.7133 149.4799 1241.0000 283.4482 1.6751 0.5333 0.4989 8.0762 1.3825 9.2956 -6.3126 -1.7614
Car -1 -1 -7.9820 774.1696 157.4018 798.3491 178.0020 1.8765 1.6993 4.0159 16.5102 0.4686 67.8145 -7.7443 -1.9664
Pedestrian -1 -1 -4.6888 381.7779 193.9140 395.3686 230.7399 1.1911 0.4206 0.3736 -7.3627 1.8936 23.8442 -4.9857 -2.0069
Car -1 -1 -4.7288 475.7011 177.7700 495.7017 196.8203 1.4838 1.5524 3.7026 -10.2438 1.9001 59.1779 -4.8998 -2.0804
Car -1 -1 -4.5765 591.8190 177.4684 625.4658 202.6088 1.4578 1.5708 3.8950 -0.0763 1.7559 44.6208 -4.5787 -2.1019
