Car -1 -1 -4.6010 428.8609 182.3592 490.5538 231.3367 1.5332 1.6870 4.0101 -5.2621 1.8956 25.4646 -4.8033 6.6518
Car -1 -1 -4.5806 459.1367 181.0379 511.2571 219.8669 1.5394 1.6914 4.4170 -5.4601 1.9250 31.7873 -4.7499 5.5674
Car -1 -1 -4.8316 643.7611 174.5036 681.9627 200.7988 1.4966 1.7924 4.2241 3.0960 1.6007 43.4911 -4.7615 5.1773
Car -1 -1 -3.5255 748.1052 166.9406 982.1002 240.1533 1.5167 1.7261 4.5624 5.4675 1.3939 15.9452 -3.2015 4.9320
Car -1 -1 -6.9468 1076.7810 146.1075 1204.5947 184.5232 1.5552 1.6641 4.1649 22.0413 0.4721 30.1185 -6.3196 4.0942
Car -1 -1 -4.6578 521.4565 176.3252 564.5458 215.6756 1.6718 1.7485 4.0186 -3.0505 1.8404 33.0556 -4.7496 3.9722
Car -1 -1 -4.6167 483.7592 181.3041 521.8426 211.7803 1.4625 1.6068 3.8357 -5.5837 1.9262 37.6665 -4.7634 3.9212
Car -1 -1 -8.3040 898.6978 153.1062 953.4547 184.9721 1.8607 1.6581 3.5600 19.1490 0.7073 43.9449 -7.8956 3.4548
Car -1 -1 -7.0181 1043.4304 151.4667 1157.3649 186.3087 1.5212 1.6422 4.2704 22.0883 0.5871 32.6202 -6.4270 3.2959
Car -1 -1 -7.7884 596.1730 177.1447 621.0909 198.4578 1.5485 1.6715 3.5929 -0.1028 1.8863 55.0116 -7.7907 3.2571
Car -1 -1 -8.3435 934.4532 157.7886 993.9583 185.5669 1.6299 1.6280 3.8893 21.6384 0.7456 44.3108 -7.8919 2.3890
Car -1 -1 -6.5328 766.9396 155.1842 882.1038 195.4681 1.8656 1.8875 4.9517 10.1167 1.0470 34.4411 -6.2497 2.3089
Car -1 -1 -6.8176 1012.5414 152.9777 1127.2417 185.4112 1.5246 1.6783 4.4349 22.0787 0.5900 34.8161 -6.2563 1.9079
Car -1 -1 -6.4486 709.9084 177.3531 780.4028 200.3109 1.4349 1.6177 4.2310 8.5923 1.7284 46.2718 -6.2666 1.0954
Car -1 -1 -4.5270 627.9937 172.6086 653.7324 191.3976 1.6082 1.6056 3.7907 2.7348 1.5869 63.7855 -4.4847 -0.1053
Car -1 -1 -6.3366 644.7410 173.7180 705.0074 197.4498 1.5463 1.6023 3.9040 4.2416 1.6045 47.9440 -6.2494 -0.3861
Pedestrian -1 -1 -8.2312 364.8101 173.7860 385.7785 218.2377 1.8294 0.6870 0.5275 -9.8459 1.8686 30.1347 -8.5448 -0.9500
Car -1 -1 -6.2733 328.6844 163.1670 391.3009 190.7453 2.0003 1.7679 4.3489 -18.6519 1.2974 53.8616 -6.6054 -1.5731
Car -1 -1 -4.7485 498.4150 175.5679 527.2415 204.2891 1.6543 1.5918 4.1693 -6.0212 1.8284 44.1636 -4.8836 -2.0268
Car -1 -1 -7.6960 604.5691 174.8913 631.4949 195.2627 1.6142 1.6186 4.0260 0.6736 1.7885 59.7192 -7.6852 -2.1217
Car -1 -1 -4.5945 402.5704 178.7311 438.7135 205.9256 1.5080 1.6054 4.1859 -11.3019 1.8768 43.1370 -4.8496 -2.1718
Car -1 -1 -5.0957 1151.9125 158.9645 1215.2566 186.3155 1.5671 1.6158 3.9302 34.4154 0.7710 43.4542 -4.4293 -2.1755
