Car -1 -1 -4.4582 372.3466 184.0163 504.1060 272.0503 1.5137 1.6808 3.9152 -3.4222 1.7745 14.8922 -4.6810 7.0625
Car -1 -1 -8.0520 717.5237 179.0789 804.0478 240.0836 1.5547 1.6423 4.0088 4.1782 1.7512 20.8046 -7.8573 6.9500
Car -1 -1 -8.2376 827.3299 186.7927 1086.0925 344.1691 1.4537 1.5642 3.2373 3.7760 1.6507 8.5855 -7.8370 6.8869
Car -1 -1 -8.0809 760.9688 182.3935 897.9398 274.6077 1.4851 1.6391 3.8488 4.0140 1.6956 13.9856 -7.8079 6.5103
Car -1 -1 -4.4665 451.8071 183.3148 538.1939 244.1096 1.5002 1.5850 3.4731 -3.1743 1.8192 20.2262 -4.6210 5.9454
Car -1 -1 -4.3859 557.1699 178.2552 612.6651 214.5374 1.6091 1.5500 3.7188 -1.1840 1.8828 34.6009 -4.4204 5.8107
Car -1 -1 -4.6116 505.3359 179.5669 559.7991 226.4552 1.6313 1.6786 4.0339 -2.9419 1.9075 27.7022 -4.7171 4.5408
Car -1 -1 -7.9193 709.5830 179.8569 758.1179 221.8583 1.4967 1.6164 3.5485 4.7288 1.7878 28.1727 -7.7554 4.4472
Car -1 -1 -4.3192 653.5726 177.0536 703.3464 203.2447 1.5285 1.6727 4.0409 4.2813 1.8026 44.9824 -4.2254 4.3880
Car -1 -1 -3.8580 0.0000 212.6550 193.5153 374.0000 1.5288 1.6668 4.0197 -3.6837 1.7975 2.8568 -4.7241 3.6082
Pedestrian -1 -1 -5.0255 881.5593 152.0552 942.8788 260.4820 1.9847 0.7516 1.1536 5.7046 1.6037 13.8089 -4.6421 3.0410
Car -1 -1 -7.5854 746.2650 173.4785 789.9655 201.1713 1.5577 1.5786 3.8204 9.3695 1.5962 42.7379 -7.3714 1.0323
Car -1 -1 -7.6394 726.7933 177.3830 766.6857 206.3531 1.4553 1.4332 3.3093 7.3135 1.7087 38.6131 -7.4541 0.0765
Pedestrian -1 -1 -8.0479 761.5897 174.9979 775.9912 204.4385 1.6570 0.6774 0.6891 8.9852 1.7796 41.0132 -7.8342 -1.7176
Car -1 -1 -7.7213 851.8221 166.7063 884.9525 192.0914 1.6466 1.6256 3.8698 17.5085 1.2476 48.8957 -7.3796 -1.8510
