Car -1 -1 -8.0397 762.4221 179.2970 890.1254 274.7204 1.5245 1.5951 3.6760 3.8793 1.6633 13.6822 -7.7700 7.8120
Car -1 -1 -4.3394 473.9133 175.9071 573.7465 241.7000 1.6232 1.5388 3.5454 -2.3203 1.7152 19.8893 -4.4548 7.5552
Car -1 -1 -4.4525 315.1589 166.6457 468.6121 288.4300 1.8453 1.6069 4.0134 -3.7550 1.7509 12.9533 -4.7301 7.0403
Car -1 -1 -4.3444 635.2040 173.9783 707.2715 214.7446 1.5878 1.7087 3.9844 2.6063 1.6382 30.3880 -4.2602 7.0058
Car -1 -1 -8.3761 851.7200 182.8578 1241.0000 374.0000 1.4843 1.6612 4.2636 3.6494 1.6017 6.3387 -7.8747 6.4675
Car -1 -1 -4.1388 0.0000 196.2121 326.4570 374.0000 1.4626 1.5294 3.3191 -3.6405 1.6937 5.4815 -4.7037 6.1937
Car -1 -1 -7.9194 748.3908 179.4760 824.6609 243.9253 1.4718 1.6421 4.1087 4.5035 1.6664 19.0809 -7.6919 6.0826
Car -1 -1 -8.1341 908.5142 155.3674 968.8844 194.8466 1.7968 1.6759 3.6750 15.7208 1.0007 34.7769 -7.7129 3.5029
Car -1 -1 -4.5354 736.3500 168.4165 765.7450 189.4776 1.5334 1.5467 3.7809 10.6697 1.2100 54.5745 -4.3436 1.8414
Car -1 -1 -7.8934 822.0861 168.3834 850.3638 191.6060 1.4822 1.6254 4.1734 15.0606 1.1966 48.2788 -7.5931 1.7008
Car -1 -1 -7.3873 264.5270 187.3786 302.4526 205.2426 1.5129 1.6444 3.7719 -29.9058 2.8827 66.1465 -7.8107 1.2892
Car -1 -1 -4.4231 694.0673 170.8197 739.2945 196.8105 1.5103 1.6131 4.2021 6.5450 1.3918 44.1735 -4.2774 0.8439
Car -1 -1 -4.2222 849.6844 162.9764 923.9586 196.6966 1.5542 1.6441 4.1327 13.5151 1.0986 35.2339 -3.8590 0.5589
Car -1 -1 -4.5785 757.9787 177.8226 818.7593 225.8642 1.4582 1.5243 3.6524 6.0169 1.6388 24.2888 -4.3392 0.3565
Car -1 -1 -4.6543 784.8137 174.5160 832.1448 215.9424 1.4851 1.5753 3.6394 7.7057 1.5538 28.0006 -4.3890 0.3387
Car -1 -1 -6.7200 989.5757 167.1999 1104.1545 203.9754 1.4518 1.5921 3.6730 17.7149 1.2283 29.4593 -6.1833 -1.1791
Cyclist -1 -1 -7.3114 963.8413 162.5775 993.3624 194.9640 1.8501 0.7199 1.7779 21.4201 1.2627 41.9947 -6.8428 -1.6402
