Car -1 -1 -4.4903 380.3731 175.2276 498.5625 266.4633 1.5714 1.5369 3.3574 -3.2707 1.6233 14.1943 -4.7135 6.8805
Car -1 -1 -4.1055 1047.9661 162.4175 1170.6353 206.1536 1.4865 1.6647 4.0081 17.9525 1.1315 26.0176 -3.5070 6.7183
Car -1 -1 -3.1823 766.7685 160.8329 916.9503 219.1474 1.7874 1.7972 4.5024 7.4153 1.4186 23.5633 -2.8815 6.5859
Car -1 -1 -7.8377 914.0513 182.8842 1111.0835 355.6976 1.4296 1.5625 3.3174 4.3370 1.5661 8.0118 -7.3578 6.1475
Car -1 -1 -7.5537 929.0947 171.7061 1092.0853 273.5631 1.4694 1.5117 3.2904 6.7314 1.4525 12.0992 -7.0569 5.8783
Car -1 -1 -4.1985 0.0000 201.6840 382.4646 374.0000 1.4109 1.6367 4.0707 -2.8576 1.6701 4.4337 -4.7451 5.5728
Car -1 -1 -8.3835 956.5905 188.4862 1241.0000 374.0000 1.4603 1.5168 3.5079 3.0625 1.5777 3.5892 -7.7177 4.9255
Car -1 -1 -5.0533 419.9995 177.5811 535.5093 241.7343 1.4722 1.6759 4.2169 -3.6689 1.6119 19.1315 -5.2409 2.8776
Car -1 -1 -7.4903 1212.7224 170.2073 1241.0000 237.7010 1.4250 1.6165 3.6823 15.8933 1.3688 16.7723 -6.7408 2.3218
Car -1 -1 -6.8533 781.9326 159.6343 842.0376 181.2478 1.5330 1.6378 3.9585 14.6703 0.5951 52.5429 -6.5826 1.0448
Car -1 -1 -4.6106 485.3582 177.6720 519.3220 205.1974 1.3694 1.4475 3.3232 -5.6961 1.6354 38.1823 -4.7581 0.8073
Cyclist -1 -1 -2.8030 23.0822 171.9102 97.7719 231.2016 1.7709 0.6841 1.6915 -16.8759 1.7424 22.1321 -3.4488 0.3257
Car -1 -1 -2.7580 28.3721 179.6957 273.6308 257.2188 1.3891 1.5779 3.7600 -8.9099 1.5339 14.2140 -3.3097 -1.0070
Car -1 -1 -6.4372 636.1350 176.6073 703.6238 199.9288 1.4370 1.6109 4.0596 3.7294 1.6795 45.7196 -6.3568 -1.1850
Pedestrian -1 -1 -7.8686 955.5047 165.9185 971.3627 203.2835 1.7204 0.6519 0.5844 16.4240 1.4007 33.6238 -7.4181 -1.4624
Car -1 -1 -7.5118 208.7348 180.6307 298.7602 226.6963 1.4549 1.6050 3.9540 -12.5258 1.7519 25.5342 -7.9641 -1.5680
Pedestrian -1 -1 -6.4720 372.9987 170.4786 392.6430 229.4100 1.6794 0.5547 0.4472 -6.6356 1.6114 20.9124 -6.7761 -1.9056
Car -1 -1 -2.8809 365.1427 179.3739 449.3168 208.5468 1.4345 1.5919 3.8370 -10.2955 1.7729 36.6639 -3.1532 -2.0576
