Car -1 -1 -4.2692 50.9566 184.5730 409.8157 374.0000 1.5340 1.6603 3.9058 -3.5549 1.6885 7.5639 -4.6960 7.8800
Car -1 -1 -8.1137 759.6685 178.5090 911.3550 274.7620 1.4982 1.6225 4.1275 3.9636 1.6204 13.5531 -7.8359 7.7092
Car -1 -1 -8.2970 874.9983 183.2913 1241.0000 374.0000 1.4669 1.6078 3.8222 3.8331 1.5923 6.7375 -7.7995 7.3907
Car -1 -1 -4.5326 451.0623 174.4070 534.8427 242.4049 1.7194 1.6220 4.0647 -3.2404 1.7674 20.3893 -4.6889 7.3057
Car -1 -1 -4.3281 651.1019 174.0191 710.0781 205.2458 1.5295 1.6772 4.0407 3.7049 1.5936 37.6838 -4.2314 6.8580
Car -1 -1 -7.9712 730.0655 175.8750 802.7834 236.2666 1.5811 1.6157 3.6049 4.3969 1.6763 20.9428 -7.7679 6.6331
Car -1 -1 -4.3820 531.8704 176.9040 602.1312 222.0780 1.5683 1.5907 3.5434 -1.6005 1.7320 27.3133 -4.4406 6.3087
Car -1 -1 -4.4107 342.7292 184.5878 488.5489 284.1408 1.4881 1.5596 3.3610 -3.3658 1.7257 12.9083 -4.6617 5.9290
Car -1 -1 -8.1029 882.1348 160.7987 928.3409 191.7650 1.7031 1.6591 3.3887 16.8762 1.0398 41.4743 -7.7191 3.0337
Car -1 -1 -7.6474 767.9451 171.1749 815.5728 203.1750 1.4847 1.5745 3.5886 8.9278 1.4065 35.4354 -7.4030 2.9608
Car -1 -1 -7.8393 728.6260 178.2827 778.0156 222.4432 1.4513 1.6378 3.9418 5.1977 1.6648 26.3251 -7.6471 2.1532
Car -1 -1 -7.8642 195.3064 194.7950 315.5954 306.5442 1.3488 1.4762 3.9654 -5.7576 1.7664 11.6392 -8.3151 0.9296
Car -1 -1 -7.5702 745.1620 175.7045 803.4658 210.8043 1.4233 1.5885 3.4337 7.1648 1.5547 31.4524 -7.3487 0.8480
Car -1 -1 -4.3153 689.1422 172.3488 733.5768 196.3947 1.4880 1.5385 3.6972 6.5541 1.4565 46.6337 -4.1769 -0.0192
Car -1 -1 -5.1106 806.6652 165.9300 848.7665 187.0835 1.5527 1.6187 4.0545 16.5307 1.0442 55.0658 -4.8206 -0.0648
Pedestrian -1 -1 -8.0209 1116.2192 171.8479 1166.7515 272.7661 1.7175 0.6226 0.5613 9.2634 1.7001 12.6683 -7.4013 -0.4350
Pedestrian -1 -1 -7.6855 836.5414 170.1068 849.3362 199.2917 1.6326 0.5624 0.8208 13.1548 1.4786 40.8563 -7.3765 -0.6145
Pedestrian -1 -1 -5.4845 948.3067 164.6217 1116.4943 374.0000 1.6680 0.6332 0.6464 2.5484 1.6209 4.4985 -4.9981 -2.1214
Car -1 -1 -4.8152 965.7523 169.5880 1047.1125 227.4835 1.4549 1.5664 3.7781 10.9203 1.3725 20.1764 -4.3256 -2.1895
