Car -1 -1 -4.3714 555.0124 173.8836 671.3969 246.3513 1.6028 1.6851 3.9993 0.1581 1.6316 18.1876 -4.3638 7.6908
Car -1 -1 -4.1392 12.5666 178.4270 395.8937 374.0000 1.5969 1.5304 3.5480 -3.6493 1.6664 7.1765 -4.5956 7.4077
Car -1 -1 -8.1608 817.7532 184.3138 1173.1716 374.0000 1.4653 1.6009 4.1732 3.1879 1.6115 7.0696 -7.7539 6.7844
Car -1 -1 -7.8733 806.2405 180.5183 921.1708 284.7192 1.4546 1.5910 3.4071 4.1498 1.6038 12.2092 -7.5539 6.3817
Car -1 -1 -4.5042 643.1980 171.7504 697.9175 207.8687 1.5042 1.6411 4.0309 2.7256 1.4579 32.2155 -4.4211 4.4342
Car -1 -1 -7.8359 806.4105 167.2337 840.9516 199.0280 1.5384 1.6135 3.8344 10.9365 1.2662 36.9839 -7.5509 3.8516
Car -1 -1 -7.9610 810.9374 173.9216 903.4547 248.4925 1.5307 1.6070 3.6060 5.5787 1.5581 16.7962 -7.6463 3.4827
Car -1 -1 -4.5047 612.9609 172.9153 674.9871 216.2663 1.4999 1.5432 3.9669 1.3038 1.5021 27.0851 -4.4577 1.9812
Car -1 -1 -4.5613 701.6951 160.6106 737.1550 191.6646 1.9847 1.7183 4.4008 7.3636 1.2019 48.4700 -4.4117 1.3900
Car -1 -1 -7.4218 160.3346 190.7514 206.6310 211.7476 1.4676 1.6350 3.7993 -32.9290 2.8994 55.7654 -7.9534 1.3713
Car -1 -1 -8.7927 0.0000 0.0000 1241.0000 374.0000 1.5147 1.5623 3.5761 3.0103 1.6051 1.7234 -7.8138 1.3236
Car -1 -1 -4.4513 146.4819 187.9790 182.2093 209.0145 1.5975 1.5916 3.7798 -36.8888 2.8927 59.7651 -5.0026 0.2340
Car -1 -1 -4.5517 686.8994 169.3567 723.5576 196.2819 1.5280 1.5695 3.9055 5.6867 1.3292 43.0425 -4.4216 0.2315
Car -1 -1 -8.4683 1042.6605 144.3556 1166.8007 205.3530 1.7950 1.6283 3.2908 15.5128 0.9561 22.8987 -7.8790 -0.5547
Car -1 -1 -3.1804 858.1060 158.2051 915.4450 183.0215 1.8177 1.6587 3.9585 20.7311 0.7444 54.2672 -2.8174 -0.6025
Car -1 -1 -7.1701 922.3549 165.9492 1004.1924 198.1198 1.4753 1.6062 3.6181 16.8928 1.1584 34.5820 -6.7194 -1.1149
Car -1 -1 -6.9859 891.6421 162.8966 961.7203 188.9202 1.5009 1.6033 3.6479 18.7844 0.9263 42.9078 -6.5760 -1.1920
Car -1 -1 -7.9273 901.9295 162.4154 941.7886 194.0445 1.5812 1.6250 4.0370 16.4304 1.0590 38.2431 -7.5246 -1.8585
