Car -1 -1 -4.4432 316.3336 185.4970 483.0396 295.3223 1.5311 1.7225 3.9771 -3.4711 1.7848 12.5085 -4.7093 8.0770
Car -1 -1 -8.1194 783.7842 183.3898 963.0039 301.6878 1.5268 1.6481 3.8966 3.9529 1.7258 11.6559 -7.8013 7.0914
Car -1 -1 -8.3443 893.6537 185.2734 1241.0000 374.0000 1.5317 1.4703 3.1784 3.6934 1.6654 6.1722 -7.8271 6.7847
Car -1 -1 -8.0648 729.6159 181.5379 829.8993 251.2595 1.5333 1.6176 4.0979 4.1433 1.7796 18.4335 -7.8480 6.6169
Car -1 -1 -4.5546 489.0214 178.9414 555.9861 232.7627 1.7000 1.6949 4.1996 -3.0314 1.9320 25.4038 -4.6729 6.3861
Car -1 -1 -4.4623 429.0162 185.4140 525.2023 255.7340 1.5119 1.5436 3.3775 -3.2350 1.8531 17.8754 -4.6396 6.2067
Car -1 -1 -4.3884 550.2162 179.7517 609.5662 218.1568 1.5759 1.5836 3.6172 -1.3266 1.9028 32.2687 -4.4298 6.0087
Car -1 -1 -4.3192 652.8148 177.0386 705.6894 206.9853 1.6490 1.6652 4.0966 4.0991 1.9081 42.5443 -4.2243 5.1832
Car -1 -1 -7.9150 716.6047 182.1185 770.5688 228.3895 1.4846 1.6504 3.7225 4.6709 1.8414 25.8720 -7.7391 5.0370
Pedestrian -1 -1 -4.9876 948.9502 145.3097 1025.5321 286.3614 2.0289 0.7495 1.0895 5.6551 1.6324 10.9838 -4.5239 2.9145
Car -1 -1 -4.6358 715.3494 180.4001 760.8469 219.0286 1.4902 1.6211 4.0014 5.4813 1.8345 30.8102 -4.4621 1.6773
Car -1 -1 -8.0597 861.2575 165.0719 902.1342 192.3507 1.6825 1.7106 3.7949 17.4214 1.2022 46.5062 -7.7036 1.4777
Car -1 -1 -7.7455 806.6568 171.0796 831.7673 189.8128 1.4989 1.6016 3.8273 17.3406 1.3566 59.8053 -7.4649 0.6535
Car -1 -1 -7.6694 756.7277 174.9381 797.9134 204.0385 1.5308 1.5993 3.6744 9.3346 1.6526 40.2475 -7.4436 0.5867
Car -1 -1 -4.3135 296.5802 192.2206 425.4779 264.5868 1.3971 1.5411 3.5651 -5.6779 1.8957 16.7492 -4.6361 -0.3160
Car -1 -1 -8.3079 702.8436 178.8001 764.7474 211.7152 1.5264 1.5764 3.7147 6.1022 1.8408 36.1891 -8.1428 -0.7816
Pedestrian -1 -1 -8.7620 897.1964 168.0517 909.6365 191.2398 1.7764 0.7071 0.5772 22.6229 1.4082 55.7026 -8.3783 -2.1576
