Car -1 -1 -4.3679 496.8025 172.1870 640.0415 262.3514 1.6096 1.7173 3.9734 -0.7551 1.5974 15.0313 -4.4182 7.6507
Car -1 -1 -7.9774 814.1849 181.0452 985.3599 324.8265 1.4597 1.5383 3.3603 3.4797 1.5859 9.3393 -7.6321 7.3866
Car -1 -1 -8.3449 865.4583 190.7398 1241.0000 374.0000 1.4733 1.5842 4.0221 2.8208 1.6285 4.2151 -7.7880 6.2808
Car -1 -1 -4.5069 604.1544 170.2768 665.6395 210.2716 1.4996 1.6652 4.2523 1.0469 1.4027 29.3173 -4.4721 5.8265
Car -1 -1 -8.0092 805.1274 170.0627 924.5253 264.0712 1.5764 1.5909 3.4741 4.7181 1.5293 13.9430 -7.6901 5.2610
Car -1 -1 -7.8956 778.6636 167.7400 817.9297 201.6037 1.5200 1.6269 4.1214 8.9217 1.2902 34.5722 -7.6455 4.9288
Car -1 -1 -3.9603 0.0000 181.9763 230.7058 374.0000 1.5240 1.5891 3.6756 -3.8797 1.5964 3.9087 -4.7084 4.5329
Car -1 -1 -4.4674 650.0741 164.7678 696.0492 195.2216 1.6084 1.6390 3.9992 3.5333 1.1810 40.2653 -4.3808 2.8919
Car -1 -1 -4.5632 574.4745 171.8536 641.7681 221.8994 1.5254 1.6695 4.0012 -0.0236 1.4946 24.0941 -4.5648 2.6259
Car -1 -1 -4.5934 667.9880 159.3849 702.6786 190.3302 1.8578 1.7007 4.1605 4.7639 1.0489 45.5336 -4.4901 1.9573
Car -1 -1 -4.0906 900.8444 158.7555 983.2493 195.9022 1.5841 1.5905 3.5570 14.8542 0.9826 32.3457 -3.6637 1.7736
Car -1 -1 -8.3883 935.6624 140.6892 1075.5425 214.7217 1.9995 1.8082 4.0636 11.5790 1.1305 21.5595 -7.9014 1.4964
Car -1 -1 -4.2689 76.9765 188.7861 133.3234 212.6968 1.5400 1.7196 4.0366 -35.9416 2.7226 51.4432 -4.8765 1.0715
Car -1 -1 -6.3168 824.7058 158.6965 886.3680 182.6066 1.6835 1.6818 4.1607 17.6768 0.6864 52.2069 -5.9921 -0.5324
Car -1 -1 -8.7044 1132.0156 136.7652 1241.0000 209.1144 1.8210 1.6954 3.8810 17.0055 0.9123 20.2103 -8.0121 -1.4722
Car -1 -1 -6.3494 875.5576 161.8254 949.2786 191.1562 1.5703 1.6218 3.6597 16.6507 0.9795 39.9818 -5.9576 -1.7188
