Car -1 -1 -4.3711 1026.0673 169.5337 1241.0000 292.0680 1.4721 1.6184 3.9521 7.7979 1.4319 10.4548 -3.7441 6.8270
Car -1 -1 -3.6033 833.4201 155.9136 1089.3558 255.8846 1.7246 1.6730 3.9255 6.3049 1.4321 13.3408 -3.1709 6.7492
Car -1 -1 -4.4536 280.9274 185.9984 429.2190 283.0975 1.5375 1.6609 4.2594 -4.8446 1.8355 14.1943 -4.7776 6.6270
Car -1 -1 -4.3497 52.8481 176.2162 363.5650 374.0000 1.7562 1.6540 4.3184 -4.3788 1.8065 8.6228 -4.8080 4.9296
Car -1 -1 -3.9412 0.0000 98.7660 210.4249 374.0000 1.9347 1.7140 3.9698 -4.1320 1.7429 3.8615 -4.7263 -0.9677
Car -1 -1 -3.7476 0.0000 185.8136 502.6892 374.0000 1.5952 1.6278 3.8817 -2.3714 1.6996 3.7234 -4.2843 -1.1502
Car -1 -1 -4.6549 414.5662 192.6371 440.9768 216.3942 1.5185 1.6100 3.8858 -13.0272 2.9897 51.6095 -4.9014 -1.1747
Car -1 -1 -4.8240 374.8467 187.6228 431.0543 231.8445 1.4869 1.6444 3.9930 -8.0999 2.1011 27.8621 -5.1049 -1.7817
Car -1 -1 -7.7368 0.0000 142.2367 51.6508 177.1797 1.7820 1.7224 4.0448 -31.5276 0.2203 38.9680 -8.4138 -1.7836
Pedestrian -1 -1 -3.8315 1149.6257 162.2013 1173.9918 213.8078 1.7797 0.5160 0.4476 19.1836 1.4121 25.1509 -3.1858 -1.8227
Car -1 -1 -4.4001 1214.3374 170.8288 1241.0000 344.1997 1.4183 1.5981 3.8684 8.1831 1.4014 7.4588 -3.5882 -1.9325
