Car -1 -1 -3.6118 821.8561 154.7717 1035.3430 244.7104 1.7162 1.6326 3.6404 6.3416 1.3709 14.7119 -3.2126 7.2383
Car -1 -1 -4.4749 321.7079 185.1099 447.5581 269.2899 1.5046 1.6410 4.0862 -4.7396 1.8045 15.5878 -4.7661 7.1091
Car -1 -1 -4.3271 982.7082 167.7588 1195.0291 272.2260 1.4604 1.5913 3.9031 7.8836 1.3889 11.8578 -3.7523 6.6859
Car -1 -1 -4.3934 148.4257 175.1397 395.9180 341.9138 1.7681 1.6627 4.4494 -4.3450 1.8067 9.9975 -4.7946 4.8346
Car -1 -1 -4.3729 1119.6365 154.9158 1241.0000 309.1565 1.5564 1.5970 3.6667 8.0595 1.3751 8.8737 -3.6524 2.2503
Car -1 -1 -3.4603 784.1048 157.4723 976.2440 235.2020 1.7461 1.6831 3.9285 6.2322 1.4003 17.0986 -3.1169 1.7597
Car -1 -1 -8.5629 1148.2903 140.5557 1241.0000 202.4038 1.8709 1.7652 4.0447 20.1639 0.8936 23.8607 -7.8674 -0.8634
Car -1 -1 -4.5646 527.7913 186.6578 563.2979 213.7001 1.4835 1.5973 3.7471 -3.8728 2.3513 43.4574 -4.6535 -0.9723
Car -1 -1 -5.1648 685.0253 175.1830 734.5685 200.5555 1.5033 1.5993 3.7080 6.1555 1.6551 45.1299 -5.0306 -1.8703
Car -1 -1 -4.7065 334.0534 197.3595 380.6985 242.9310 1.4856 1.5864 3.8138 -9.7560 2.4995 27.7998 -5.0416 -1.9560
Cyclist -1 -1 -7.8251 738.8220 163.3874 751.3546 216.4075 1.8100 0.3938 1.7419 4.7393 1.4865 25.5247 -7.6442 -1.9779
