Car -1 -1 -8.0180 701.5619 176.4492 818.1913 264.5137 1.5517 1.6652 3.9130 2.8718 1.6352 14.8493 -7.8317 8.1069
Car -1 -1 -4.4359 425.7297 177.3615 522.9680 241.3912 1.5169 1.5925 3.6884 -3.5555 1.6489 19.2744 -4.6166 7.0558
Car -1 -1 -4.3646 1006.3124 159.2309 1172.0526 250.8370 1.5328 1.5915 3.4063 9.1128 1.3045 13.7349 -3.7891 6.9368
Car -1 -1 -4.2511 65.3779 188.8971 412.3076 372.8935 1.4621 1.6426 4.2914 -3.8147 1.6945 8.2910 -4.6711 6.6045
Car -1 -1 -4.0924 878.7709 165.1608 1011.8306 226.8303 1.5376 1.5288 3.5051 9.0441 1.3455 19.5278 -3.6649 5.4516
Car -1 -1 -4.2680 926.7740 162.8216 1061.2087 237.9100 1.5427 1.5258 3.1027 8.6883 1.3362 16.3669 -3.7878 5.2750
Car -1 -1 -7.9585 687.6955 182.2328 757.5687 235.8727 1.3469 1.5705 3.5628 3.0725 1.6374 20.5630 -7.8131 5.1351
Car -1 -1 -4.0921 847.4828 166.1174 957.5322 219.5310 1.5379 1.5246 3.3107 9.0154 1.3436 22.3106 -3.7131 4.6403
Car -1 -1 -3.2778 736.9552 167.0859 827.7234 205.3458 1.7453 1.6895 3.9526 8.0004 1.4819 33.9388 -3.0487 3.5990
Car -1 -1 -4.6292 509.1984 177.6623 557.4622 219.3414 1.5920 1.6603 4.2178 -3.1792 1.8070 30.1769 -4.7339 3.4259
Car -1 -1 -4.6019 525.6187 177.4398 569.7754 210.8020 1.5304 1.7173 4.3728 -3.0750 1.7724 35.9127 -4.6873 2.7105
Car -1 -1 -4.4886 1177.8507 148.1023 1241.0000 254.5844 1.5667 1.6052 3.7174 11.3100 1.2022 12.3464 -3.7590 2.6187
Car -1 -1 -3.9874 819.2345 168.9426 940.8818 215.1072 1.5075 1.6250 4.1994 9.4350 1.3795 25.2706 -3.6344 2.5039
Car -1 -1 -3.3208 733.8198 160.3230 837.8538 198.5123 1.8720 1.7250 4.8590 8.7501 1.2575 36.3639 -3.0868 2.3338
Car -1 -1 -4.0624 800.1051 169.4594 893.3309 211.0606 1.5238 1.5876 3.6292 9.2041 1.3991 28.1163 -3.7495 2.2566
Car -1 -1 -3.8702 0.0000 193.9052 167.3949 374.0000 1.4886 1.6240 3.8212 -3.8643 1.6327 3.0210 -4.7347 1.7465
Car -1 -1 -4.7792 1118.6432 159.5068 1194.6062 210.1814 1.5136 1.6704 4.2571 17.8601 1.1146 23.7938 -4.1414 1.5651
Car -1 -1 -4.8373 704.9604 174.4493 728.8311 191.7193 1.4824 1.5972 4.1148 9.4822 1.6290 64.3898 -4.6921 0.0999
Car -1 -1 -3.9576 780.4335 171.4910 869.4412 206.9348 1.4476 1.5507 3.7240 9.2322 1.3917 31.0807 -3.6718 -0.2915
