Car -1 -1 -4.1434 0.0000 174.7442 375.8249 374.0000 1.5549 1.6057 3.9549 -3.5447 1.5757 6.0116 -4.6577 6.6368
Car -1 -1 -8.1785 797.3734 186.6345 1110.3298 373.2170 1.3281 1.5608 3.6888 3.0110 1.5030 7.2960 -7.8023 6.4790
Car -1 -1 -4.3102 1044.0353 151.2362 1241.0000 254.7776 1.4850 1.6594 4.1631 9.2478 1.1746 12.1142 -3.6701 6.2575
Car -1 -1 -4.5532 463.8426 171.4254 538.9335 225.2306 1.5247 1.6725 4.1329 -3.3320 1.4839 22.5244 -4.6989 5.2229
Car -1 -1 -4.1323 894.1851 159.1003 1043.1157 223.0649 1.4450 1.5441 3.7177 8.8832 1.1340 17.9147 -3.6788 5.0516
Car -1 -1 -4.1732 951.6639 149.1478 1132.0564 237.8603 1.6488 1.6270 3.5899 8.9367 1.2079 14.9879 -3.6445 5.0228
Car -1 -1 -3.4631 804.1068 148.5329 951.6332 211.5009 1.7379 1.6451 3.6447 7.5764 1.0664 20.7791 -3.1184 4.9401
Car -1 -1 -4.5154 403.8505 161.2260 514.4470 249.2984 1.7912 1.6761 4.3549 -3.4083 1.5544 16.8524 -4.7126 4.1727
Car -1 -1 -4.5418 1193.2339 145.2889 1241.0000 286.9333 1.4749 1.5593 3.6705 8.9572 1.1876 9.2411 -3.7880 1.9324
Car -1 -1 -8.7591 0.0000 0.0000 1241.0000 374.0000 1.4427 1.5371 3.6777 2.9437 1.5550 1.8180 -7.8121 1.2894
Car -1 -1 -3.3766 784.2605 152.1664 925.0710 204.1158 1.6060 1.6287 4.0275 7.7519 0.9662 23.2836 -3.0593 1.0768
Car -1 -1 -3.0918 720.9666 167.8954 779.8601 190.0072 1.4953 1.5778 3.9374 9.7162 1.1597 50.0282 -2.9014 -0.4965
Car -1 -1 -8.3854 511.7995 173.4657 563.3535 195.9987 1.4786 1.6467 4.1503 -5.0551 1.5222 49.6232 -8.4868 -1.4144
Car -1 -1 -7.9806 415.8219 173.7517 454.5295 203.8479 1.5735 1.6009 3.8822 -9.7579 1.6255 39.9481 -8.2190 -1.8121
Car -1 -1 -5.0000 663.7323 169.4238 700.8602 191.7023 1.4979 1.5558 3.8286 4.9881 1.2670 50.5403 -4.9025 -2.1508
