Car -1 -1 -3.5888 811.3672 156.5096 1019.4086 242.7595 1.7207 1.6518 3.7259 6.3361 1.3943 15.3360 -3.2044 6.8911
Car -1 -1 -4.4848 341.2120 183.6753 457.9787 264.4048 1.5369 1.6388 4.0261 -4.6497 1.8123 16.3347 -4.7586 6.8414
Car -1 -1 -4.3183 969.4861 168.0563 1164.9283 264.3855 1.4404 1.5709 3.7673 7.9446 1.3683 12.5254 -3.7641 6.4645
Car -1 -1 -4.4225 198.4404 172.8421 412.0756 327.4072 1.8169 1.6379 4.3703 -4.2533 1.8165 10.7254 -4.7924 4.3546
Car -1 -1 -4.3912 1084.7180 155.6305 1241.0000 296.8691 1.5674 1.6159 3.8222 8.1548 1.3759 9.7145 -3.7081 3.3106
Car -1 -1 -3.4524 785.4501 159.0994 964.2693 231.2641 1.6932 1.6494 3.8147 6.3762 1.3702 17.8057 -3.1144 2.1888
Car -1 -1 -8.8779 0.0000 0.0000 1241.0000 374.0000 1.5004 1.5681 3.7446 2.8997 1.6379 1.7414 -7.9209 1.3064
Car -1 -1 -6.0150 445.0547 187.5696 501.8400 209.6290 1.5368 1.6656 3.7579 -9.9505 2.6285 52.5601 -6.2017 -0.0504
Car -1 -1 -4.0932 0.0000 77.1741 295.8919 374.0000 2.0072 1.6997 4.5806 -4.1217 1.6227 5.2091 -4.7383 -1.5335
Car -1 -1 -7.7286 49.5140 145.2652 98.7167 181.1948 1.9597 1.7603 4.1488 -30.8528 0.4546 41.5949 -8.3638 -1.6274
Car -1 -1 -5.5316 481.1373 184.1917 545.0741 210.7629 1.4885 1.6224 3.7279 -5.9151 2.2014 43.6455 -5.6660 -1.6377
