Car -1 -1 -4.4395 414.3123 187.8173 445.3406 205.8632 1.4816 1.6531 4.1190 -16.1538 2.8678 64.7754 -4.6834 -0.2969
Car -1 -1 -4.5052 439.5656 185.1078 492.0494 221.1688 1.4888 1.5765 3.9716 -6.5929 2.0853 33.1408 -4.7006 -0.8124
Car -1 -1 -4.8218 647.3123 179.5857 678.8370 204.4628 1.5049 1.5947 4.0485 3.3663 1.9604 46.8117 -4.7510 -0.9276
Pedestrian -1 -1 -7.6937 1190.8423 138.2336 1241.0000 257.9778 1.8309 0.6621 0.9292 9.7937 1.3013 11.5879 -7.0048 -1.4154
Car -1 -1 -4.8470 620.7302 178.4388 653.7036 202.6910 1.5498 1.6873 4.2352 1.7817 1.9482 49.3097 -4.8116 -1.4411
Car -1 -1 -4.2290 523.4290 181.0599 567.6769 203.4650 1.6295 1.6889 4.1961 -5.0155 2.2964 56.3962 -4.3177 -1.4764
Car -1 -1 -6.9217 679.9854 176.1221 744.6037 204.2111 1.5424 1.5856 3.4064 5.8499 1.7368 41.4843 -6.7831 -1.7080
Car -1 -1 -4.5078 193.0432 176.4302 226.1308 196.6643 1.6103 1.6071 4.1559 -33.5106 1.9206 60.4318 -5.0124 -1.8284
Pedestrian -1 -1 -7.8484 1097.4977 156.1984 1114.7678 193.5090 1.8578 0.7124 0.6693 24.9902 1.0282 36.4052 -7.2508 -1.8903
Car -1 -1 -4.8981 1187.6472 190.9614 1235.3480 217.3432 1.4491 1.5738 3.7329 36.9225 2.6139 44.4129 -4.2083 -1.9632
Car -1 -1 -4.7604 595.9580 182.0886 630.2324 212.6020 1.5197 1.6514 4.5126 0.0793 2.0557 39.6151 -4.7590 -2.0590
