Car -1 -1 -7.7870 698.7882 180.2528 733.4677 210.6074 1.4764 1.5701 3.7620 5.6016 1.8871 38.0751 -7.6426 0.4499
Car -1 -1 -5.4053 1158.6974 182.1730 1239.9392 210.6279 1.5141 1.6166 3.6948 33.7302 2.0734 41.4695 -4.7263 0.3713
Car -1 -1 -4.6603 526.5711 186.6861 552.1529 208.4188 1.4728 1.6832 4.1430 -5.2480 2.5421 53.6881 -4.7578 -0.6714
Car -1 -1 -4.2698 332.3887 187.0301 391.0384 216.0613 1.4968 1.6106 4.0042 -14.1763 2.3491 41.3142 -4.5987 -1.0763
Car -1 -1 -7.5142 1196.5732 187.2102 1241.0000 216.0006 1.4223 1.5397 3.3966 33.1086 2.2219 38.6816 -6.8105 -1.0804
Car -1 -1 -4.8824 825.1612 183.1423 861.6392 208.4737 1.5160 1.6061 3.8659 15.0704 2.2126 46.8511 -4.5736 -1.0905
Pedestrian -1 -1 -7.6853 822.0597 176.8839 836.4272 210.2554 1.7843 0.6304 0.7589 11.8672 2.0055 39.1748 -7.3938 -1.1224
Car -1 -1 -4.3477 585.9998 186.1197 630.1810 208.7550 1.3815 1.5978 4.2249 -0.1100 2.3225 48.9422 -4.3505 -1.5575
Car -1 -1 -4.8391 635.0912 177.3037 669.4114 203.9022 1.6115 1.6676 4.3464 2.6501 1.9129 46.6880 -4.7833 -1.6543
Car -1 -1 -4.5304 723.7502 174.1213 750.5703 194.6027 1.7149 1.6203 3.9304 11.0729 1.8286 62.8008 -4.3571 -1.8815
Car -1 -1 -4.7756 658.7564 178.5303 687.5935 203.8045 1.5326 1.5960 4.0092 4.0133 1.9155 46.6830 -4.6908 -1.9255
