Car -1 -1 -4.7461 673.1208 177.4352 702.2823 204.4391 1.5155 1.5878 4.1426 4.5883 1.8039 43.3370 -4.6418 2.4803
Pedestrian -1 -1 -8.2714 876.5342 158.9844 903.5117 212.6317 1.8647 0.6709 0.6677 9.8168 1.3823 25.4304 -7.9074 0.4248
Car -1 -1 -4.4314 723.3846 171.6371 753.5959 190.3101 1.5271 1.5511 3.7140 10.8685 1.4273 61.0161 -4.2562 -1.1035
Pedestrian -1 -1 -5.7318 136.4063 181.9704 151.5431 210.2904 1.8261 0.7053 0.5406 -30.4590 2.4255 47.1131 -6.3033 -1.4411
Car -1 -1 -4.4055 709.7338 174.6748 758.5827 202.2866 1.5038 1.6241 4.1261 7.2044 1.6145 41.7931 -4.2364 -1.5431
Car -1 -1 -4.5393 547.9091 182.6027 578.1159 203.8652 1.5801 1.6959 4.3731 -3.7578 2.3935 57.9629 -4.6043 -1.7467
Car -1 -1 -4.8153 170.6427 179.4799 202.5199 202.7095 1.7091 1.7171 4.4327 -33.3240 2.2505 56.6915 -5.3449 -2.0017
Cyclist -1 -1 -8.2537 1189.8372 142.3926 1241.0000 266.5460 1.6622 0.3502 1.6376 8.9793 1.2541 10.4948 -7.5600 -2.0846
Car -1 -1 -4.5674 755.0772 170.0263 792.3557 197.7710 1.6195 1.6574 4.1797 10.0743 1.4542 44.3660 -4.3460 -2.1453
Car -1 -1 -4.6383 611.1820 179.1136 636.1227 200.1689 1.5116 1.6117 4.1072 1.0496 2.0084 55.1795 -4.6199 -2.1561
