Car -1 -1 -4.2894 277.0121 179.8063 325.2264 203.7270 1.4640 1.5299 3.6337 -20.1172 1.9347 47.0557 -4.6916 4.7066
Car -1 -1 -4.0990 37.7956 185.0914 157.3321 225.5503 1.4130 1.6796 4.3113 -20.2228 1.9354 28.6630 -4.7093 4.4699
Car -1 -1 -4.2038 160.3196 182.2073 241.8979 214.8714 1.4790 1.6765 4.2448 -20.3275 1.9730 36.0114 -4.7148 4.2771
Car -1 -1 -4.2529 229.8169 180.5070 287.4724 207.8555 1.4704 1.5267 3.6487 -20.2453 1.9312 41.6490 -4.7031 3.8152
Car -1 -1 -4.0543 0.0000 183.9484 48.0954 234.8787 1.4660 1.5355 3.4135 -20.2079 1.8504 23.2728 -4.7638 2.9015
Car -1 -1 -4.3097 341.4509 176.6027 379.7922 196.3614 1.5110 1.6197 3.5908 -19.9333 1.8203 57.7293 -4.6410 2.2338
Car -1 -1 -4.3404 309.1649 178.1117 353.1381 200.7726 1.5486 1.6319 3.9750 -20.1526 1.9433 52.2240 -4.7073 0.3152
Car -1 -1 -4.6558 702.2512 169.8422 725.4910 190.1772 1.5929 1.6431 4.2137 8.4614 1.3567 58.7468 -4.5137 -0.7640
Car -1 -1 -4.4559 369.7864 176.4517 399.6377 194.8709 1.5352 1.5673 3.7986 -19.6008 1.8579 62.8281 -4.7574 -0.9477
Car -1 -1 -7.3399 642.5227 173.7574 700.2415 201.8073 1.4377 1.5576 3.5743 3.3228 1.4886 39.0208 -7.2561 -1.5600
