Car -1 -1 -4.1324 116.0592 186.5134 187.4717 218.9747 1.5942 1.5374 3.5460 -24.5448 2.3608 38.7247 -4.6944 4.5555
Car -1 -1 -4.1101 6.7972 189.1897 115.9647 228.2605 1.5203 1.6767 4.3701 -24.3184 2.2980 32.1481 -4.7539 4.1705
Car -1 -1 -4.2906 222.4149 184.5627 270.2415 207.9346 1.4708 1.4978 3.7702 -24.7876 2.3007 49.2418 -4.7551 2.6698
Car -1 -1 -4.2098 166.6895 184.0255 234.1323 213.0053 1.5944 1.6795 4.2669 -24.6228 2.3006 43.4895 -4.7226 2.6685
Car -1 -1 -4.3122 254.0699 184.3426 301.9956 207.2569 1.5853 1.7204 4.3306 -24.9401 2.4845 54.3029 -4.7411 2.1390
Car -1 -1 -6.3502 0.0000 189.9342 113.8232 241.5491 1.4241 1.5706 3.5992 -18.0654 2.0075 22.8745 -7.0131 -0.2178
Car -1 -1 -5.2003 860.4350 183.3513 913.0339 206.4828 1.4522 1.7448 3.8163 18.7411 2.1956 49.1177 -4.8383 -1.2852
Car -1 -1 -4.8186 486.2808 176.5070 509.3436 195.5513 1.5612 1.5601 3.7923 -9.6846 1.8849 61.9623 -4.9733 -1.6585
Car -1 -1 -4.6858 660.3857 177.6839 680.5477 198.3054 1.6390 1.5832 3.6492 5.0385 2.0540 60.1386 -4.6030 -1.7262
Car -1 -1 -7.8367 678.2979 171.0697 701.1482 194.9980 1.7698 1.6826 4.2577 6.1450 1.6375 55.5833 -7.7276 -1.7663
Cyclist -1 -1 -8.5349 953.9531 173.1674 1044.2980 275.6867 1.5429 0.3352 1.6010 6.1982 1.5481 11.6822 -8.0583 -1.7773
Car -1 -1 -4.2786 124.0513 182.8448 218.6429 225.9155 1.5692 1.6479 4.2691 -17.8474 2.0083 29.5227 -4.8186 -1.8493
Car -1 -1 -3.7588 600.9315 175.6282 677.9615 204.6390 1.4551 1.6124 3.8610 1.5425 1.6085 38.2507 -3.7193 -1.8658
Pedestrian -1 -1 -5.7807 671.8446 173.2915 684.8884 198.3736 1.8255 0.5659 0.7772 4.9904 1.8576 52.9819 -5.6878 -1.8781
