Car -1 -1 -4.2612 231.5158 183.8065 286.0147 209.4777 1.4114 1.5441 3.4835 -20.8523 2.0887 42.8979 -4.7115 4.9749
Car -1 -1 -4.1901 89.4072 185.2729 185.5969 224.7333 1.5612 1.6610 4.2581 -20.9067 2.1504 32.0817 -4.7641 4.6909
Car -1 -1 -4.2101 173.9030 183.6233 241.4774 215.0186 1.5007 1.5198 3.5939 -20.8762 2.0872 37.5219 -4.7151 4.1740
Car -1 -1 -4.0204 0.0000 192.6208 79.1946 240.3800 1.3930 1.7095 4.1249 -20.6801 2.1292 24.8195 -4.7099 3.4918
Car -1 -1 -4.3223 309.9049 179.0004 349.8794 201.3803 1.5830 1.5667 3.4845 -20.8519 2.0556 53.7605 -4.6909 2.2391
Cyclist -1 -1 -8.1910 1181.4507 142.8040 1241.0000 269.0334 1.6619 0.3606 1.7269 8.7261 1.2659 10.3726 -7.5058 2.0285
Car -1 -1 -4.2692 265.9795 180.5485 321.4839 206.0284 1.5729 1.6533 4.4076 -21.0397 2.1094 48.1163 -4.6796 0.6843
Pedestrian -1 -1 -8.1890 976.5285 149.9932 1018.2762 237.7814 1.8233 0.6367 0.5315 8.1503 1.3482 15.2949 -7.7078 -0.0208
Car -1 -1 -6.1914 625.3642 174.7019 707.3660 203.1268 1.4248 1.6424 4.1149 2.9144 1.5234 37.4718 -6.1149 -0.9104
Car -1 -1 -8.0009 509.1373 174.9718 542.4401 199.3378 1.5492 1.6565 3.8998 -5.7127 1.6969 48.3384 -8.1183 -1.0037
Car -1 -1 -4.9524 424.2317 176.9011 455.2424 195.4228 1.4904 1.6176 4.1576 -14.5100 1.8461 61.2502 -5.1844 -1.5208
Car -1 -1 -4.3806 53.4172 178.5256 106.6048 203.3370 1.5236 1.6230 3.9051 -34.7537 1.9122 47.3747 -5.0109 -1.9215
Car -1 -1 -8.2397 520.4636 175.4288 558.6069 195.1628 1.5276 1.6590 4.1004 -5.7896 1.7443 58.6276 -8.3380 -1.9425
Car -1 -1 -7.6174 468.2231 177.0343 514.1545 206.1752 1.4600 1.5957 3.7244 -6.3401 1.6945 38.6163 -7.7795 -1.9721
Pedestrian -1 -1 -7.7768 887.7189 167.3048 910.4931 226.0089 1.7204 0.5894 0.6254 8.5900 1.5574 21.5549 -7.4029 -1.9841
Car -1 -1 -7.5888 47.5556 166.2210 94.7714 193.9807 1.9421 1.7567 4.0420 -39.3000 1.4777 52.6817 -8.2274 -2.0713
