Car -1 -1 -4.1434 53.0005 188.4386 147.3483 227.0037 1.5768 1.6296 4.0078 -23.3550 2.3372 33.1825 -4.7531 4.3351
Car -1 -1 -4.1625 126.5400 187.8852 204.1642 219.7437 1.5048 1.5939 4.0450 -23.3566 2.3386 38.0144 -4.7106 4.1298
Car -1 -1 -4.1738 184.1333 184.2691 250.0429 213.5503 1.6017 1.6680 3.9255 -23.3763 2.3137 43.0234 -4.6692 2.1923
Car -1 -1 -5.1047 885.4829 172.4256 939.5315 199.1877 1.7174 1.7675 4.4489 20.2292 1.6896 48.5269 -4.7123 -0.4643
Car -1 -1 -3.2537 669.9385 176.1213 726.0598 193.5466 1.4630 1.6688 4.6068 7.4737 1.7462 61.7515 -3.1342 -0.7931
Cyclist -1 -1 -4.7627 761.5051 171.8723 773.6396 205.2033 1.6456 0.5179 1.4898 7.9026 1.5968 36.3995 -4.5511 -1.2686
Car -1 -1 -7.5576 713.9079 176.8984 754.7667 201.0875 1.5219 1.6292 3.8966 8.3137 1.8037 48.2089 -7.3883 -1.6544
Car -1 -1 -7.1170 0.0000 194.2215 79.5348 235.8716 1.4447 1.6354 3.6811 -23.4902 2.3545 28.8467 -7.7960 -1.7694
Pedestrian -1 -1 -6.4292 743.6995 171.3577 756.1348 203.3715 1.7980 0.5197 0.6197 7.8715 1.7137 40.7966 -6.2404 -1.9227
Car -1 -1 -4.8491 395.9776 177.1284 422.2716 195.2076 1.4725 1.6211 4.1939 -17.3354 1.8533 62.0763 -5.1206 -2.0947
