Car -1 -1 -4.3471 332.3114 178.8683 365.6995 195.4437 1.4615 1.5643 4.0871 -24.2720 2.0383 67.1728 -4.6929 0.6216
Car -1 -1 -6.0833 979.6782 164.6954 1084.9928 196.1429 1.6087 1.7694 4.6731 22.7955 1.1910 39.1207 -5.5592 0.5651
Pedestrian -1 -1 -4.2707 398.3659 173.8106 419.3376 217.7442 1.7694 0.4835 0.9145 -8.2821 1.8089 29.5718 -4.5419 0.3266
Pedestrian -1 -1 -6.4830 1112.8979 157.5166 1176.9707 306.7201 1.6769 0.5838 0.4874 6.2099 1.5042 8.4749 -5.8677 -0.0945
Car -1 -1 -4.3031 59.6330 180.1451 114.6688 208.3174 1.7081 1.5477 3.6658 -33.8098 2.1996 46.7145 -4.9271 -0.2897
Car -1 -1 -8.1539 745.8907 153.4411 781.9205 178.2808 2.0474 1.7759 4.4295 13.0962 0.4470 61.7608 -7.9460 -0.3369
Car -1 -1 -3.4362 1101.5344 171.7014 1208.1060 202.2048 1.5009 1.6036 4.0605 27.7507 1.4439 36.9454 -2.7961 -0.5060
Car -1 -1 -7.4238 377.9055 175.4239 450.3497 217.0064 1.6810 1.6075 3.7807 -8.4840 1.7997 31.4140 -7.6859 -0.6582
Pedestrian -1 -1 -5.5839 982.2897 150.3011 1076.3635 283.7838 1.7900 0.6732 0.9389 5.8709 1.4872 10.2341 -5.0761 -0.6958
Car -1 -1 -7.7369 206.2669 182.1828 265.5117 223.8288 1.6284 1.8136 4.0747 -16.2506 2.0633 31.4354 -8.2109 -0.8128
Car -1 -1 -4.2841 494.1061 178.4363 529.6726 196.3079 1.4824 1.6205 3.8918 -8.5846 1.9877 63.2561 -4.4188 -0.8498
