Car -1 -1 -6.7679 715.8430 167.7619 779.0901 191.1544 1.5746 1.6479 3.9933 9.4748 1.2316 49.9438 -6.5818 -0.1824
Car -1 -1 -6.4585 719.3781 163.7737 772.6661 183.0054 1.6338 1.6631 4.2832 11.6602 0.8621 62.1476 -6.2741 -0.4820
Pedestrian -1 -1 -4.6520 879.0699 181.7455 890.4695 209.1969 1.2425 0.4639 0.4802 12.5928 1.6549 33.1759 -4.2926 -0.4988
Pedestrian -1 -1 -3.8905 450.6076 171.9809 468.1822 203.8656 1.7657 0.5514 0.8043 -8.4774 1.7171 40.4447 -4.0962 -0.5356
Car -1 -1 -2.8206 653.9190 171.6009 704.9297 189.0712 1.5490 1.6684 4.3111 6.2870 1.4376 65.6105 -2.7258 -0.6062
Car -1 -1 -4.6879 227.8682 183.7611 266.1858 217.1887 1.4589 1.5517 3.6586 -17.4804 2.0142 34.7720 -5.1510 -0.7935
Pedestrian -1 -1 -7.9263 314.5487 176.8460 326.5224 207.9193 1.7163 0.5788 0.6202 -16.2311 1.9415 40.3619 -8.3067 -1.1107
Car -1 -1 -7.9689 309.6539 178.1981 348.9592 207.3832 1.5893 1.6981 3.9899 -16.5069 1.9178 42.2427 -8.3395 -1.1215
Pedestrian -1 -1 -3.4505 819.6855 164.8141 845.2758 233.8231 1.8037 0.5813 0.4923 5.8505 1.5933 19.1542 -3.1591 -1.3111
Car -1 -1 -3.5591 810.4825 166.9088 872.4701 189.7534 1.5860 1.6448 3.8447 16.3432 1.1729 51.1212 -3.2516 -1.8487
Pedestrian -1 -1 -6.2856 822.1478 172.5145 839.9590 211.0222 1.7216 0.7622 0.7638 9.9816 1.7061 32.7325 -5.9927 -2.0571
