Pedestrian -1 -1 -3.2747 870.1700 166.9190 887.0486 216.6508 1.8065 0.4969 0.5170 9.8190 1.5906 26.5086 -2.9241 0.1952
Pedestrian -1 -1 -8.2991 416.0189 175.8984 435.4168 210.9612 1.6150 0.6877 0.6012 -8.6647 1.7590 33.7625 -8.5489 -0.3645
Cyclist -1 -1 -7.8250 1207.0701 163.7280 1241.0000 332.7879 1.6196 0.4230 1.5998 6.5790 1.5319 7.6533 -7.1344 -0.4104
Pedestrian -1 -1 -3.7911 1227.0431 171.8993 1241.0000 229.6487 1.7363 0.4598 0.2740 19.0330 1.7073 21.9312 -3.0834 -0.6211
Pedestrian -1 -1 -7.7769 1002.8302 167.0035 1019.3397 201.7464 1.6739 0.6581 0.6661 19.5400 1.3917 35.2228 -7.2743 -0.8065
Car -1 -1 -6.5518 766.3478 161.0198 828.8235 182.0106 1.5907 1.6639 4.3679 14.3786 0.6936 55.5476 -6.2999 -1.5428
Car -1 -1 -7.5037 516.7685 167.4446 552.3719 187.3732 1.6108 1.6589 4.1155 -6.3076 1.1733 60.5187 -7.6073 -1.6476
Car -1 -1 -4.4573 157.4080 183.1693 208.4821 212.5467 1.6776 1.6926 4.3795 -26.6940 2.3567 45.1826 -4.9886 -1.8207
Car -1 -1 -4.8509 1032.9434 166.7625 1070.9869 191.3912 1.4978 1.5457 3.7325 28.0273 1.1270 45.8991 -4.3057 -1.8601
Pedestrian -1 -1 -2.9035 928.3111 167.0225 966.2273 265.8507 1.6740 0.5897 0.4806 5.8383 1.5749 12.6019 -2.4794 -2.0666
