Car -1 -1 -5.0083 923.2513 166.4143 978.8357 194.9429 1.6085 1.7470 4.4662 20.2053 1.2451 43.0139 -4.5720 0.3156
Pedestrian -1 -1 -2.9001 980.1816 160.9203 1015.7601 222.4010 1.9612 0.5773 0.9130 12.6053 1.5802 23.5359 -2.4141 0.0383
Car -1 -1 -4.5960 334.1018 180.4273 357.4390 197.2409 1.4933 1.6068 4.0805 -24.9646 2.2318 68.2114 -4.9459 -0.0423
Car -1 -1 -3.4082 791.8828 161.0981 864.5652 184.2927 1.6624 1.7377 4.7846 15.8444 0.8196 52.6416 -3.1176 -0.0724
Pedestrian -1 -1 -4.2921 404.7569 176.0525 425.0288 216.1367 1.6809 0.5144 0.8977 -8.3707 1.8193 30.8170 -4.5556 -0.1739
Car -1 -1 -3.0056 960.9594 167.4909 1035.2872 195.0195 1.5005 1.5896 3.5420 22.0023 1.2079 41.0097 -2.5164 -0.6175
Pedestrian -1 -1 -7.8650 975.2523 157.2812 1022.9756 272.0531 1.7226 0.6373 0.8348 6.0464 1.4886 11.3460 -7.3868 -0.6500
Pedestrian -1 -1 -4.9466 914.4510 182.2610 932.1272 224.8228 1.3635 0.4298 0.4616 10.1503 1.6729 23.4948 -4.5439 -0.7963
Car -1 -1 -5.9876 483.4172 179.9652 535.3393 196.9582 1.4556 1.6183 4.2674 -8.9156 2.0961 63.8860 -6.1261 -0.8841
Pedestrian -1 -1 -6.0654 170.7225 180.5453 184.4532 202.5649 1.8060 0.4879 0.8919 -35.8658 2.4472 59.8100 -6.6038 -1.3494
Car -1 -1 -2.1539 171.0594 184.4800 260.9847 223.4778 1.5850 1.6586 3.8375 -17.4910 2.1257 31.9356 -2.6518 -2.1955
