Pedestrian -1 -1 -3.8545 1006.5575 181.4130 1053.2250 268.8866 1.6306 0.6127 0.4923 8.0083 1.7990 13.8676 -3.3409 1.1237
Car -1 -1 -4.6310 1129.4734 174.7648 1192.3660 217.2507 1.5230 1.6479 4.0146 21.4490 1.6026 28.0964 -3.9844 -0.1685
Pedestrian -1 -1 -4.9158 831.6133 188.0506 848.1211 228.7335 1.4254 0.4777 0.4474 8.1419 1.9719 25.7115 -4.6132 -0.7130
Car -1 -1 -5.3139 0.0000 195.4985 26.8277 238.0285 1.4606 1.6066 3.8883 -24.4884 2.3581 27.3584 -6.0393 -0.9404
Car -1 -1 -6.2584 528.4990 164.6281 569.5272 182.7133 1.6564 1.6303 3.7520 -5.6621 0.9027 67.0095 -6.3426 -1.0575
Car -1 -1 -4.3919 550.8898 176.6027 582.8166 194.9492 1.4890 1.6157 3.7470 -3.6610 1.8182 61.4017 -4.4516 -1.0801
Pedestrian -1 -1 -7.1992 381.0184 173.2944 394.1376 198.9350 1.7735 0.5278 0.7498 -15.5551 1.8042 50.3667 -7.4975 -1.1157
Pedestrian -1 -1 -3.9079 850.0140 166.4125 876.8168 233.7983 1.7352 0.5182 0.4196 6.5858 1.5690 18.9032 -3.5782 -1.2056
Car -1 -1 -4.6890 698.1287 170.6394 716.7702 187.5854 1.5225 1.6261 3.9966 9.0416 1.3232 66.9270 -4.5556 -1.3640
Pedestrian -1 -1 -3.6326 811.2343 172.1177 838.8698 225.3951 1.7539 0.5972 0.6828 7.1358 1.7294 24.1154 -3.3489 -1.7570
Car -1 -1 -8.1199 371.8660 174.4808 410.0073 197.7356 1.6043 1.6549 3.9641 -15.9086 1.7264 52.1913 -8.4147 -1.8843
Car -1 -1 -3.1521 277.6298 180.6436 352.8763 206.8326 1.4862 1.6632 4.1206 -17.7469 1.9717 43.4383 -3.5382 -1.9998
Car -1 -1 -5.2592 971.1251 176.6629 1049.7399 206.1741 1.4110 1.6547 4.0389 20.4344 1.6174 37.0861 -4.7593 -2.0600
