Car -1 -1 -2.7904 661.1332 175.7386 723.8476 194.9630 1.4871 1.6935 4.7293 6.6111 1.7266 58.1737 -2.6782 0.7532
Car -1 -1 -3.4478 791.8175 163.4296 860.3652 185.2552 1.5867 1.6829 4.5574 15.9068 0.9013 53.3391 -3.1597 0.7402
Car -1 -1 -5.4398 836.5505 162.6138 885.4453 185.6302 1.8065 1.6280 3.8118 20.3460 1.0025 58.7045 -5.1079 -0.1217
Pedestrian -1 -1 -6.6412 406.6800 176.2812 428.9765 215.4226 1.6832 0.4928 0.8214 -8.4438 1.8348 31.5444 -6.9011 -0.1412
Car -1 -1 -4.2855 73.3502 182.9153 128.6428 209.1874 1.6345 1.5908 3.8162 -34.1418 2.3382 48.4613 -4.8968 -0.3846
Car -1 -1 -2.8641 480.7660 179.5108 531.8200 196.2472 1.4579 1.6358 4.2553 -9.3211 2.0658 64.8233 -3.0067 -0.4221
Pedestrian -1 -1 -5.2398 920.1200 153.4251 996.3913 265.6891 1.8201 0.7360 1.0363 5.8315 1.5048 12.2481 -4.8055 -0.5860
Car -1 -1 -4.5891 337.7634 180.9075 360.8423 197.7053 1.5018 1.5908 3.9308 -24.7748 2.2906 68.6062 -4.9347 -0.6496
Car -1 -1 -3.3226 723.3984 169.1209 784.0638 190.4874 1.5515 1.6342 4.1605 10.5398 1.2801 53.2375 -3.1285 -1.0640
Car -1 -1 -7.7516 383.6467 177.0570 409.4922 197.8866 1.5672 1.5996 3.5580 -16.8390 1.9097 56.9491 -8.0382 -1.2045
Car -1 -1 -7.8763 226.6707 183.7597 269.1744 222.9837 1.6214 1.6540 3.9609 -16.7147 2.1544 33.1514 -8.3404 -1.7557
