Pedestrian -1 -1 -4.0948 387.4703 174.0345 414.2975 218.6444 1.6997 0.5763 0.9184 -8.1677 1.7462 28.0484 -4.3760 1.3546
Car -1 -1 -3.4384 1134.0361 171.2172 1241.0000 205.4343 1.4492 1.5407 3.7751 25.6727 1.3796 31.9679 -2.7666 1.0854
Car -1 -1 -4.4754 327.9503 179.3217 356.9619 196.4821 1.4722 1.5705 4.0150 -24.2891 2.0783 65.5584 -4.8291 0.6394
Pedestrian -1 -1 -3.1846 16.2119 190.6429 35.7210 222.5327 1.7439 0.6308 0.8271 -32.8483 2.7556 40.5364 -3.8625 0.0144
Car -1 -1 -6.4287 731.3008 166.7223 797.6387 189.6307 1.5446 1.6537 4.2610 10.5445 1.1309 49.6086 -6.2208 -0.1193
Car -1 -1 -3.3684 1043.8966 174.2859 1145.8812 204.1588 1.4594 1.6042 4.0608 24.6224 1.5351 36.8521 -2.7834 -0.8572
Car -1 -1 -4.1691 491.3973 176.5029 533.7990 194.9224 1.4938 1.6371 4.2388 -8.3041 1.8170 61.6863 -4.3027 -1.3289
Pedestrian -1 -1 -5.6718 1061.2168 146.0637 1158.1854 300.5566 1.7414 0.6397 0.7126 5.8721 1.4391 8.5819 -5.0883 -1.4229
Pedestrian -1 -1 -6.6962 869.5955 168.8070 885.4097 201.6906 1.6943 0.4980 0.6207 13.8401 1.4855 37.4439 -6.3451 -1.8685
Car -1 -1 -5.7675 406.4674 180.6777 461.1434 200.9276 1.4919 1.6027 3.7834 -13.5569 2.1067 55.4408 -6.0066 -1.8734
Car -1 -1 -8.5871 661.7417 167.3421 702.1464 186.0129 1.6743 1.6075 3.7628 6.5997 1.1797 66.6957 -8.4892 -1.9721
Car -1 -1 -4.6727 968.7585 176.8648 1002.6671 205.7576 1.4177 1.4563 3.2262 19.5937 1.6366 37.6569 -4.1965 -2.0294
