Pedestrian -1 -1 -3.6288 1047.1868 167.6590 1096.3184 275.2651 1.7417 0.5232 0.4945 7.5869 1.6573 11.9559 -3.0752 0.9046
Pedestrian -1 -1 -6.5443 786.3384 167.4227 802.7915 211.5505 1.7503 0.6780 0.4782 7.3598 1.5345 28.9612 -6.2984 0.7355
Car -1 -1 -7.3148 410.6642 173.3539 475.1067 206.6277 1.6471 1.6296 3.6734 -8.7216 1.6744 37.7763 -7.5406 0.5856
Car -1 -1 -6.4948 738.9999 162.0062 798.3077 182.2211 1.6012 1.6697 4.4004 12.6901 0.7416 57.9917 -6.2806 -0.1270
Pedestrian -1 -1 -6.6692 426.9417 172.0720 445.1963 207.1661 1.7386 0.6515 0.6966 -8.7701 1.6995 36.2126 -6.9055 -1.0948
Pedestrian -1 -1 -2.5350 181.1069 175.4205 194.2927 196.4901 1.8551 0.4707 0.8999 -37.4007 2.0830 63.8659 -3.0632 -1.3297
Pedestrian -1 -1 -4.6663 976.9562 159.9546 990.8772 193.8726 1.7411 0.6118 0.7535 19.4048 1.0786 37.5174 -4.1924 -1.3562
Car -1 -1 -4.6114 951.0557 160.7771 983.7651 184.6697 1.5144 1.5827 3.7219 23.6370 0.7486 47.7318 -4.1542 -1.7257
Car -1 -1 -4.7023 132.8737 176.9480 155.9852 197.3607 1.7153 1.6665 3.8772 -40.9976 2.0875 63.5533 -5.2735 -1.8037
Car -1 -1 -4.8444 437.8206 179.0505 466.4892 199.2855 1.4486 1.6114 4.1205 -12.1415 1.9415 55.2201 -5.0602 -2.1805
