Pedestrian -1 -1 -7.5933 411.8791 177.2260 431.9181 213.9135 1.6400 0.7130 0.7388 -8.5654 1.8401 32.7137 -7.8478 0.9605
Car -1 -1 -6.4721 720.0737 166.4870 785.4106 188.0302 1.5997 1.7325 4.5903 10.7039 1.1266 54.4529 -6.2793 0.5314
Car -1 -1 -2.7933 657.2574 175.9792 718.2834 194.8905 1.4819 1.7041 4.6516 6.3132 1.7445 58.9149 -2.6875 0.5040
Pedestrian -1 -1 -4.6890 1019.0872 160.5695 1032.7133 199.8470 1.8321 0.5451 0.7068 19.6149 1.2588 34.0986 -4.1709 0.1583
Car -1 -1 -7.2141 225.0278 182.7863 309.7755 219.5957 1.5850 1.6476 3.8583 -16.1944 2.0842 34.2331 -7.6533 -0.1929
Car -1 -1 -3.4249 775.6132 161.5039 846.1988 183.7634 1.6569 1.7441 4.8510 15.1373 0.8117 54.6149 -3.1561 -0.3087
Pedestrian -1 -1 -5.7215 1143.1429 104.4038 1241.0000 361.1717 1.9663 0.7458 1.0147 5.2504 1.4418 6.1253 -5.0369 -0.3355
Pedestrian -1 -1 -3.2190 881.9545 163.2583 911.2316 218.0653 1.8978 0.4863 0.9181 10.0150 1.5652 25.3504 -2.8473 -0.3470
Pedestrian -1 -1 -8.2499 898.5960 157.2881 958.9490 259.3818 1.8208 0.6933 0.9677 5.8256 1.5429 13.3544 -7.8473 -0.4376
Car -1 -1 -4.7778 1070.5509 170.7125 1110.2711 198.1192 1.4689 1.5935 3.9178 27.0496 1.3538 40.7690 -4.1956 -0.5254
Car -1 -1 -7.2279 918.1265 167.3260 983.5614 193.5887 1.5416 1.6665 3.8683 20.7687 1.2168 44.0200 -6.7899 -1.2139
Pedestrian -1 -1 -2.8682 959.4827 163.8522 1006.2303 271.7625 1.6731 0.6242 0.5252 5.9382 1.5332 11.5946 -2.4058 -1.2250
Car -1 -1 -2.8279 486.0369 179.1341 535.2956 195.7506 1.4661 1.6071 4.1498 -9.0512 2.0476 65.6910 -2.9646 -1.6957
