Car -1 -1 -5.3820 836.8527 162.0867 885.2397 185.2462 1.8160 1.6330 3.9139 20.3427 0.9714 58.6949 -5.0501 0.5047
Car -1 -1 -7.9692 931.0375 168.7082 968.3480 194.9537 1.4924 1.5943 3.5606 20.1435 1.2564 42.9696 -7.5337 0.4929
Car -1 -1 -6.9301 209.0471 184.7352 311.0949 222.5178 1.5405 1.6368 4.0120 -15.9149 2.1180 32.9342 -7.3774 0.4528
Car -1 -1 -4.6125 338.1163 181.0186 360.1063 197.6793 1.4844 1.5716 3.9836 -24.7521 2.2831 68.4899 -4.9583 -0.6401
Car -1 -1 -7.4334 381.3669 176.6530 420.7587 197.0236 1.5362 1.6000 3.7551 -16.5199 1.8470 57.1199 -7.7139 -1.0438
Pedestrian -1 -1 -3.4376 898.5131 166.2038 927.9304 220.8037 1.8059 0.5338 0.7846 10.1030 1.5857 24.1684 -3.0465 -1.5603
Pedestrian -1 -1 -5.4860 927.5181 156.0588 1005.3901 269.7656 1.7879 0.6603 0.9679 5.8101 1.5235 11.9102 -5.0426 -1.6816
Car -1 -1 -3.4555 794.2801 163.6093 861.7393 186.0645 1.6283 1.6760 4.4611 16.0108 0.9576 53.2101 -3.1650 -1.7435
Pedestrian -1 -1 -3.1857 978.4130 164.6693 997.1472 220.8791 1.8553 0.5504 0.5282 12.6056 1.5848 24.1755 -2.7105 -1.8004
Car -1 -1 -7.1662 386.6246 178.0964 466.8090 215.9383 1.5974 1.6217 3.6197 -8.3505 1.8512 32.9906 -7.4127 -1.9257
