Pedestrian -1 -1 -3.6236 1058.8713 167.7723 1110.2388 276.2538 1.7152 0.5545 0.4906 7.6328 1.6346 11.7050 -3.0580 0.7710
Pedestrian -1 -1 -6.3778 790.6682 166.4721 802.3853 211.7604 1.7831 0.4987 0.4033 7.3689 1.5316 28.6864 -6.1293 0.5399
Pedestrian -1 -1 -2.8299 423.2343 173.1445 442.7183 207.8499 1.7086 0.4968 0.8267 -8.8217 1.7228 35.8044 -3.0701 0.5236
Car -1 -1 -6.4796 744.4316 163.1447 800.7829 182.8141 1.5500 1.6261 4.1574 12.9473 0.7846 57.7198 -6.2602 -0.0579
Car -1 -1 -4.4824 84.3583 185.9094 124.0548 208.5742 1.5725 1.6093 3.8870 -38.2373 2.5980 54.5887 -5.0914 -0.0625
Car -1 -1 -4.7421 275.8277 180.5865 303.6400 205.7180 1.5909 1.6150 3.9555 -21.8629 2.1399 49.1209 -5.1591 -0.2661
Cyclist -1 -1 -8.0190 1152.3688 168.6295 1172.6212 209.4084 1.5645 0.3638 1.6141 21.7529 1.4021 28.4816 -7.3720 -0.8438
Car -1 -1 -7.6590 411.5334 175.3008 458.7674 207.8746 1.5943 1.6385 4.0540 -9.1034 1.7287 37.6826 -7.8948 -1.0298
Car -1 -1 -1.9204 115.5867 181.3094 162.9296 206.3127 1.7829 1.7566 3.9567 -35.6791 2.4448 54.6192 -2.4970 -1.0611
Car -1 -1 -7.9686 260.1483 178.9426 304.9579 213.1813 1.6349 1.6759 3.8973 -17.0071 1.9672 37.3039 -8.3940 -1.2704
Car -1 -1 -7.3856 219.7020 178.9579 264.5879 200.3151 1.7336 1.6932 4.2448 -31.5186 2.2749 61.9045 -7.8551 -1.4470
Pedestrian -1 -1 -3.6305 975.5380 156.3752 994.4751 192.3081 1.8476 0.5939 0.6693 19.3962 1.0000 37.4026 -3.1555 -1.4688
Car -1 -1 -8.7745 1052.5377 170.2503 1172.4545 209.8638 1.5125 1.6544 3.8034 20.4520 1.4128 29.6146 -8.1751 -1.5605
Pedestrian -1 -1 -6.0538 887.6602 169.6453 915.3700 253.3553 1.6633 0.5456 0.4143 5.8795 1.5993 14.6791 -5.6806 -1.5629
Pedestrian -1 -1 -3.9835 1074.6110 174.2165 1140.5398 285.6512 1.4656 0.5035 0.5461 6.7012 1.4844 9.8105 -3.3988 -1.9282
Car -1 -1 -5.2592 903.9891 164.8224 958.2228 186.3566 1.5261 1.6670 4.2842 23.6442 0.9566 53.3659 -4.8444 -2.0400
Car -1 -1 -4.8094 944.7310 161.1080 978.0980 186.3526 1.6014 1.6094 3.8277 23.2210 0.8560 47.8443 -4.3601 -2.1412
