Car -1 -1 -3.5495 707.7120 167.8276 768.0648 189.9173 1.7023 1.7533 4.3528 10.0542 1.3146 56.9614 -3.3760 0.3011
Pedestrian -1 -1 -4.0337 1086.2225 164.7050 1154.0918 274.8926 1.6747 0.7373 0.4764 7.9831 1.5505 11.3878 -3.4351 0.2008
Car -1 -1 -8.0689 362.7624 177.7327 400.8532 201.8566 1.5627 1.6535 4.1861 -15.8393 1.9146 49.8661 -8.3752 -0.2135
Car -1 -1 -4.5704 901.1451 171.9994 935.9927 195.0209 1.4757 1.5975 4.0974 20.7055 1.4206 48.4169 -4.1688 -0.3927
Car -1 -1 -4.8277 303.4901 180.8667 340.7396 208.7064 1.5076 1.5935 3.8998 -16.9775 2.0011 42.3738 -5.2070 -0.4516
Pedestrian -1 -1 -6.4529 370.9376 175.5957 382.8737 201.9549 1.7326 0.5774 0.6666 -15.5153 1.9160 47.9229 -6.7647 -0.8224
Pedestrian -1 -1 -7.8102 927.4283 168.1205 953.5643 236.2625 1.8367 0.6308 0.7122 9.0718 1.7088 19.9077 -7.3888 -0.9228
Pedestrian -1 -1 -4.6883 838.0979 173.3161 859.9640 231.8184 1.7153 0.6093 0.7030 7.1083 1.7291 21.5945 -4.3751 -0.9843
Car -1 -1 -2.9931 646.6218 175.3017 698.1842 193.2619 1.4842 1.6278 4.1671 5.2835 1.6960 61.2493 -2.9078 -1.3816
Pedestrian -1 -1 -6.3053 489.7692 171.3643 500.1005 197.8247 1.7450 0.5839 0.6646 -7.6783 1.6465 47.9316 -6.4637 -1.3852
Car -1 -1 -4.6916 63.1038 191.1774 94.3855 216.5695 1.5264 1.5998 3.8187 -35.5638 2.8045 48.3171 -5.3236 -1.4783
Cyclist -1 -1 -8.1214 1002.2630 175.5750 1021.8264 208.8087 1.6069 0.4547 1.5215 19.9028 1.7447 35.8106 -7.6181 -1.6352
Pedestrian -1 -1 -4.2574 852.7751 168.8814 878.1500 225.5315 1.7830 0.5170 0.6948 8.1451 1.6577 23.1379 -3.9235 -1.6922
Pedestrian -1 -1 -5.0327 887.1839 162.9813 918.7853 238.3749 1.6749 0.4973 0.5927 6.5755 1.4553 16.3387 -4.6569 -1.7445
Car -1 -1 -6.5875 788.9113 167.2441 849.9460 187.5284 1.6083 1.6907 4.4152 16.8063 1.1632 58.1093 -6.3076 -2.0200
