Car -1 -1 -4.7827 873.0330 167.9714 901.2595 188.8735 1.5052 1.6825 4.0391 20.7223 1.1533 54.1362 -4.4191 0.6807
Pedestrian -1 -1 -3.1507 868.5573 168.6493 881.6831 205.5386 1.7752 0.5712 0.5911 12.8490 1.5725 35.0891 -2.8029 0.4150
Car -1 -1 -7.6196 455.4235 174.8048 496.1207 203.0716 1.6580 1.6076 3.9077 -8.2763 1.7837 44.5908 -7.8024 0.1298
Pedestrian -1 -1 -8.2757 333.8661 178.6509 348.7685 208.3612 1.7252 0.5958 0.6838 -15.8726 2.0702 42.5272 -8.6312 -0.0447
Pedestrian -1 -1 -7.1672 781.1033 168.8721 804.7670 212.9093 1.8440 0.6335 0.7677 7.7388 1.6769 30.6963 -6.9231 -0.4642
Pedestrian -1 -1 -6.2801 468.3491 174.2254 479.8081 204.3207 1.7641 0.6233 0.6616 -8.0775 1.8456 42.6943 -6.4663 -0.6022
Car -1 -1 -6.4095 713.4957 164.8548 767.0175 184.1013 1.6867 1.7215 4.5025 11.5317 0.9854 64.2050 -6.2328 -0.6883
Car -1 -1 -7.1865 324.5145 178.0779 393.2271 206.4400 1.6263 1.6523 4.3731 -15.4625 1.9656 44.5715 -7.5189 -0.8526
Pedestrian -1 -1 -3.8109 1147.8975 163.9641 1224.5514 286.8284 1.6045 0.5847 0.5634 7.6905 1.4881 9.7194 -3.1567 -0.9915
Pedestrian -1 -1 -3.7839 998.5685 167.2816 1044.8726 269.8622 1.5695 0.4655 0.4360 6.3863 1.4839 11.3001 -3.2812 -1.2794
Car -1 -1 -4.5929 0.0000 195.9573 25.1185 225.4352 1.5304 1.6191 3.8331 -35.9545 2.9635 42.7176 -5.2896 -1.6834
