Car -1 -1 -6.5426 763.9905 161.1490 827.3543 182.7241 1.6478 1.7119 4.4697 14.3426 0.7535 55.9873 -6.2932 0.0157
Pedestrian -1 -1 -8.4148 416.7811 173.7461 436.2584 210.0026 1.6850 0.6053 0.7097 -8.6929 1.7274 34.0206 -8.6635 -0.2269
Pedestrian -1 -1 -3.8002 862.0215 168.1288 888.9441 215.3349 1.7345 0.5802 0.7419 9.8494 1.5606 26.9015 -3.4532 -0.4797
Car -1 -1 -7.8469 250.7685 178.2289 288.9211 214.9744 1.6785 1.6217 3.7608 -16.7988 1.9587 35.6058 -8.2852 -0.5021
Pedestrian -1 -1 -5.7123 925.3447 161.3775 957.3401 213.5389 1.9088 0.6058 0.9014 12.3243 1.4886 26.9475 -5.2879 -0.5673
Car -1 -1 -6.8635 910.0759 160.1364 986.1022 185.6956 1.5535 1.6566 4.0475 21.0083 0.7802 44.9682 -6.4291 -0.7546
Pedestrian -1 -1 -7.7545 997.2099 161.7410 1013.2786 197.9228 1.7673 0.6438 0.5894 19.4989 1.2242 35.6687 -7.2579 -1.1516
Car -1 -1 -4.3628 186.0156 184.4481 240.0228 210.6252 1.5151 1.6590 4.2206 -25.2217 2.2883 45.9303 -4.8628 -1.3730
Car -1 -1 -6.5537 1187.6001 171.5739 1241.0000 216.1408 1.5160 1.6733 3.9617 23.6127 1.4721 26.1696 -5.8255 -1.4898
Cyclist -1 -1 -4.7033 1197.5861 165.6576 1241.0000 331.0060 1.6667 0.3882 1.5397 6.7052 1.5939 7.9909 -4.0239 -1.7632
Car -1 -1 -4.4353 25.7764 180.5345 78.5103 206.1779 1.6625 1.7113 4.6733 -39.1822 2.2290 50.7559 -5.0903 -2.0042
Car -1 -1 -5.1148 1130.3074 168.7462 1227.0189 211.2526 1.5390 1.5893 3.7586 22.0005 1.3900 28.1437 -4.4567 -2.0520
Cyclist -1 -1 -8.1469 868.6809 160.5681 916.9671 246.8412 1.6796 0.4324 1.7187 5.7658 1.4401 14.9194 -7.7854 -2.1710
