Car -1 -1 -4.0212 21.0400 181.3407 329.4555 310.5822 1.5068 1.6421 4.1657 -6.2162 1.6605 10.8980 -4.5295 7.4738
Car -1 -1 -7.8629 719.4051 178.3869 772.1934 231.0125 1.6239 1.6469 4.5495 4.6444 1.8347 25.1470 -7.6831 6.6482
Car -1 -1 -4.3786 467.7546 179.5709 558.0910 227.8470 1.4756 1.7395 4.4403 -3.2933 1.7305 25.0593 -4.5086 6.3821
Car -1 -1 -4.4756 559.1884 180.6301 613.4099 214.2650 1.4499 1.6543 4.1299 -1.0984 1.8429 34.3054 -4.5079 6.1940
Car -1 -1 -4.6189 621.9526 178.1256 649.0650 200.1575 1.4737 1.5778 3.8209 1.8134 1.8622 51.2153 -4.5842 1.4463
Car -1 -1 -5.0841 625.5443 179.1757 660.8051 199.2404 1.4992 1.5877 3.5831 2.5626 2.0162 57.0943 -5.0399 -0.0406
Car -1 -1 -4.1705 592.2554 179.4583 651.3027 206.8637 1.4807 1.6080 4.0190 0.7038 1.8856 42.1406 -4.1545 -0.0577
Car -1 -1 -7.6132 569.1023 178.6782 628.1602 217.5923 1.5218 1.6278 4.0111 -0.4590 1.7889 30.9935 -7.6286 -0.9321
Car -1 -1 -4.5236 639.5323 176.8557 673.7733 201.5178 1.5590 1.5770 3.9921 3.1401 1.8391 48.4327 -4.4597 -1.2268
Car -1 -1 -4.4030 888.5565 171.1205 921.8100 189.0868 1.5422 1.5985 3.9859 26.1733 1.3931 63.9764 -4.0165 -1.8972
