Car -1 -1 -4.3845 314.6898 189.2927 412.8292 240.2875 1.4304 1.7368 4.3525 -8.0310 2.0226 23.8259 -4.7068 6.4718
Car -1 -1 -4.0405 0.0000 192.2090 153.3268 350.5862 1.5534 1.6274 3.8351 -8.0572 1.8593 9.4820 -4.7312 5.3405
Car -1 -1 -7.8959 584.5105 181.9849 620.4512 216.5222 1.6063 1.6426 4.4813 -0.4802 2.1037 37.0473 -7.9094 4.8018
Car -1 -1 -4.5755 453.3152 184.8991 497.2740 216.9046 1.4872 1.6770 4.1362 -6.9233 2.1433 37.2164 -4.7586 1.4851
Car -1 -1 -4.5789 470.9322 182.9966 507.7936 211.0940 1.5201 1.6418 3.8054 -7.0688 2.1423 42.3562 -4.7437 0.6544
Cyclist -1 -1 -5.7527 1003.3940 166.7010 1063.9216 226.3152 1.6922 0.5585 1.4514 12.4071 1.5172 21.2497 -5.2308 -0.1267
Car -1 -1 -4.5102 508.0236 182.2771 538.5118 203.0838 1.5628 1.6756 3.9692 -6.9698 2.3479 58.0958 -4.6295 -0.3106
Car -1 -1 -7.6537 415.7869 185.2183 477.4853 226.3050 1.5108 1.7012 4.0857 -6.7098 2.0570 29.8304 -7.8736 -1.0108
Car -1 -1 -4.6325 510.4810 181.9819 538.3873 206.0350 1.5532 1.6135 4.0077 -5.9415 2.2132 50.1672 -4.7503 -1.1721
Pedestrian -1 -1 -4.9480 942.0586 165.6868 971.9604 226.0013 1.8372 0.6560 0.8360 10.7407 1.6186 22.4545 -4.5075 -1.5048
Cyclist -1 -1 -6.6681 828.4224 165.1368 866.3633 202.3390 1.9388 0.7144 1.7592 12.4625 1.5363 38.0208 -6.3540 -1.7530
Pedestrian -1 -1 -5.8650 717.1358 172.0284 734.4293 208.9147 1.8518 0.6862 0.6464 5.8485 1.8100 36.6861 -5.7088 -2.0485
