Car -1 -1 -4.3009 241.8652 184.4936 375.3821 246.6499 1.3961 1.6711 4.2745 -7.8635 1.7399 19.1739 -4.6857 7.3533
Car -1 -1 -7.8811 589.4208 171.4835 623.1425 204.4928 1.6486 1.6542 4.4635 -0.2876 1.5799 38.2965 -7.8891 5.5856
Car -1 -1 -4.4740 380.1193 179.2727 456.1623 226.8428 1.4544 1.6019 3.9600 -6.4809 1.6905 24.5908 -4.7295 2.0681
Car -1 -1 -7.6249 419.2210 179.7139 477.5764 216.6196 1.3795 1.5552 3.5265 -6.5582 1.6756 29.4012 -7.8429 0.6090
Car -1 -1 -7.6978 448.6791 174.7931 498.6124 208.5961 1.5800 1.7830 4.4935 -6.8135 1.6833 36.2585 -7.8826 0.2572
Cyclist -1 -1 -4.4694 283.7094 175.2754 297.7311 198.5911 1.8043 0.5692 1.9122 -25.2546 1.9987 57.0327 -4.8848 -0.9967
Pedestrian -1 -1 -7.3741 870.9191 163.5414 895.7613 207.8682 1.8082 0.7264 0.6950 11.2961 1.4280 29.9358 -7.0170 -1.0673
Pedestrian -1 -1 -6.6492 848.4674 167.4741 866.1265 218.3194 1.7227 0.5253 0.4090 8.4212 1.5401 24.7170 -6.3250 -1.2271
Pedestrian -1 -1 -4.1280 858.2252 169.8266 889.7908 225.4141 1.6567 0.6353 0.6777 7.9858 1.5662 21.9617 -3.7842 -1.3347
Pedestrian -1 -1 -5.5103 1007.6429 153.5959 1052.1865 225.6963 1.8664 0.6753 0.7669 11.0800 1.3676 19.1400 -4.9926 -1.6723
Car -1 -1 -4.7755 498.4472 174.6796 527.8345 199.1060 1.5006 1.6354 3.9269 -6.3419 1.6238 46.7248 -4.9100 -1.9421
Car -1 -1 -4.0865 6.6099 189.6712 100.8445 221.4938 1.4050 1.6271 4.1105 -27.7560 2.2951 36.1259 -4.7382 -2.0416
Cyclist -1 -1 -7.6172 705.7371 168.8771 718.6367 196.8515 1.6615 0.4000 1.6568 6.1596 1.4250 43.6995 -7.4785 -2.1513
Car -1 -1 -7.6687 457.6298 178.4927 510.6035 214.8738 1.3752 1.5181 3.4943 -5.1404 1.6198 29.5763 -7.8397 -2.1856
