Car -1 -1 -4.2217 70.0259 190.8316 272.5818 287.4598 1.5221 1.6916 3.8970 -8.3364 1.9219 14.0796 -4.7484 7.0295
Car -1 -1 -4.4078 321.5588 184.7560 401.8219 236.3116 1.6097 1.6302 3.6123 -8.6157 2.0551 25.1944 -4.7346 6.8480
Car -1 -1 -7.8392 570.2044 181.1088 609.3065 221.0934 1.6731 1.6868 4.4869 -0.9480 2.0804 33.3772 -7.8681 5.5125
Car -1 -1 -4.5718 453.5885 180.6858 494.1221 212.5818 1.6457 1.6700 4.0645 -7.5857 2.1054 40.3113 -4.7571 1.7806
Car -1 -1 -4.5265 417.4155 186.8138 463.8543 217.6404 1.4435 1.6220 4.1775 -8.8507 2.2162 37.8308 -4.7553 1.6624
Car -1 -1 -4.6227 474.8895 183.3549 503.6896 208.8053 1.5713 1.5692 3.6401 -8.0203 2.2964 47.9677 -4.7880 1.2175
Cyclist -1 -1 -4.8244 1170.8715 133.7647 1241.0000 352.1211 1.7871 0.4767 1.7432 5.6181 1.4669 6.7707 -4.1535 -0.1717
Pedestrian -1 -1 -3.3828 1012.1606 160.1299 1054.2708 258.6158 1.6922 0.5166 0.5264 7.3956 1.4733 12.7175 -2.8667 -0.3306
Car -1 -1 -8.0997 724.7299 175.9476 771.6603 206.0311 1.6006 1.6623 4.0376 7.7286 1.7844 40.8801 -7.9146 -0.8046
Car -1 -1 -4.7120 660.7094 179.7015 683.9794 202.3250 1.5724 1.6559 4.2354 4.6012 2.1019 53.6493 -4.6274 -0.9312
Car -1 -1 -4.4764 431.8616 183.5008 485.2983 219.4345 1.5989 1.6482 4.1041 -7.3971 2.1517 35.4122 -4.6813 -1.2277
Car -1 -1 -7.6647 400.9157 183.1042 466.6055 226.3212 1.5910 1.8153 4.5580 -7.2616 2.0496 29.9820 -7.9009 -1.8289
Car -1 -1 -4.6185 487.9692 184.4735 513.6046 206.4760 1.5010 1.5320 3.6070 -8.0211 2.3841 53.0127 -4.7684 -2.0645
Pedestrian -1 -1 -7.3989 751.2647 177.8982 768.0831 215.0662 1.7531 0.6112 0.5467 7.1252 1.9971 34.5452 -7.1978 -2.1832
