Cyclist -1 -1 -4.9095 688.1846 159.0817 716.5830 219.2614 1.8753 0.5515 1.8607 2.9345 1.4458 23.4325 -4.7871 5.3154
Car -1 -1 -7.7580 585.4849 173.6286 615.4555 198.9181 1.6146 1.6330 3.9793 -0.6301 1.6682 48.2408 -7.7714 3.5526
Car -1 -1 -4.3370 169.1302 188.8108 237.4090 223.3527 1.4451 1.5709 3.5896 -19.0111 2.2342 33.8100 -4.8461 2.3748
Car -1 -1 -7.7012 416.9364 177.8578 470.3989 214.8721 1.4878 1.6632 4.2134 -7.2814 1.7227 31.7479 -7.9253 0.0910
Car -1 -1 -8.2308 659.9234 163.6522 700.5755 191.5085 2.0761 1.7780 4.0093 5.3718 1.3900 55.9469 -8.1359 -0.1014
Car -1 -1 -3.0443 392.4933 177.6764 481.0013 210.9890 1.5597 1.6853 4.0543 -8.4279 1.8021 35.2137 -3.2779 -0.2076
Car -1 -1 -7.7759 452.7768 176.8271 490.9860 207.5935 1.5553 1.6951 4.6090 -7.5314 1.7855 39.4752 -7.9636 -0.7506
Car -1 -1 -7.5930 347.3814 180.6120 435.0447 232.1496 1.4753 1.6725 4.2230 -7.0228 1.7498 23.4303 -7.8816 -0.9889
Car -1 -1 -4.6557 482.0623 173.8333 508.7677 199.3741 1.6439 1.5623 3.8056 -7.7080 1.7121 48.5621 -4.8126 -1.5516
Car -1 -1 -4.4533 260.8703 185.7689 307.0406 213.4997 1.5269 1.6361 3.7106 -19.6394 2.3408 43.5222 -4.8752 -1.5882
Car -1 -1 -3.2490 1071.8170 156.3728 1154.6847 185.1904 1.6018 1.6386 3.7682 28.9719 0.6854 41.7243 -2.6454 -1.8427
Pedestrian -1 -1 -3.2775 1116.0555 150.6130 1140.8018 186.6391 1.8716 0.5400 0.9908 27.2227 0.7158 37.9534 -2.6590 -1.9225
Car -1 -1 -7.1988 0.0000 166.4742 71.9811 251.0820 2.2434 1.8357 4.4601 -18.5068 2.0739 21.4061 -7.9056 -1.9383
Pedestrian -1 -1 -7.6217 731.4634 168.0511 747.5969 203.3050 1.7134 0.6527 0.6408 6.3328 1.4797 35.4918 -7.4470 -1.9902
