Car -1 -1 -7.7135 506.1645 181.6367 557.9238 222.7016 1.6024 1.6534 4.1663 -3.3370 2.0072 31.1686 -7.8199 6.0865
Car -1 -1 -4.4402 375.5605 189.5980 433.2599 222.1788 1.4728 1.7250 4.4006 -10.5175 2.3841 37.0827 -4.7151 5.2250
Car -1 -1 -7.8988 577.1050 180.6185 604.8311 205.7292 1.5227 1.6247 3.7985 -1.3062 2.0483 46.9148 -7.9270 3.0866
Cyclist -1 -1 -8.7120 631.0843 172.9890 663.2613 210.6092 1.9053 0.5521 1.7182 1.8756 1.9121 37.3413 -8.6628 3.0261
Pedestrian -1 -1 -7.7365 292.2880 185.0068 309.3679 219.7324 1.8412 0.7460 0.9537 -16.8344 2.5109 39.2141 -8.1399 1.2248
Car -1 -1 -7.2155 0.0000 179.1139 155.9443 313.4211 1.8026 1.7160 4.1065 -9.6796 1.9240 11.9568 -7.8853 0.8498
Car -1 -1 -5.0225 411.7390 187.0752 461.6111 217.1589 1.5003 1.5817 3.8568 -9.6864 2.3288 39.9889 -5.2592 0.6630
Car -1 -1 -4.6031 418.3585 186.2054 444.4258 207.0830 1.5119 1.5718 3.9951 -14.0994 2.6049 57.0001 -4.8449 0.2142
Pedestrian -1 -1 -3.7936 629.5480 175.4275 646.9340 209.6991 1.8240 0.5316 0.7728 1.4845 1.9640 38.9067 -3.7563 0.0057
Pedestrian -1 -1 -2.6708 182.7612 192.0594 198.6541 217.4870 1.7544 0.5809 0.7849 -29.4111 3.1082 50.5641 -3.1956 -0.0361
Cyclist -1 -1 -8.3606 636.0110 173.3897 661.8519 209.0340 1.9263 0.6383 1.7880 2.1068 1.9564 39.9657 -8.3089 -0.1345
Pedestrian -1 -1 -5.9970 476.5140 180.3571 495.1062 215.4267 1.8349 0.6137 0.8325 -6.6199 2.2361 38.2552 -6.1678 -0.1862
Car -1 -1 -4.4844 269.7796 186.0485 319.1300 215.5078 1.5662 1.6997 4.5199 -18.7005 2.3932 42.8647 -4.8938 -0.6495
Car -1 -1 -4.3952 397.7861 185.9760 463.4958 224.0128 1.5091 1.6341 4.1253 -7.9578 2.1331 32.2077 -4.6360 -1.0983
Car -1 -1 -7.7121 448.0499 185.0870 480.9258 209.6162 1.4814 1.6048 3.7272 -9.5456 2.3168 47.3833 -7.9102 -1.2848
Car -1 -1 -7.2946 238.9587 175.8717 296.2304 206.0274 2.2162 1.8204 4.6407 -26.4789 2.4599 55.9226 -7.7353 -1.5578
Car -1 -1 -7.6119 243.4312 193.0478 303.9846 227.7046 1.4736 1.7235 4.2544 -16.5180 2.5315 35.5564 -8.0443 -1.7183
Car -1 -1 -4.4867 502.9882 181.6485 541.2535 206.4743 1.5099 1.6248 4.1030 -5.7685 2.1147 47.5160 -4.6073 -1.7398
Car -1 -1 -4.8570 365.6640 181.4079 394.4789 202.9123 1.6091 1.6333 4.0671 -18.5120 2.3213 57.9160 -5.1654 -1.8657
Car -1 -1 -7.6948 372.4166 187.0039 433.9726 231.4705 1.4623 1.6180 3.8249 -7.6966 2.0304 26.9906 -7.9705 -2.1277
Car -1 -1 -7.5070 258.3593 186.8497 388.8683 256.4519 1.5432 1.7697 4.4655 -7.4487 1.9580 19.1522 -7.8738 -2.1312
