Car -1 -1 -7.8916 588.8358 174.2568 615.4982 198.7826 1.5697 1.6354 3.8155 -0.5920 1.6672 48.3497 -7.9042 2.8229
Car -1 -1 -4.3972 393.4513 172.3925 456.2267 215.1745 1.9601 1.8088 3.9763 -8.9649 1.9387 35.1019 -4.6459 1.8661
Car -1 -1 -4.0342 0.0000 168.0779 146.1359 293.2646 2.1200 1.7836 4.5558 -11.7424 2.0388 14.5025 -4.7060 1.7986
Car -1 -1 -7.6781 395.3571 181.2684 455.5520 222.7805 1.4555 1.6139 3.8359 -7.1415 1.8055 28.0674 -7.9255 1.6459
Car -1 -1 -4.5964 472.6340 172.5732 506.1874 200.5782 1.6837 1.6299 4.0057 -7.5779 1.6665 45.4195 -4.7611 1.2596
Car -1 -1 -4.3615 480.5535 177.8015 513.4561 194.9027 1.4803 1.6245 4.2088 -10.3091 1.9476 65.9673 -4.5163 -0.0050
Car -1 -1 -7.7649 689.3789 164.0638 715.5609 193.7887 2.4320 1.8225 4.5170 7.8852 1.7125 61.4355 -7.6383 -0.1533
Car -1 -1 -7.6486 429.3741 182.0480 479.5293 215.9411 1.4341 1.5568 3.6125 -7.1624 1.8814 33.3219 -7.8592 -0.6680
Car -1 -1 -4.5931 484.2101 176.6261 514.4288 199.3613 1.5015 1.6289 3.9045 -7.7039 1.7745 50.2875 -4.7447 -0.8055
Car -1 -1 -6.6819 715.7556 168.0910 802.0159 196.4227 1.4882 1.6807 4.2651 8.0149 1.2377 39.1444 -6.4817 -0.9917
Car -1 -1 -7.6584 444.9891 175.8649 491.8963 210.9130 1.7306 1.6696 4.0280 -7.4271 1.8973 37.9918 -7.8506 -1.0944
Pedestrian -1 -1 -7.9918 718.9720 170.6356 734.7430 202.1555 1.6951 0.7809 0.4946 6.2847 1.5755 39.0587 -7.8339 -1.3943
Car -1 -1 -7.9380 645.3367 173.7623 669.8959 195.1424 1.5175 1.5249 3.2476 3.4399 1.5860 52.9921 -7.8740 -1.4048
Car -1 -1 -7.5790 344.2945 182.4404 434.0820 234.7336 1.4965 1.7239 4.1130 -7.1038 1.8356 23.4773 -7.8702 -1.4972
Cyclist -1 -1 -6.7952 716.9385 162.4059 750.9548 195.2831 1.8266 0.6624 1.7980 6.9545 1.2458 40.7030 -6.6276 -1.5872
Car -1 -1 -4.7469 689.9464 170.9070 713.7036 193.3776 1.6139 1.6114 4.0172 6.7956 1.4738 53.8963 -4.6225 -2.1669
