Car -1 -1 -4.2746 150.8201 193.8870 296.2921 261.3659 1.4413 1.6798 4.2589 -9.9669 2.0556 18.9219 -4.7540 7.5919
Car -1 -1 -7.7096 467.9041 178.3613 542.8030 240.1306 1.6504 1.6635 3.8979 -3.0776 1.8297 21.5784 -7.8503 6.2789
Cyclist -1 -1 -2.4987 648.4358 168.6489 694.9578 217.7572 1.8268 0.5751 1.7851 2.3067 1.6701 27.6481 -2.4170 4.6891
Car -1 -1 -4.4377 337.8281 188.5479 390.9269 218.6220 1.4274 1.6837 3.8256 -12.9836 2.3013 38.2375 -4.7634 2.0836
Pedestrian -1 -1 -7.4875 212.1986 179.0119 236.5300 222.4545 1.8098 0.7159 0.6684 -16.3605 2.0734 30.5415 -7.9760 2.0568
Car -1 -1 -6.4697 573.0952 178.9718 634.7460 204.0360 1.5318 1.6786 3.6681 -0.4404 1.9303 45.8555 -6.4798 1.4297
Cyclist -1 -1 -2.5165 645.7479 168.2102 689.0575 213.1535 1.8339 0.6296 1.7756 2.3533 1.6441 30.2549 -2.4402 1.2019
Car -1 -1 -5.9589 353.5081 184.7956 471.3292 226.3669 1.4749 1.6575 3.9434 -7.4047 1.9385 27.0862 -6.2238 1.0447
Pedestrian -1 -1 -5.8507 442.6579 174.8420 467.2261 221.8349 1.8345 0.6180 0.7631 -6.1837 1.9140 28.5842 -6.0624 0.8611
Pedestrian -1 -1 -3.6913 646.2569 171.7365 670.4044 215.3247 1.7393 0.5471 0.8089 1.9121 1.6944 29.2217 -3.6272 0.4381
Cyclist -1 -1 -4.9552 634.9795 175.6329 657.5881 214.6458 1.6265 0.5839 1.6668 1.5078 1.7493 31.0805 -4.9078 0.2470
Pedestrian -1 -1 -3.6387 418.6501 177.7457 430.5509 198.9076 1.9218 0.4329 0.9692 -17.0403 2.3738 66.2385 -3.8899 -0.4339
Car -1 -1 -2.5964 301.0836 186.0213 416.1953 225.5872 1.4741 1.6901 4.0823 -10.1063 2.0255 28.9737 -2.9296 -0.5088
Car -1 -1 -8.0464 429.1305 183.6646 474.2207 214.9949 1.4935 1.6124 3.7844 -8.3935 2.0915 37.8724 -8.2635 -0.7759
Car -1 -1 -7.2445 91.9125 188.6234 222.2274 237.0547 1.4851 1.7260 4.3957 -16.0674 2.0984 25.8307 -7.7966 -0.8598
Car -1 -1 -2.8721 219.7716 189.5453 315.8597 220.4758 1.5207 1.7056 4.2688 -17.9672 2.4266 37.9726 -3.3117 -0.9053
Car -1 -1 -4.8005 627.9381 175.0232 650.3116 194.3727 1.6701 1.6532 4.0068 2.5618 1.8707 64.7788 -4.7615 -1.1517
Car -1 -1 -4.3127 406.2272 182.9840 443.0841 202.9372 1.5888 1.5961 4.0704 -15.8379 2.4854 61.7494 -4.5632 -1.1840
Car -1 -1 -4.5730 184.8293 188.3942 210.5786 206.6351 1.5457 1.5746 3.5609 -37.9289 3.0174 66.4004 -5.0905 -1.2673
Car -1 -1 -7.8696 662.4947 180.0722 692.6867 209.4833 1.4587 1.5305 3.5130 3.5309 1.8615 38.4826 -7.7793 -1.4905
Car -1 -1 -7.4718 719.6170 158.1352 754.1960 180.6339 1.9289 1.6818 3.9226 11.2576 0.6667 63.9708 -7.2985 -2.1774
