Car -1 -1 -4.1746 70.0083 195.8876 219.7022 263.7509 1.5264 1.6200 3.8750 -12.4264 2.2115 19.5128 -4.7358 8.1281
Car -1 -1 -7.6116 348.0241 178.8291 511.4990 300.9594 1.6436 1.6435 4.0426 -2.8106 1.7590 11.9426 -7.8388 7.4367
Cyclist -1 -1 -2.5919 679.3346 162.4686 754.5856 239.5747 1.8318 0.5575 1.8243 2.5887 1.5848 17.9371 -2.4517 4.2230
Car -1 -1 -7.7471 590.2665 177.0961 621.3153 203.1515 1.5941 1.6173 3.8283 -0.2673 1.8805 46.7780 -7.7533 3.2392
Car -1 -1 -7.4066 269.9386 181.1376 331.1692 212.9966 1.5968 1.6129 3.6554 -16.6863 2.0656 38.9951 -7.8087 2.1487
Car -1 -1 -4.6353 465.5529 181.1561 489.8587 201.4547 1.5145 1.6108 3.8937 -10.5366 2.1991 57.5052 -4.8161 1.6197
Pedestrian -1 -1 -6.8843 659.3541 172.1491 692.2221 229.8271 1.6770 0.7342 0.6758 1.9045 1.6562 21.4645 -6.7978 1.3973
Pedestrian -1 -1 -7.5142 64.8398 186.5103 105.1441 249.2793 1.8248 0.7158 0.9158 -15.8608 2.2464 21.7516 -8.1386 1.3833
Cyclist -1 -1 -8.5561 678.7201 165.1682 733.6799 230.0123 1.7711 0.5596 1.7353 2.6734 1.5609 20.5879 -8.4295 1.1489
Pedestrian -1 -1 -3.2075 681.3040 169.4344 710.3541 233.4275 1.7044 0.5699 0.7413 2.2655 1.6130 19.5191 -3.0945 1.1397
Car -1 -1 -4.0159 0.0000 200.0670 91.6240 260.4629 1.4487 1.6878 4.4528 -17.9853 2.3454 21.5510 -4.7054 -0.0293
Pedestrian -1 -1 -7.6417 326.4050 180.9235 337.3643 208.9502 1.7732 0.4998 0.7970 -17.8894 2.2960 46.3327 -8.0086 -0.0340
Car -1 -1 -4.4015 0.0000 193.5325 50.7663 222.3329 1.4954 1.4909 2.9455 -33.6134 2.7305 41.4652 -5.0797 -0.1568
Car -1 -1 -7.3149 123.9562 192.1716 225.4734 236.4328 1.4617 1.6257 3.6539 -16.3591 2.2401 27.2545 -7.8514 -0.3225
Car -1 -1 -4.7291 640.1697 174.4616 659.8513 194.2682 1.6042 1.5817 3.7587 3.3124 1.7433 60.6575 -4.6752 -0.8316
Car -1 -1 -4.8112 651.0976 175.2076 682.2032 198.8163 1.4827 1.6487 4.0601 3.6744 1.6449 47.7715 -4.7353 -1.0904
Car -1 -1 -7.7210 407.7515 177.1822 432.3884 196.4491 1.6539 1.6242 4.0344 -17.0920 2.0560 64.9827 -7.9775 -1.2122
Car -1 -1 -4.7146 634.9188 175.6786 653.5339 193.9659 1.5996 1.6436 4.0163 3.0905 1.8649 65.7878 -4.6682 -1.3516
Car -1 -1 -7.2029 0.0000 201.4534 81.1704 273.2648 1.4596 1.6426 4.0202 -15.7169 2.2677 18.3461 -7.9042 -1.3954
Car -1 -1 -7.6942 462.7187 178.8920 499.3989 205.7478 1.5028 1.5949 3.6336 -7.6787 1.8779 43.0281 -7.8702 -1.5511
Pedestrian -1 -1 -6.1656 418.7555 179.7196 428.7035 200.3594 1.7954 0.4940 0.7922 -16.3525 2.3998 63.2597 -6.4179 -2.1133
Car -1 -1 -4.2639 86.8059 187.5613 135.5557 210.8449 1.6952 1.6331 3.9272 -39.5058 2.9030 57.2064 -4.8663 -2.1510
