Car -1 -1 -7.7996 522.0543 174.1192 560.3528 208.2592 1.6336 1.7073 4.6396 -3.5099 1.7024 37.0521 -7.8939 3.3807
Car -1 -1 -7.8992 579.1708 175.1683 607.9534 200.4179 1.5566 1.6770 4.2130 -1.1458 1.7141 47.0367 -7.9238 2.9785
Car -1 -1 -4.4901 424.9413 179.9563 463.0544 205.2970 1.5399 1.6189 3.7532 -10.7461 2.0185 46.7783 -4.7151 2.1233
Pedestrian -1 -1 -2.9634 327.2136 176.7912 344.4492 206.7658 1.8196 0.6062 0.8955 -16.8564 2.0630 44.2810 -3.3254 0.9767
Car -1 -1 -7.6445 457.4668 178.3554 497.8445 205.7417 1.5354 1.6324 3.7219 -7.8884 1.8780 43.0922 -7.8249 0.7975
Car -1 -1 -5.1305 626.0422 176.2151 668.7730 197.6074 1.5123 1.6393 4.1460 2.7187 1.7737 53.9393 -5.0808 -0.9468
Car -1 -1 -4.8602 472.4906 177.1556 502.2766 199.6152 1.5579 1.6088 3.7779 -9.0477 1.8850 52.8780 -5.0292 -1.4022
Car -1 -1 -8.2409 490.0537 174.7949 526.4109 195.7839 1.6174 1.6162 3.6904 -8.2334 1.7785 57.9737 -8.3817 -1.8214
Pedestrian -1 -1 -5.2493 634.6414 166.9042 652.3423 199.0744 1.8817 0.7149 0.8453 1.9456 1.5334 42.7454 -5.2045 -1.8701
Car -1 -1 -4.8797 491.9305 174.5895 524.2802 199.3288 1.6474 1.6124 3.8631 -7.1880 1.7734 50.4240 -5.0209 -1.9625
Car -1 -1 -8.0598 438.2651 178.7612 484.5925 209.7270 1.5045 1.6079 3.9639 -7.9135 1.8328 38.0093 -8.2641 -2.0224
Car -1 -1 -6.9118 756.8987 170.3413 841.6225 200.1999 1.4733 1.6594 4.0089 9.6923 1.3490 37.1099 -6.6586 -2.1097
Car -1 -1 -4.9389 663.4159 177.6427 716.8884 210.1296 1.4372 1.6745 4.0089 3.7356 1.6806 34.6281 -4.8329 -2.1552
