Car -1 -1 -4.4130 337.4662 192.5532 408.4487 229.5777 1.4022 1.7591 4.3539 -10.3970 2.3311 31.8452 -4.7266 4.7805
Car -1 -1 -7.7670 498.2253 183.8574 550.7183 230.8067 1.6579 1.7061 4.1544 -3.3543 2.1252 28.5654 -7.8836 4.7329
Car -1 -1 -7.8347 579.8515 183.6747 606.4369 209.8804 1.5665 1.6512 4.0726 -1.0908 2.2994 46.8552 -7.8584 2.8764
Cyclist -1 -1 -8.6817 632.6511 176.4388 669.5450 216.4450 1.8615 0.5965 1.8468 1.9181 2.0374 34.5978 -8.6274 2.6377
Car -1 -1 -4.4531 399.9081 189.2227 436.7506 212.1836 1.4914 1.6195 3.7963 -13.6553 2.7018 51.4714 -4.7116 1.5823
Pedestrian -1 -1 -3.7492 270.5001 186.9993 295.6753 224.1424 1.8323 0.7331 0.9079 -16.6247 2.5611 36.6127 -4.1731 0.8978
Pedestrian -1 -1 -5.9005 468.9735 181.7074 487.2909 218.4591 1.7781 0.5957 0.7148 -6.5162 2.2172 35.4482 -6.0815 0.5179
Car -1 -1 -7.1276 625.6660 182.1893 695.1234 213.0336 1.5319 1.6651 3.7546 2.7131 2.0596 38.8995 -7.0591 0.4034
Car -1 -1 -4.4796 309.1223 190.0095 354.0509 216.4421 1.5018 1.7491 4.1917 -17.7295 2.6483 46.0366 -4.8457 0.3474
Cyclist -1 -1 -5.7569 1150.6436 161.3661 1209.6909 209.2999 1.8585 0.6857 1.7457 22.7754 1.4128 28.9135 -5.0949 0.1831
Car -1 -1 -4.6528 459.2743 185.4279 489.5760 211.9902 1.5008 1.6166 3.8902 -8.3952 2.3152 44.7214 -4.8378 -0.1315
Car -1 -1 -7.4764 206.7316 194.3454 286.6714 232.6774 1.4790 1.7417 4.3068 -16.3064 2.5141 32.5459 -7.9380 -0.1926
Car -1 -1 -5.6276 406.9818 188.9851 495.8111 223.3270 1.4822 1.6293 3.9330 -7.5632 2.2814 34.1919 -5.8442 -0.3968
Pedestrian -1 -1 -4.2739 631.0001 177.5579 649.8038 214.7635 1.8301 0.6255 0.8872 1.4870 2.0691 36.1652 -4.2338 -0.6266
Car -1 -1 -4.6282 140.5716 192.7297 175.0350 218.1839 1.5381 1.6531 3.9340 -30.7216 2.9476 49.0500 -5.1856 -1.3579
Car -1 -1 -7.3602 220.3336 175.7078 277.1110 206.9647 2.1870 1.8241 4.4933 -26.5679 2.4060 53.1758 -7.8218 -1.8744
Car -1 -1 -4.8231 379.2174 179.2843 402.8159 197.9348 1.5606 1.5848 3.8276 -19.4322 2.1480 63.8738 -5.1176 -2.0776
Car -1 -1 -2.8659 221.1057 192.5020 308.2482 224.5761 1.5421 1.6492 3.7441 -17.7733 2.5854 37.1961 -3.3092 -2.1803
