Car -1 -1 -4.1898 24.7184 182.4669 255.8388 289.0496 1.6500 1.7408 4.2163 -8.6237 1.8605 13.6893 -4.7435 6.5204
Car -1 -1 -7.7804 589.2780 174.9812 618.3466 200.7295 1.6500 1.6770 3.9135 -0.4108 1.7988 48.5754 -7.7892 2.8371
Car -1 -1 -4.2779 211.0883 172.3641 321.6435 236.7928 2.0621 1.7731 4.4458 -11.9345 2.0462 25.3189 -4.7147 2.6010
Car -1 -1 -4.3853 442.9171 171.8356 490.3016 202.6030 1.8927 1.7615 4.1342 -9.2213 1.8297 46.5507 -4.5802 2.5555
Car -1 -1 -7.6121 391.8123 180.0297 459.4216 221.9879 1.5020 1.6642 4.0320 -7.2433 1.8056 28.5402 -7.8589 1.1767
Car -1 -1 -7.5983 347.7719 181.6648 434.9342 232.2727 1.4704 1.7206 4.2569 -7.1508 1.7879 23.8703 -7.8869 0.9125
Car -1 -1 -7.6749 448.0398 177.6900 490.7560 209.6739 1.6015 1.5857 3.8313 -7.5102 1.8730 38.6351 -7.8661 -0.3464
Car -1 -1 -4.5697 472.3057 173.4355 507.7788 201.8353 1.7273 1.6757 4.0146 -7.6305 1.7657 45.9911 -4.7336 -1.3297
Car -1 -1 -7.5184 293.2716 182.7694 408.4697 246.0473 1.5198 1.6650 4.3465 -7.1254 1.8268 20.1847 -7.8542 -1.8332
Cyclist -1 -1 -4.4760 906.8203 146.2020 927.9393 184.4190 1.7290 0.5515 1.5831 14.2129 0.5229 33.4449 -4.0774 -2.0749
