Car -1 -1 -7.7702 503.6138 183.8714 552.7659 226.7017 1.5916 1.6979 3.8158 -3.3500 2.0749 29.7376 -7.8820 6.4193
Car -1 -1 -4.4341 359.4900 191.6406 418.8080 225.9568 1.4282 1.6296 4.0981 -10.4702 2.3760 34.3493 -4.7283 3.4941
Cyclist -1 -1 -2.5569 630.6891 176.1817 667.2302 214.1886 1.8474 0.5969 1.7849 1.8950 2.0166 35.9768 -2.5053 2.7649
Car -1 -1 -7.8584 578.6194 183.9744 606.3185 209.4454 1.5228 1.7228 3.9030 -1.1836 2.2748 46.8386 -7.8841 1.9450
Pedestrian -1 -1 -5.9901 472.8639 182.6308 492.1748 216.5070 1.7018 0.6186 0.8271 -6.5394 2.2050 36.8077 -6.1653 1.2046
Cyclist -1 -1 -2.5100 273.4986 188.5081 311.2514 223.8946 1.8138 0.6004 1.8111 -16.7231 2.6465 37.9065 -2.9232 1.1505
Car -1 -1 -3.9442 0.0000 181.8573 56.1904 358.0428 1.7485 1.6734 3.9423 -9.5593 1.8895 9.3461 -4.7266 1.1349
Car -1 -1 -4.7341 411.5610 189.7176 435.0685 211.9665 1.5086 1.6221 3.8741 -14.0715 2.8231 54.1703 -4.9875 0.6809
Car -1 -1 -4.1938 48.7653 187.8750 112.8735 215.7107 1.7371 1.6995 4.1680 -36.2611 2.8130 49.5297 -4.8234 0.2829
Pedestrian -1 -1 -4.2452 630.4203 177.8345 647.2914 213.3870 1.8189 0.5370 0.8879 1.4666 2.0816 37.5779 -4.2071 0.2288
Car -1 -1 -7.8187 320.5823 190.6664 350.2737 216.1130 1.4880 1.6778 3.9241 -17.9878 2.7078 47.2971 -8.1807 0.1895
Cyclist -1 -1 -2.4724 627.2931 178.3470 661.8378 212.8739 1.7864 0.6650 1.8160 1.7949 2.0852 38.4471 -2.4267 0.1724
Car -1 -1 -4.9357 690.1855 184.7026 723.6970 206.7522 1.5280 1.6627 3.8900 7.2067 2.4504 54.1777 -4.8047 -0.7239
Cyclist -1 -1 -7.8638 177.0618 195.3404 183.5845 220.2529 1.6304 0.3699 1.5499 -29.4214 3.1916 49.3480 -8.3993 -0.7455
Car -1 -1 -4.7488 384.8587 179.7467 404.4976 197.6296 1.5272 1.5646 3.7327 -19.4988 2.1690 65.1959 -5.0386 -1.0877
Car -1 -1 -4.6551 474.0562 185.3564 500.5576 209.3815 1.5528 1.6152 4.0511 -8.6519 2.4713 50.9247 -4.8230 -1.5324
Pedestrian -1 -1 -2.3802 266.0419 185.5559 277.0986 208.6081 1.8651 0.6404 0.5242 -27.7878 2.9137 59.1922 -2.8177 -1.7228
Car -1 -1 -7.7652 623.6257 181.4088 659.3909 212.0839 1.5942 1.6628 4.2438 1.8003 2.1056 40.9461 -7.7221 -1.8309
