Car -1 -1 -4.4944 375.0587 178.5984 432.6277 217.4831 1.6474 1.6936 4.1314 -9.4729 1.9290 33.3030 -4.7699 5.5188
Car -1 -1 -3.9912 0.0000 200.9869 115.1473 356.2419 1.3798 1.6079 4.2348 -8.6754 1.8256 9.3130 -4.7270 3.1445
Car -1 -1 -7.8542 588.7850 174.8938 615.8397 200.3619 1.5749 1.6867 4.4168 -0.5405 1.7143 47.1929 -7.8661 2.7098
Car -1 -1 -7.8955 548.5242 176.8909 571.4429 196.7690 1.4982 1.6472 3.8856 -4.0233 1.8294 57.2258 -7.9658 2.4607
Car -1 -1 -4.4462 456.3752 174.2726 491.5876 196.7997 1.7285 1.7775 3.9964 -10.8549 1.8457 57.6876 -4.6317 1.6338
Car -1 -1 -4.5265 409.4788 180.0623 468.1190 218.8389 1.4905 1.6698 4.1956 -7.2314 1.8178 30.6595 -4.7567 1.4335
Car -1 -1 -7.6500 443.8135 176.0756 492.8016 209.5518 1.6479 1.6979 4.3002 -7.4472 1.8274 38.0949 -7.8422 0.2500
Pedestrian -1 -1 -7.7412 1146.6366 146.0139 1174.5784 205.3012 1.8554 0.6543 0.5474 17.5057 1.0151 23.0038 -7.0970 -0.4413
Car -1 -1 -7.6734 363.7801 182.3739 439.4324 232.3042 1.5201 1.7154 4.6887 -7.2283 1.8855 25.3037 -7.9494 -1.4630
Car -1 -1 -7.9848 524.1123 178.4675 546.8529 196.2384 1.6086 1.6706 3.7587 -7.1319 2.1578 68.6115 -8.0884 -1.6831
Car -1 -1 -4.8132 651.2860 172.5584 683.9641 198.7245 1.6097 1.6723 4.2008 3.6335 1.5912 46.5085 -4.7361 -1.9071
Car -1 -1 -5.6239 499.1033 176.3017 563.6270 200.8591 1.5980 1.6783 4.2410 -5.4213 1.8420 49.2891 -5.7333 -1.9410
