Car -1 -1 -7.8601 597.3417 175.3822 626.8135 203.9310 1.5874 1.6536 4.0367 0.0692 1.7431 42.5004 -7.8589 2.4560
Car -1 -1 -7.6416 410.3630 177.5319 474.5083 221.8064 1.6249 1.6971 3.9621 -6.6659 1.8248 28.8930 -7.8669 1.1278
Car -1 -1 -7.5417 402.9904 175.9245 439.2760 200.3439 1.8638 1.6377 4.0534 -15.0706 2.1177 57.6618 -7.7966 -0.1456
Pedestrian -1 -1 -3.4942 999.7032 142.1925 1020.0608 209.6820 1.9634 0.5258 0.3626 11.7386 1.0711 21.2768 -2.9961 -0.2907
Car -1 -1 -7.5706 336.8195 177.2603 439.2125 238.3711 1.6550 1.8088 4.4085 -6.6820 1.8030 22.0709 -7.8618 -0.6902
Car -1 -1 -7.7195 455.2949 181.0999 498.4083 212.5026 1.4739 1.6570 3.9083 -6.7898 1.9181 36.9019 -7.9007 -0.7043
Car -1 -1 -4.9094 675.2533 177.4930 708.1115 198.9382 1.5271 1.6457 4.3056 6.1000 1.8918 54.5564 -4.7991 -1.0278
Car -1 -1 -4.5606 530.7097 176.0822 557.4080 197.2209 1.6396 1.5899 3.8886 -5.3432 1.9102 58.5607 -4.6516 -1.0758
Car -1 -1 -4.5337 473.2299 178.2474 514.1729 206.3069 1.4997 1.6413 3.9229 -6.6389 1.8229 41.3019 -4.6925 -1.6694
Car -1 -1 -4.6914 681.7331 176.9225 705.5901 200.3101 1.5680 1.6044 3.8603 5.9238 1.8673 51.0996 -4.5772 -1.8429
