Car -1 -1 -4.3052 235.8239 188.5806 350.5135 250.2882 1.4532 1.5649 3.5523 -8.5487 1.9205 19.6755 -4.7107 6.2390
Car -1 -1 -4.2683 175.8399 192.3311 290.6663 245.5826 1.4396 1.6415 4.0738 -11.9311 2.1177 23.0721 -4.7412 4.2378
Car -1 -1 -4.5207 446.2130 181.9313 486.5342 208.0083 1.4706 1.7019 3.8741 -8.7358 2.0480 43.9813 -4.7160 3.6673
Car -1 -1 -8.0260 588.8938 178.2739 626.3970 204.8277 1.5633 1.6874 4.0375 -0.2306 1.9207 45.4857 -8.0315 1.9347
Pedestrian -1 -1 -7.3927 1015.8792 148.6271 1070.5685 244.5845 1.8157 0.7444 0.5686 8.4185 1.3570 14.1200 -6.8647 1.0085
Car -1 -1 -7.7128 457.9949 180.2836 500.5124 214.0613 1.6016 1.6150 3.8904 -6.6957 2.0031 37.0536 -7.8908 0.9606
Car -1 -1 -4.5885 478.3395 177.6262 513.0817 206.7488 1.5827 1.5381 3.6953 -6.5966 1.8706 41.6985 -4.7449 0.2818
Car -1 -1 -7.7883 440.0047 181.1608 484.4331 218.6385 1.5578 1.7148 4.5473 -6.8114 1.9694 33.4088 -7.9884 -0.1297
Car -1 -1 -4.4324 888.9866 172.6725 922.0850 190.4263 1.4805 1.5980 4.0335 25.4980 1.4651 62.2502 -4.0456 -0.2407
Car -1 -1 -7.6138 360.6564 182.3250 448.5992 236.2478 1.5361 1.7277 4.5040 -6.6353 1.8758 23.6318 -7.8852 -0.8385
Car -1 -1 -7.1571 0.0000 198.8142 63.2164 271.5782 1.4256 1.5864 4.0093 -15.6681 2.1313 17.6016 -7.8770 -0.8833
Pedestrian -1 -1 -5.4420 15.2469 189.8311 37.6087 225.6374 1.7616 0.6020 0.6353 -29.2969 2.6208 36.1782 -6.1193 -1.0419
Car -1 -1 -4.7341 678.3777 174.6034 707.8461 203.2195 1.6132 1.6429 4.1194 4.8809 1.7225 43.0615 -4.6225 -1.2299
Car -1 -1 -7.1773 77.2906 189.3271 212.1319 240.9576 1.5154 1.6818 4.0597 -15.7543 2.1257 24.6361 -7.7416 -1.2971
Pedestrian -1 -1 -3.8463 1110.3258 163.9374 1122.5566 201.2465 1.8192 0.4763 0.2386 24.8256 1.3841 35.4301 -3.2393 -1.6309
Car -1 -1 -4.4328 321.1139 183.9543 368.7384 211.4019 1.5071 1.6419 3.9875 -15.8824 2.2047 43.3189 -4.7826 -1.9818
Car -1 -1 -7.7715 1192.6450 159.7883 1241.0000 204.7310 1.9944 1.6823 3.7624 28.6895 1.4143 33.9486 -7.0744 -2.0312
