Car -1 -1 -7.8733 597.4830 176.9132 627.3723 207.5318 1.6939 1.6717 4.4920 0.0617 1.9470 42.7783 -7.8724 3.8656
Car -1 -1 -3.3097 442.7251 179.9414 519.8315 206.4764 1.5391 1.7385 4.4269 -7.9338 1.9889 44.2540 -3.4865 0.3664
Car -1 -1 -7.6018 435.8338 181.1837 493.2234 217.4419 1.5282 1.6677 3.9287 -6.6878 1.9360 33.3418 -7.7988 0.2249
Car -1 -1 -7.5105 280.9512 183.2940 416.4296 254.1557 1.5528 1.8269 4.6382 -6.6503 1.8585 18.8224 -7.8463 0.2051
Car -1 -1 -3.1102 1046.4114 171.7745 1106.3203 190.4932 1.5162 1.6502 4.1580 38.9295 1.4285 60.3021 -2.5394 0.1144
Car -1 -1 -7.4704 409.1865 179.2671 448.7113 203.8979 1.9089 1.6962 4.2073 -14.8435 2.4549 59.2664 -7.7151 -0.4698
Car -1 -1 -7.6218 365.1844 181.1910 450.4640 238.1665 1.6633 1.7651 4.2559 -6.6038 1.9635 23.8535 -7.8896 -0.6500
Car -1 -1 -4.5967 461.3671 179.4720 501.5048 211.3581 1.5582 1.6378 3.9867 -6.7786 1.9264 38.1435 -4.7719 -1.3299
Car -1 -1 -4.8716 729.0087 177.7823 764.3142 201.1855 1.5040 1.6935 4.3651 9.2897 1.8569 49.5006 -4.6877 -1.8177
Car -1 -1 -4.2772 519.7995 178.7995 561.9911 201.9274 1.5967 1.5712 3.9438 -5.0615 2.0508 53.0250 -4.3723 -1.8254
