Car -1 -1 -4.2118 158.0030 195.3012 303.7325 258.4525 1.3518 1.5840 4.1202 -9.8318 2.0075 19.0064 -4.6839 5.0224
Car -1 -1 -4.4841 416.7097 184.8019 463.4019 213.3978 1.4853 1.7007 4.1582 -9.6964 2.2033 41.2972 -4.7138 4.3970
Cyclist -1 -1 -5.8049 754.8157 148.3277 908.5110 297.3384 1.7837 0.5581 1.8777 2.8103 1.4898 9.4844 -5.5263 4.3794
Car -1 -1 -7.7659 597.7300 175.4208 628.9513 201.9770 1.6228 1.6488 4.3869 0.2286 1.7970 46.7880 -7.7616 4.3096
Car -1 -1 -4.0670 0.0000 185.5524 390.1266 374.0000 1.5453 1.6317 4.2247 -2.6280 1.6434 3.4559 -4.6817 2.7993
Pedestrian -1 -1 -4.1182 712.3516 168.9906 758.8460 262.1954 1.6251 0.6463 0.5175 2.2059 1.5574 12.9904 -3.9548 1.4493
Pedestrian -1 -1 -3.3008 756.3630 159.7712 798.5306 275.2450 1.7276 0.5870 0.5394 2.5123 1.5315 11.1030 -3.0851 1.1769
Pedestrian -1 -1 -3.7091 768.2498 151.0100 822.9299 264.3813 1.8507 0.5979 0.6760 3.0690 1.4938 12.1700 -3.4688 1.1198
Pedestrian -1 -1 -5.9544 219.3235 168.7319 266.4009 290.5862 1.7714 0.5764 0.4652 -5.5438 1.7112 10.8063 -6.4190 1.0340
Pedestrian -1 -1 -3.8683 205.1311 181.8871 232.6401 225.5958 1.7242 0.6033 0.7698 -15.8243 2.0943 29.1202 -4.3625 0.7329
Pedestrian -1 -1 -4.1566 375.7508 175.9097 390.1839 204.6561 1.9110 0.4602 1.0180 -15.3306 2.1190 48.6333 -4.4608 0.2497
Cyclist -1 -1 -7.4900 178.2355 185.4885 208.8633 231.4355 1.6175 0.3982 1.7068 -15.4695 2.1010 26.7550 -8.0102 0.0926
Pedestrian -1 -1 -4.5609 689.7713 169.4397 702.5058 201.1307 1.9073 0.6614 0.7745 5.2063 1.7015 43.8854 -4.4441 -0.1995
Car -1 -1 -8.0201 426.7811 179.9198 477.2744 215.7911 1.5727 1.7113 4.1091 -7.7014 1.9343 34.7355 -8.2371 -0.3190
Car -1 -1 -6.9912 339.0635 183.0492 407.2827 211.5436 1.5951 1.6004 3.8205 -14.3886 2.2441 43.9049 -7.3064 -0.3984
Car -1 -1 -4.1118 0.0000 189.0789 150.7023 246.0018 1.4256 1.7503 4.6839 -16.2232 1.9686 21.7913 -4.7461 -0.4424
Car -1 -1 -4.5274 459.9156 178.4494 501.6684 210.0130 1.6212 1.6100 3.6316 -7.0645 1.9416 39.5301 -4.7036 -0.5865
Car -1 -1 -7.2708 0.0000 179.4100 222.9913 287.5969 1.4921 1.5931 3.7011 -8.2841 1.6181 12.0348 -7.8636 -0.8501
Pedestrian -1 -1 -2.9874 153.4236 184.9502 184.7668 233.8250 1.6381 0.6263 0.8338 -15.2246 2.0620 24.8540 -3.5325 -1.1638
Car -1 -1 -4.5048 388.9151 178.1396 422.2072 200.2250 1.6433 1.6862 4.2382 -16.0983 2.0757 56.8968 -4.7796 -1.1773
Pedestrian -1 -1 -4.7492 438.8929 189.5509 450.7467 220.4031 1.1865 0.4386 0.3781 -6.5123 1.8453 28.2460 -4.9743 -1.2935
Pedestrian -1 -1 -7.5125 795.5586 170.6176 814.6714 206.7787 1.7445 0.7189 0.6766 9.5039 1.6363 35.2919 -7.2520 -1.5061
Car -1 -1 -5.0448 628.7321 174.3471 672.4262 199.7988 1.6336 1.6530 4.2261 2.6596 1.7391 48.8367 -4.9912 -1.5475
Car -1 -1 -4.8951 655.1168 172.7358 689.0891 198.2955 1.6604 1.5850 3.9944 4.1350 1.6525 48.9397 -4.8117 -1.7569
Pedestrian -1 -1 -5.2799 729.3494 180.2155 770.7866 266.5634 1.4220 0.4466 0.5841 2.3272 1.5508 12.2974 -5.0983 -2.0720
Car -1 -1 -8.1378 845.7266 160.3857 882.4092 189.4595 2.3397 1.7710 4.1925 21.1193 1.3360 60.2042 -7.8022 -2.0874
