Car -1 -1 -7.9249 586.4485 174.8581 620.8380 204.3844 1.5699 1.6378 4.2326 -0.4457 1.6891 40.8368 -7.9362 1.1862
Car -1 -1 -4.8612 677.3392 177.3370 712.2402 201.8558 1.4980 1.6582 4.0374 5.4269 1.8016 46.8762 -4.7472 1.0112
Pedestrian -1 -1 -7.2959 897.9180 167.9110 917.8711 214.3608 1.7121 0.5475 0.4239 11.0758 1.5296 26.9410 -6.9102 -0.3820
Car -1 -1 -8.1985 411.9034 177.6870 477.6880 214.1913 1.5820 1.6834 4.2638 -7.9129 1.8252 34.1128 -8.4252 -0.4673
Pedestrian -1 -1 -5.1957 41.6638 175.8660 59.0000 204.8989 1.8287 0.5953 0.7455 -35.6831 2.0220 45.9613 -5.8532 -0.6170
Car -1 -1 -4.5075 403.7861 179.1769 468.2542 220.4721 1.5420 1.7267 4.3778 -7.1386 1.8225 29.8333 -4.7409 -0.8699
Car -1 -1 -8.1851 462.5867 173.9566 508.3513 199.9958 1.6016 1.6740 4.1066 -8.1497 1.6761 46.7687 -8.3570 -1.2573
Pedestrian -1 -1 -7.6656 886.6321 168.7271 906.1002 213.0830 1.7035 0.6043 0.6122 11.1208 1.5447 28.1303 -7.2931 -1.3256
Car -1 -1 -7.5581 342.9102 178.2359 439.6904 233.1284 1.6117 1.7494 4.7601 -7.1750 1.8085 24.0401 -7.8456 -1.3728
Pedestrian -1 -1 -7.7693 832.5591 168.2688 850.4863 209.0492 1.8086 0.7178 0.6478 10.3675 1.6049 32.4358 -7.4630 -1.4370
Car -1 -1 -6.2781 113.1072 181.1962 171.7106 201.6330 1.6224 1.7031 4.0813 -39.2313 2.3435 60.5782 -6.8510 -1.6311
Car -1 -1 -7.1060 0.0000 189.2853 142.5639 374.0000 1.4790 1.6914 4.2364 -6.8127 1.6867 7.0146 -7.8579 -1.6648
Pedestrian -1 -1 -2.3310 408.7130 176.0176 420.5725 198.0456 1.7589 0.6691 0.6363 -15.7814 2.0157 58.1929 -2.5950 -1.8421
Pedestrian -1 -1 -7.8497 819.4532 167.3322 833.4478 204.2495 1.8582 0.6764 0.6512 10.9770 1.5800 36.7273 -7.5619 -1.9023
Car -1 -1 -8.3105 427.7136 177.0991 489.8444 207.9362 1.5582 1.6622 4.0934 -8.2946 1.8009 39.1687 -8.5182 -1.9573
