Car -1 -1 -7.8078 596.0770 174.6297 628.3637 202.8308 1.5577 1.7065 4.0208 0.1373 1.6662 42.1620 -7.8050 3.6452
Car -1 -1 -7.6870 435.2966 175.8162 486.0441 214.3781 1.6267 1.6267 3.8744 -6.7416 1.7688 32.7045 -7.8892 0.9988
Car -1 -1 -4.9022 707.6401 176.9102 751.2419 206.3685 1.4456 1.6109 3.4277 6.1380 1.6666 37.6243 -4.7422 0.4251
Car -1 -1 -4.5864 496.7145 174.9203 527.4141 198.6321 1.5484 1.6256 3.7145 -6.6848 1.6947 49.3063 -4.7208 0.0092
Car -1 -1 -7.7483 458.3491 177.1204 498.2450 210.1049 1.5947 1.6241 3.9835 -6.8202 1.8280 37.4593 -7.9276 -0.1493
Cyclist -1 -1 -4.5298 1006.4581 156.8011 1029.6250 202.3215 1.7883 0.5124 1.7718 16.4727 1.1574 29.1922 -4.0207 -0.2322
Car -1 -1 -7.5177 367.5075 177.5882 460.7142 229.3129 1.6250 1.7238 4.6385 -6.8195 1.8075 25.4818 -7.7771 -0.7387
Pedestrian -1 -1 -3.9111 1145.7677 155.0482 1164.0737 203.7970 1.8020 0.4895 0.2833 20.2910 1.1435 26.9319 -3.2709 -1.0032
Car -1 -1 -7.4697 324.2779 180.7834 431.3255 239.3141 1.5378 1.6364 4.0372 -6.8549 1.7977 21.5977 -7.7740 -1.4920
Car -1 -1 -4.7530 1086.1533 165.3824 1112.8989 185.3389 1.5757 1.6298 4.2218 40.0938 0.9855 59.1955 -4.1602 -1.4944
Car -1 -1 -7.6778 473.7749 176.2328 511.8588 205.0082 1.5986 1.5982 3.5993 -6.8626 1.8050 42.3223 -7.8379 -1.8534
