Car -1 -1 -7.8537 598.2638 178.4721 625.3586 205.8020 1.6258 1.6437 4.1249 0.0772 1.9984 45.8347 -7.8526 3.3745
Pedestrian -1 -1 -6.2918 795.7126 167.0190 822.2344 216.7114 1.8626 0.6783 0.9626 7.5294 1.6436 27.4946 -6.0278 1.5551
Car -1 -1 -4.3067 403.6360 185.2628 452.1172 209.9834 1.4607 1.6214 3.9444 -11.7842 2.3009 46.7955 -4.5525 0.6404
Car -1 -1 -4.5710 460.2628 178.4068 502.5367 213.9119 1.7038 1.6119 3.8952 -6.6148 2.0052 37.2169 -4.7462 0.6259
Pedestrian -1 -1 -7.0430 1174.0872 149.4864 1241.0000 355.2631 1.7102 0.4631 0.5408 5.2792 1.5157 6.2496 -6.3652 0.4237
Car -1 -1 -4.5539 513.6891 179.4592 540.7547 199.4501 1.5014 1.5594 3.8069 -6.5780 2.0444 57.4066 -4.6679 -0.1060
Car -1 -1 -4.2011 136.3244 188.9812 246.6623 233.7116 1.4712 1.7285 4.3002 -15.7975 2.1324 27.4420 -4.7195 -0.3212
Pedestrian -1 -1 -6.9588 996.9260 164.0532 1043.3464 237.8206 1.6967 0.5917 0.7405 9.5752 1.4939 16.9495 -6.4525 -0.6211
Car -1 -1 -7.5120 299.7728 182.2185 423.4554 250.7185 1.6340 1.7959 4.5969 -6.7947 1.9254 20.1607 -7.8336 -0.7045
Car -1 -1 -4.6152 532.2081 179.3303 556.5598 200.2579 1.5748 1.5726 3.7536 -5.2104 2.1061 57.3441 -4.7058 -0.8937
Car -1 -1 -7.3224 39.2789 189.3345 186.1813 245.3507 1.5149 1.7688 4.6263 -15.8419 2.1000 23.2660 -7.9151 -0.9741
Car -1 -1 -4.3147 288.4992 184.6426 351.6706 215.8158 1.5498 1.7144 4.2036 -15.8540 2.2309 39.5899 -4.6937 -1.0992
Car -1 -1 -7.6261 429.9049 180.9211 487.4813 219.8407 1.5924 1.6667 3.9777 -6.7503 1.9764 32.3628 -7.8306 -1.2402
Car -1 -1 -4.8089 673.8616 179.9712 708.9909 206.9599 1.4704 1.6475 4.1574 4.7092 1.9099 42.5009 -4.6998 -1.2414
Car -1 -1 -4.6291 507.7218 180.7493 533.2325 203.1170 1.5380 1.5625 3.5080 -6.5318 2.1335 52.6573 -4.7523 -1.2766
Pedestrian -1 -1 -6.5817 50.6668 185.6056 70.6105 216.6667 1.8530 0.5105 0.8549 -33.4927 2.6381 43.9469 -7.2302 -1.3649
Car -1 -1 -5.0503 734.9161 179.7135 779.3768 203.6342 1.4493 1.6315 3.8597 9.4760 1.9141 46.9017 -4.8526 -1.3857
Car -1 -1 -4.3163 221.1851 186.8019 300.7588 223.7834 1.4918 1.7077 4.3759 -15.8889 2.1727 33.0138 -4.7620 -1.5199
Car -1 -1 -7.6138 376.3570 183.8201 454.1393 235.8802 1.5987 1.6779 4.0590 -6.7017 2.0104 25.0641 -7.8730 -1.6379
Car -1 -1 -2.9958 622.2378 180.0381 685.4357 203.8131 1.5084 1.6502 3.9766 2.8841 1.9954 47.7246 -2.9363 -1.7190
Car -1 -1 -2.9145 0.0000 193.4310 63.9471 262.5812 1.5149 1.6989 4.3257 -17.0090 2.0978 18.6615 -3.6465 -1.7544
Pedestrian -1 -1 -6.7056 846.2061 171.9077 863.4038 218.5189 1.7041 0.4862 0.4389 8.9909 1.6692 26.6426 -6.3841 -2.0506
