Car -1 -1 -4.4124 363.4019 183.3959 433.8924 226.6426 1.5625 1.6233 3.9244 -8.4467 2.0149 29.0092 -4.6938 4.6278
Car -1 -1 -4.3412 295.5818 187.3752 371.3621 225.4693 1.4570 1.7087 3.9989 -11.8712 2.1237 31.1354 -4.7030 3.7779
Car -1 -1 -7.8149 600.8958 177.3323 628.6411 203.5047 1.5562 1.6062 3.8379 0.3027 1.8506 45.5247 -7.8088 2.0707
Car -1 -1 -4.6453 474.9633 180.6240 501.2115 203.0499 1.5373 1.6457 3.7382 -8.9075 2.1260 52.7504 -4.8122 1.6966
Pedestrian -1 -1 -6.7369 902.5777 157.5367 952.9988 229.3058 1.8194 0.5772 1.0414 8.1342 1.4308 18.6049 -6.3311 1.6368
Car -1 -1 -4.8230 670.7861 175.6853 707.4843 201.2996 1.4805 1.7520 4.4195 4.7792 1.6631 44.4070 -4.7169 0.4457
Car -1 -1 -7.5670 369.9210 181.5618 459.0397 232.9368 1.5686 1.7833 4.4381 -6.6951 1.8975 25.0342 -7.8262 0.3340
Car -1 -1 -4.2768 210.6073 182.7609 296.3684 222.0939 1.5725 1.7120 4.4163 -15.8157 2.0448 32.1904 -4.7305 0.0305
Car -1 -1 -4.5541 438.0004 178.9681 489.9345 217.8756 1.6455 1.6937 4.2917 -6.7188 1.9465 33.3780 -4.7517 -0.2144
Pedestrian -1 -1 -7.1197 900.3011 159.2112 922.4486 208.5650 1.8485 0.5996 0.4935 11.3970 1.3372 27.4009 -6.7298 -0.2944
Car -1 -1 -7.0872 0.0000 193.1993 102.1271 262.4219 1.4760 1.6681 4.3157 -15.8208 2.0712 18.9027 -7.7773 -0.4375
Car -1 -1 -7.7229 1120.2264 157.0901 1169.2717 189.6947 1.6604 1.6437 3.8093 28.6617 0.8573 38.6884 -7.0890 -0.8962
Car -1 -1 -7.7520 474.0516 178.9086 509.6372 207.5019 1.5348 1.6358 3.8741 -6.7921 1.8998 41.5508 -7.9135 -1.4268
Car -1 -1 -4.8378 512.9941 177.2124 539.2583 198.6841 1.5884 1.5786 3.6713 -6.5837 1.9392 56.1481 -4.9543 -1.6970
Car -1 -1 -7.4890 257.4066 180.1610 408.5322 258.5953 1.6483 1.8428 4.9516 -6.7479 1.8567 18.1142 -7.8414 -1.9440
Car -1 -1 -3.5260 451.5801 179.9933 525.9782 205.3037 1.5375 1.7042 4.4429 -7.8711 2.0188 46.7845 -3.6921 -1.9510
