Car -1 -1 -7.8641 587.7274 172.7833 618.9060 201.2032 1.5076 1.6548 3.8068 -0.4336 1.5036 40.1973 -7.8752 2.7604
Cyclist -1 -1 -3.3141 330.0805 176.1690 364.6331 206.9800 1.7450 0.6648 1.7920 -15.2325 1.9399 41.7565 -3.6621 2.5979
Pedestrian -1 -1 -8.2728 312.9296 178.2334 331.4846 210.9319 1.6965 0.6522 0.7741 -15.2377 1.9840 38.1043 -8.6512 0.6053
Car -1 -1 -2.1304 284.0711 180.7507 347.1384 212.0730 1.5994 1.6238 3.4070 -16.1014 2.0477 39.3334 -2.5169 0.4329
Car -1 -1 -7.6693 402.6391 175.4453 462.3204 218.0812 1.5752 1.6042 4.0341 -7.0855 1.6863 28.9642 -7.9075 -0.2279
Car -1 -1 -3.6827 335.7379 179.1851 404.6681 203.9014 1.5231 1.6356 4.0507 -15.8017 1.9585 47.5910 -4.0019 -1.0317
Car -1 -1 -7.6162 317.8551 178.5489 408.0279 236.9402 1.5491 1.6426 3.9743 -7.3143 1.7354 21.5925 -7.9395 -1.3663
Car -1 -1 -8.7102 967.8329 158.8134 1035.7054 185.2370 1.8225 1.7320 4.1814 28.1421 0.8538 52.0291 -8.2169 -1.5851
Car -1 -1 -3.0157 0.0000 190.2767 79.9423 218.9234 1.5544 1.6903 4.1897 -34.4228 2.6399 43.1593 -3.6862 -1.7571
Cyclist -1 -1 -8.5428 746.1572 163.8209 775.1581 199.4089 1.8057 0.5053 1.6999 7.7735 1.3470 37.4786 -8.3403 -2.1537
