Car -1 -1 -7.8457 588.5706 171.5867 620.8570 202.3499 1.6352 1.7162 4.4464 -0.3197 1.5675 40.5759 -7.8540 4.3605
Cyclist -1 -1 -6.3296 320.2128 177.7915 356.1360 210.0188 1.7590 0.6328 1.8481 -15.1952 2.0386 40.2395 -6.6889 3.4317
Pedestrian -1 -1 -6.1224 302.5599 180.5951 320.0562 214.7173 1.7019 0.6775 0.7202 -15.1803 2.0985 36.5864 -6.5135 1.1923
Car -1 -1 -6.1577 0.0000 188.7546 90.1044 219.7807 1.6603 1.7641 4.2094 -33.2123 2.6332 42.3265 -6.8201 0.4908
Car -1 -1 -8.9710 1052.8301 156.3745 1139.1483 184.5232 1.6861 1.7417 4.1661 30.5031 0.6987 45.4590 -8.3831 -0.1130
Car -1 -1 -2.8718 242.5280 181.9480 328.3330 215.2576 1.6247 1.6828 3.6866 -16.5747 2.1035 36.9048 -3.2916 -0.2460
Car -1 -1 -7.5340 391.8638 175.5324 468.8647 218.0424 1.5739 1.6891 4.5182 -7.2287 1.6911 29.3257 -7.7740 -0.3091
Car -1 -1 -7.5759 336.4846 174.8201 425.4771 230.1992 1.5706 1.6686 3.7262 -7.0675 1.6367 22.4798 -7.8776 -0.3150
Car -1 -1 -8.3766 1180.2074 148.6197 1241.0000 188.1485 1.7755 1.7954 4.2833 29.6554 0.6867 34.6773 -7.6733 -0.5847
Car -1 -1 -8.7811 988.1511 156.9151 1055.8984 185.1656 1.8669 1.6262 3.8460 28.3216 0.8133 49.7705 -8.2664 -0.7652
Pedestrian -1 -1 -8.3177 1005.3828 163.1950 1041.2847 227.1653 1.7002 0.6028 0.6718 11.1267 1.4431 19.5262 -7.8067 -1.6795
Car -1 -1 -4.2835 541.0230 180.9176 585.1503 203.4021 1.4822 1.6298 3.9585 -3.3147 2.0785 51.2398 -4.3482 -1.7227
