Car -1 -1 -7.9368 585.3236 172.0112 621.4626 203.0269 1.6480 1.6717 4.2422 -0.4594 1.6029 40.5295 -7.9485 4.2565
Cyclist -1 -1 -6.3326 299.5879 180.3990 339.8513 215.0298 1.7387 0.6221 1.8983 -15.0022 2.1345 37.2001 -6.7138 2.6581
Pedestrian -1 -1 -7.8444 277.3268 181.2769 294.6294 219.6171 1.7419 0.7248 0.7972 -15.0868 2.1388 33.5164 -8.2647 2.0362
Car -1 -1 -8.1373 757.6341 165.3100 804.1541 198.8538 1.7423 1.5681 3.3625 9.1932 1.3502 39.1992 -7.9090 1.4177
Car -1 -1 -5.7518 1050.3044 159.0694 1150.8419 190.3199 1.7941 1.8080 4.8079 29.7437 1.0024 43.9810 -5.1604 0.8302
Car -1 -1 -7.6138 377.9123 174.3549 452.3633 223.7663 1.6731 1.6816 4.2633 -7.1485 1.7328 26.7099 -7.8733 0.4770
Cyclist -1 -1 -4.2596 198.1671 183.9320 219.1051 209.9941 1.8166 0.5532 1.8773 -28.9732 2.6302 52.0558 -4.7656 0.2678
Car -1 -1 -2.5515 230.7766 184.6734 309.7767 220.0014 1.5911 1.6072 3.0030 -16.1137 2.1678 34.2020 -2.9891 -0.7056
Pedestrian -1 -1 -3.2670 765.0082 165.7359 782.0583 201.1699 1.8522 0.5324 0.8143 8.5745 1.4798 38.0199 -3.0472 -0.7965
Car -1 -1 -3.9394 953.3309 159.9669 1010.7338 181.6625 1.6781 1.6699 4.0922 29.4880 0.6810 57.2539 -3.4660 -1.1579
Car -1 -1 -7.9180 419.0232 176.4636 463.4349 215.8942 1.6032 1.6530 3.9415 -7.5436 1.7729 31.8516 -8.1492 -1.4630
Pedestrian -1 -1 -3.7870 1034.7101 141.1912 1064.4067 208.4335 1.9535 0.5755 0.5008 12.9061 1.0334 21.2750 -3.2480 -1.8487
