Car -1 -1 -7.8333 586.2391 171.8180 617.6531 202.4721 1.6259 1.6668 4.4880 -0.4454 1.5706 40.5215 -7.8447 6.0508
Pedestrian -1 -1 -6.1765 375.9063 176.2913 386.3425 202.9106 1.7846 0.7550 0.5974 -15.5449 2.0194 48.9138 -6.4830 0.2521
Cyclist -1 -1 -6.4484 382.8186 175.9171 410.3017 201.4293 1.8275 0.6110 1.8434 -15.5655 2.0531 52.5260 -6.7355 0.0897
Car -1 -1 -7.6747 443.3455 172.0068 489.1884 206.1856 1.6697 1.6498 3.8768 -7.3877 1.6280 37.1992 -7.8697 -0.5132
Car -1 -1 -7.8338 407.0548 178.0406 450.4491 218.0868 1.5056 1.6275 4.2519 -7.5182 1.7368 29.9639 -8.0780 -0.5413
Car -1 -1 -8.0373 710.5210 161.2465 744.9446 191.6234 2.2087 1.8036 4.3156 8.8363 1.3644 54.6427 -7.8782 -0.7262
Pedestrian -1 -1 -8.0810 1057.4694 159.6680 1095.9196 231.5089 1.6903 0.6524 0.6067 11.1735 1.3798 17.3708 -7.5175 -0.8659
Car -1 -1 -7.5738 349.8355 177.6439 440.3015 230.4982 1.5930 1.7456 4.4567 -7.1706 1.7694 24.3831 -7.8574 -0.9215
Car -1 -1 -5.2033 1038.3801 154.2043 1100.9078 185.0412 1.8781 1.7023 3.9086 29.1542 0.7420 45.9559 -4.6410 -0.9399
Car -1 -1 -3.0842 130.9332 182.1684 201.3867 205.8777 1.6845 1.7699 4.4384 -33.4809 2.4117 54.5269 -3.6329 -1.6998
