Cyclist -1 -1 -4.3644 423.7766 166.4170 465.2937 237.8090 1.8714 0.5328 1.7919 -4.5741 1.7024 19.8355 -4.5888 1.9264
Pedestrian -1 -1 -7.2793 61.9836 166.0064 145.7653 286.5725 1.7531 0.6045 0.9809 -7.7357 1.6533 10.9903 -7.8815 1.6222
Cyclist -1 -1 -4.3241 441.7252 169.1827 479.9523 229.6621 1.8232 0.5437 1.7784 -4.7142 1.7123 22.6759 -4.5273 1.5758
Pedestrian -1 -1 -5.7391 127.8911 160.3348 198.6160 293.2915 1.8094 0.7366 0.5437 -6.3460 1.6388 10.1883 -6.2849 1.4535
Car -1 -1 -2.6463 434.8134 175.4483 505.8923 200.6872 1.5545 1.6626 4.1753 -8.9579 1.7252 46.1511 -2.8373 1.2337
Pedestrian -1 -1 -3.0439 222.4449 172.9565 251.9988 244.3961 1.7685 0.6388 0.6037 -9.4821 1.7708 18.2707 -3.5170 0.8612
Pedestrian -1 -1 -3.4925 842.7650 150.7136 918.2510 329.8463 1.8386 0.7397 0.5285 2.8400 1.6111 7.7794 -3.1559 0.8051
Pedestrian -1 -1 -5.3460 858.1666 156.7897 933.8330 292.8286 1.7967 0.5887 0.8373 3.8955 1.5842 10.0119 -4.9858 0.5639
Pedestrian -1 -1 -3.5675 933.2994 169.7205 975.4344 230.5236 1.7001 0.6654 0.8826 9.7303 1.6122 20.5122 -3.1307 -0.0283
Pedestrian -1 -1 -5.0231 817.7415 183.3159 859.4072 277.5913 1.4026 0.4555 0.5582 3.4470 1.5671 11.0809 -4.7300 -0.0658
Cyclist -1 -1 -6.9909 597.3888 171.6430 640.0280 215.1219 1.8309 0.6063 1.9124 0.3451 1.7796 31.2303 -6.9806 -0.1656
Cyclist -1 -1 -6.8802 879.9427 160.9868 982.1279 253.6428 1.7683 0.5556 1.8553 6.2660 1.5416 14.2188 -6.4734 -0.2929
Pedestrian -1 -1 -4.3507 840.1673 177.7314 864.5277 221.1306 1.5320 0.5869 0.8172 8.7177 1.7115 26.0859 -4.0322 -0.4425
Cyclist -1 -1 -3.5971 782.9239 172.0264 821.8999 212.0786 1.6954 0.5566 1.5278 8.2113 1.6601 30.9667 -3.3408 -0.6823
Pedestrian -1 -1 -5.7407 956.3633 160.7918 1032.2094 307.4676 1.7135 0.5130 0.6510 4.6445 1.5722 8.8409 -5.2716 -0.8582
Car -1 -1 -7.8422 321.5151 177.9086 347.8091 200.9484 1.4945 1.6346 3.8387 -19.0039 1.8576 49.7993 -8.2053 -1.0857
Pedestrian -1 -1 -4.6762 179.4879 163.7533 222.2617 280.5494 1.8057 0.5669 0.8031 -6.6418 1.6647 11.6419 -5.1853 -1.1275
Pedestrian -1 -1 -6.4955 650.3889 174.6894 659.4225 198.6231 1.7861 0.7662 0.5280 3.3501 1.9250 54.3284 -6.4347 -1.2289
Car -1 -1 -2.7566 354.1181 180.0392 438.5013 208.7500 1.5438 1.6629 4.2091 -11.9515 1.9557 40.3507 -3.0431 -1.2690
Pedestrian -1 -1 -6.6148 895.7643 167.9610 919.3826 222.6369 1.7767 0.6256 0.5421 9.7513 1.6174 23.7730 -6.2304 -1.3156
Pedestrian -1 -1 -5.3784 33.4135 189.7168 91.0258 266.5747 1.5000 0.5681 0.7853 -11.1478 1.8502 14.6229 -6.0211 -1.3667
Pedestrian -1 -1 -2.1623 325.0089 178.6711 356.1609 226.5917 1.5754 0.7240 0.6880 -9.1319 1.7753 24.3355 -2.5182 -1.4877
Car -1 -1 -4.6662 726.8058 176.5873 760.0983 205.2950 1.4877 1.6437 4.0381 7.4210 1.7061 40.1048 -4.4850 -1.5279
Car -1 -1 -7.4660 325.9157 178.5997 377.7186 205.5659 1.4668 1.5835 3.5946 -14.9524 1.8145 41.8614 -7.8074 -1.5569
Car -1 -1 -4.4915 67.0686 168.6472 107.0598 191.4755 1.6293 1.6040 3.7978 -38.7899 1.3288 53.5598 -5.1161 -1.6063
Car -1 -1 -4.5184 441.3482 178.8709 484.1598 206.4551 1.4504 1.6332 3.9789 -8.3049 1.8070 40.8031 -4.7184 -1.6376
Cyclist -1 -1 -6.5562 782.9397 175.6154 825.6905 216.8099 1.6631 0.5235 1.6018 7.8767 1.7765 29.4397 -6.2979 -1.7069
Pedestrian -1 -1 -7.9881 381.9982 170.4633 398.5647 208.2936 1.7482 0.6321 0.8810 -10.3600 1.6374 33.8751 -8.2830 -1.7446
Pedestrian -1 -1 -8.1708 1051.3931 164.9875 1092.3390 245.6688 1.6459 0.5832 0.5153 9.5649 1.4852 15.0394 -7.6137 -1.7560
Pedestrian -1 -1 -7.7745 105.7565 163.9564 123.0711 200.0685 1.8383 0.6810 0.7034 -25.5872 1.3850 37.2039 -8.3738 -1.7824
Cyclist -1 -1 -6.6566 712.8439 166.1835 756.1283 210.4904 1.9490 0.6314 1.7993 5.5149 1.6553 32.2333 -6.4892 -1.8802
Pedestrian -1 -1 -5.2365 19.9080 153.0989 43.5700 201.7321 2.0117 0.5942 0.5186 -24.2586 1.1943 30.2183 -5.9087 -1.8970
Pedestrian -1 -1 -6.5747 279.9045 175.5193 296.3546 206.1079 1.7722 0.6249 0.7339 -18.9334 1.9301 42.3618 -6.9930 -1.9286
Cyclist -1 -1 -7.8766 1008.9688 168.9373 1027.7845 234.4114 1.6367 0.3749 1.6110 10.6003 1.5385 18.8370 -7.3712 -1.9699
Pedestrian -1 -1 -3.8233 828.2358 164.3392 840.5739 199.9136 1.8878 0.5207 0.3882 11.9656 1.4356 38.6024 -3.5253 -1.9752
Car -1 -1 -7.9793 743.9930 176.5559 780.0166 203.1436 1.5010 1.6222 3.9231 9.0392 1.7333 43.3159 -7.7754 -1.9759
Car -1 -1 -7.9883 842.5446 169.3597 891.8250 204.8604 1.6031 1.6845 4.0303 12.2637 1.4450 34.7262 -7.6519 -1.9778
Car -1 -1 -5.9587 342.5042 181.4695 434.8013 211.8615 1.4702 1.6204 4.1347 -11.1174 1.9133 36.2662 -6.2545 -1.9806
Car -1 -1 -7.7432 586.5560 158.0219 611.2383 185.4585 2.4137 1.7824 4.3297 -0.9978 1.1085 65.7152 -7.7586 -2.0307
Car -1 -1 -2.9380 551.4962 172.5557 608.6963 196.3106 1.6776 1.6802 3.8676 -2.1690 1.6563 52.0977 -2.9798 -2.0375
Pedestrian -1 -1 -8.1602 387.2838 170.4817 407.4330 213.9470 1.8261 0.7016 0.5110 -9.0972 1.7261 30.7208 -8.4462 -2.0869
Car -1 -1 -7.7901 791.6996 168.3289 819.5059 192.2865 1.5814 1.6181 3.7872 13.4655 1.2824 49.6799 -7.5273 -2.1180
Car -1 -1 -2.5650 264.3603 177.5596 334.8383 201.3438 1.5546 1.6788 4.1347 -21.0070 1.8803 48.8100 -2.9697 -2.1739
Cyclist -1 -1 -8.1867 908.7346 169.6193 940.8683 224.9698 1.6909 0.3890 1.6986 9.9250 1.5918 22.9029 -7.7831 -2.1824
