Cyclist -1 -1 -4.2480 259.9571 160.2625 347.2241 279.3395 1.8092 0.5485 1.8425 -5.0544 1.6176 11.9010 -4.6422 2.0216
Cyclist -1 -1 -4.3130 310.0776 166.8879 373.2902 258.5635 1.7496 0.5497 1.7827 -5.4714 1.6354 14.6736 -4.6646 1.8964
Car -1 -1 -2.6647 394.4166 174.9396 470.0353 202.8872 1.4898 1.5697 3.7533 -9.8375 1.6081 39.8431 -2.9055 1.5272
Pedestrian -1 -1 -8.0055 882.0735 166.8256 909.7880 226.6705 1.7165 0.6343 0.8127 8.3273 1.5433 21.1606 -7.6359 1.2431
Car -1 -1 -8.0653 787.6056 172.0142 828.0264 199.8445 1.6284 1.6329 3.6755 12.0017 1.5790 44.0969 -7.8016 0.7842
Cyclist -1 -1 -7.2169 617.4149 170.5021 660.0701 219.9250 1.8113 0.6089 1.9011 1.0614 1.7248 27.3767 -7.1792 0.7001
Pedestrian -1 -1 -2.7759 0.8083 172.1624 54.3807 275.0334 1.6634 0.5953 0.5132 -9.7503 1.6519 12.0282 -3.4464 0.0777
Pedestrian -1 -1 -3.5948 1044.4308 173.9464 1099.3491 249.8791 1.5178 0.5298 0.7905 9.3683 1.5403 14.7358 -3.0381 -0.5080
Pedestrian -1 -1 -7.6837 276.5262 166.8327 288.8013 193.7480 1.8513 0.6659 0.7016 -22.7348 1.4368 50.0519 -8.1083 -0.8561
Cyclist -1 -1 -6.5170 799.6425 174.1083 855.5264 220.2321 1.5731 0.7745 1.7234 7.4948 1.6171 25.0648 -6.2303 -0.9029
Pedestrian -1 -1 -4.0354 1219.8983 151.8105 1241.0000 208.5043 1.8257 0.5231 0.3237 20.2355 1.1478 23.5232 -3.3313 -1.0859
Pedestrian -1 -1 -5.8155 35.9221 175.1317 93.6000 267.0289 1.6088 0.4807 0.6812 -9.8217 1.6503 12.9412 -6.4549 -1.2646
Car -1 -1 -7.4682 391.5541 175.0454 452.3670 207.9569 1.4876 1.5392 3.7474 -9.0449 1.5990 34.8334 -7.7208 -1.3143
Car -1 -1 -4.7765 733.0424 176.1894 773.4567 209.4487 1.4749 1.6174 4.0885 6.7593 1.6441 34.5535 -4.5855 -1.3305
Car -1 -1 -4.5818 272.5054 181.4105 325.2092 219.4708 1.4401 1.5451 3.7027 -12.9881 1.8213 30.1864 -4.9852 -1.3364
Car -1 -1 -8.1375 811.2046 166.5513 864.9050 201.1992 1.8118 1.7116 4.1547 12.4712 1.4820 39.8232 -7.8366 -1.4974
Pedestrian -1 -1 -6.8244 940.0997 171.2362 966.0972 233.0744 1.6190 0.4641 0.4459 9.0492 1.5763 19.1445 -6.3894 -1.5077
Cyclist -1 -1 -7.4071 0.0000 174.4171 52.5792 272.1111 1.6188 0.4798 1.7046 -10.7123 1.6483 12.8692 -8.0912 -1.6936
Cyclist -1 -1 -4.8828 998.3974 166.9635 1037.4659 242.1067 1.6615 0.4994 1.6633 9.4351 1.5310 16.8219 -4.3797 -1.6987
Pedestrian -1 -1 -6.5144 823.3498 175.2715 849.4125 222.6166 1.5249 0.5921 0.6928 7.3479 1.6047 23.5903 -6.2166 -1.7939
Pedestrian -1 -1 -8.2125 598.6630 171.4353 612.8415 201.9990 1.8284 0.5789 0.8982 -0.2958 1.7433 43.6882 -8.2197 -1.8606
Car -1 -1 -4.6552 438.8366 176.0438 470.4259 201.9899 1.4783 1.6401 4.1105 -9.4192 1.6812 43.7976 -4.8661 -1.9706
Pedestrian -1 -1 -7.9722 66.9444 154.8022 88.1802 202.3702 1.9312 0.6373 0.6206 -21.9887 1.1980 29.7383 -8.6047 -1.9862
Cyclist -1 -1 -4.8667 719.2809 173.3882 735.9776 207.0197 1.6584 0.6041 1.4834 5.8767 1.6855 36.3455 -4.7082 -2.0179
Pedestrian -1 -1 -7.3825 499.5675 165.1199 523.3964 215.4183 1.9442 0.6968 0.6747 -3.9086 1.6449 28.3226 -7.5189 -2.0276
Pedestrian -1 -1 -6.9375 836.6769 164.5888 851.5692 203.8462 1.8651 0.5776 0.4122 11.1905 1.4721 34.6205 -6.6278 -2.1586
Pedestrian -1 -1 -6.5982 580.7095 171.7258 595.6126 201.9498 1.8085 0.5836 0.7555 -1.3561 1.7407 43.5780 -6.6296 -2.1752
Pedestrian -1 -1 -4.9805 907.2744 172.6754 930.1008 220.2806 1.5007 0.5334 0.5790 9.8157 1.4948 23.0678 -4.5833 -2.1961
