Car -1 -1 -8.5789 921.0297 195.6992 1241.0000 374.0000 1.4620 1.6190 4.0941 3.2813 1.6439 3.6809 -7.8908 0.9529
Pedestrian -1 -1 -6.2526 509.7051 173.8822 524.3603 202.3297 1.7157 0.6777 0.8652 -5.6909 1.7785 43.9238 -6.3811 0.8133
Pedestrian -1 -1 -7.7084 745.4167 169.7048 765.1692 213.3547 1.7403 0.6593 0.9540 5.8659 1.6145 29.3272 -7.5135 0.6853
Pedestrian -1 -1 -4.5431 766.4931 170.3918 784.4440 214.1860 1.7135 0.5800 0.7535 6.5376 1.6168 28.6895 -4.3218 0.6417
Pedestrian -1 -1 -4.9969 984.3090 153.6540 1040.9333 272.9996 1.8280 0.5910 0.7484 6.3334 1.5336 11.4790 -4.5043 -0.7852
Car -1 -1 -5.0671 856.7042 178.8291 971.9796 236.7567 1.3854 1.6087 3.8256 8.0588 1.5634 19.5915 -4.6827 -0.9883
Car -1 -1 -4.5795 694.8506 176.9378 731.6487 203.9885 1.4209 1.5600 3.8487 5.8124 1.6620 40.5872 -4.4388 -1.2416
Pedestrian -1 -1 -4.4778 315.7173 169.2227 336.4713 212.1153 1.8624 0.6733 0.8414 -12.5455 1.7044 31.7922 -4.8511 -1.2600
Pedestrian -1 -1 -5.3026 1013.4893 162.7832 1090.6312 287.3922 1.6788 0.5263 0.8649 6.1517 1.5429 10.1686 -4.7721 -1.2688
Pedestrian -1 -1 -4.1823 523.4930 170.4186 535.4193 194.9212 1.8822 0.5058 0.9562 -6.2726 1.6948 55.9658 -4.2937 -1.3810
Pedestrian -1 -1 -7.0795 381.5577 177.3439 396.5002 204.4161 1.7795 0.6834 0.6617 -14.7405 2.0809 48.0295 -7.3761 -1.5197
Car -1 -1 -4.6794 705.3578 175.8598 734.2775 201.9609 1.4929 1.6162 3.8618 6.6638 1.6835 43.7856 -4.5298 -1.7935
Cyclist -1 -1 -7.6114 714.3007 171.3855 734.3179 203.8481 1.7210 0.6897 1.6987 6.1762 1.6429 39.1699 -7.4567 -1.9147
Pedestrian -1 -1 -4.4441 498.4281 169.0249 509.0716 195.6233 1.9183 0.5425 0.9207 -7.7618 1.6418 52.5270 -4.5904 -1.9560
Car -1 -1 -7.8962 752.6156 170.6185 783.8411 199.8351 1.6087 1.5962 3.5372 9.0465 1.4853 41.6061 -7.6839 -2.0400
Pedestrian -1 -1 -7.7676 759.5996 168.3505 773.4012 201.3298 1.8110 0.6962 0.6583 8.6487 1.5634 40.0388 -7.5568 -2.0615
Cyclist -1 -1 -6.9896 772.6350 165.5872 808.3680 205.0412 1.8774 0.6371 1.6693 8.7153 1.5313 34.9927 -6.7480 -2.0780
Car -1 -1 -7.7945 684.0521 174.5571 711.6993 197.6182 1.4599 1.6054 3.8849 5.8511 1.5778 48.0340 -7.6744 -2.1233
Car -1 -1 -4.8184 431.6584 171.2328 454.9160 189.1012 1.5559 1.6270 3.9731 -15.0605 1.4144 64.9723 -5.0456 -2.1434
Pedestrian -1 -1 -8.0677 740.9353 165.6883 752.0912 192.5256 1.7992 0.5964 0.7358 9.1879 1.3185 48.7481 -7.8828 -2.1958
