Pedestrian -1 -1 -7.5150 485.9022 171.1779 506.8163 210.5773 1.8605 0.6907 1.0259 -5.4901 1.7810 34.6384 -7.6715 1.1588
Cyclist -1 -1 -4.9757 754.3351 175.3603 780.7628 220.3652 1.6266 0.5610 1.5976 5.8313 1.7228 26.9807 -4.7658 0.2252
Pedestrian -1 -1 -5.9472 409.8908 175.4795 434.7467 228.4164 1.7399 0.6464 0.6254 -6.3103 1.8285 24.0970 -6.2012 0.0073
Pedestrian -1 -1 -4.1493 350.3311 169.6737 378.2274 216.4777 1.9332 0.6941 0.9819 -10.3756 1.8016 30.3615 -4.4763 -0.2651
Pedestrian -1 -1 -8.0554 804.4731 166.0247 822.4451 207.4531 1.8274 0.6278 0.7725 9.0417 1.5258 32.2336 -7.7847 -0.3676
Pedestrian -1 -1 -8.3808 867.9564 171.6817 894.1786 221.2754 1.7029 0.6159 0.6388 9.3942 1.6623 25.1430 -8.0277 -0.5689
Pedestrian -1 -1 -7.7590 495.6484 171.7643 506.8409 205.2214 1.8460 0.5329 0.9311 -6.1068 1.7856 40.2909 -7.9088 -0.6166
Cyclist -1 -1 -8.1287 796.3822 171.0295 810.9548 199.3765 1.6185 0.3898 1.6171 11.2306 1.5140 42.0073 -7.8697 -0.6389
Cyclist -1 -1 -7.6659 701.5895 168.9385 718.9971 203.7578 1.8270 0.5957 1.8588 5.3692 1.6213 38.8358 -7.5300 -0.7694
Pedestrian -1 -1 -7.4390 806.3237 170.0460 834.9882 225.9880 1.7505 0.6441 0.7256 6.6866 1.6623 23.0626 -7.1609 -0.8602
Pedestrian -1 -1 -3.0351 533.4972 172.5149 545.5775 195.9061 1.7823 0.4639 0.8761 -5.4186 1.7562 55.2144 -3.1328 -0.9499
Cyclist -1 -1 -4.4993 777.3185 170.5285 794.3359 202.5874 1.6369 0.5602 1.5122 9.1405 1.5178 37.6432 -4.2633 -1.0218
Car -1 -1 -3.1313 722.5934 171.2685 834.0955 224.9308 1.6473 1.6386 3.3917 5.3695 1.5983 23.3375 -2.9086 -1.1143
Cyclist -1 -1 -5.0191 838.4762 175.4606 864.0569 218.9506 1.6012 0.4747 1.5273 9.1108 1.7027 27.4234 -4.7021 -1.1282
Cyclist -1 -1 -5.4031 369.3162 174.9627 393.9171 203.4635 1.8153 0.6391 1.6133 -14.8393 1.9537 46.7670 -5.7091 -1.1601
Car -1 -1 -8.1150 747.9977 168.0243 781.5208 187.9971 1.5301 1.6259 3.9572 12.2166 1.1598 57.2939 -7.9062 -1.1610
Car -1 -1 -4.5921 465.3658 175.5821 497.2813 199.8568 1.4796 1.5729 3.8026 -8.2580 1.6619 46.3570 -4.7677 -1.2672
Pedestrian -1 -1 -4.2009 455.8040 175.3245 472.4099 207.3593 1.6711 0.5538 0.7727 -7.7518 1.8030 38.1615 -4.4003 -1.2777
Pedestrian -1 -1 -4.7171 787.0192 185.3414 803.0088 231.7080 1.2636 0.4258 0.5097 5.1067 1.6168 20.1230 -4.4727 -1.3314
Pedestrian -1 -1 -5.7306 543.8573 170.6625 559.7852 199.4848 1.8554 0.5655 0.8637 -3.8142 1.7140 46.8952 -5.8117 -1.5077
Pedestrian -1 -1 -3.5791 782.5011 169.3344 798.7880 203.1438 1.7012 0.6101 0.5995 9.1368 1.5238 36.6642 -3.3372 -1.6540
Pedestrian -1 -1 -4.8990 887.2890 161.0628 916.2980 225.6623 1.7848 0.6277 0.7362 8.1740 1.4588 20.3563 -4.5227 -1.6624
Pedestrian -1 -1 -2.9371 856.3586 174.2044 912.9313 286.1046 1.5451 0.3799 0.6968 3.8698 1.5647 10.3156 -2.5886 -1.6838
Car -1 -1 -7.6804 568.7934 171.1906 594.2443 189.1568 1.5667 1.6327 3.9651 -2.5553 1.4214 64.9953 -7.7198 -1.7167
Cyclist -1 -1 -7.2373 389.1952 177.6095 411.2913 207.7077 1.5556 0.3285 1.4832 -11.1589 1.8127 38.2859 -7.5194 -1.7420
Pedestrian -1 -1 -8.1171 481.9976 172.5876 494.8536 198.4267 1.7335 0.7225 0.6161 -8.2624 1.7153 48.8379 -8.2842 -1.7551
Pedestrian -1 -1 -5.9608 325.2737 172.6661 341.5094 200.5472 1.7763 0.5828 0.8305 -17.7715 1.7640 46.2779 -6.3259 -1.7870
Car -1 -1 -7.4870 470.4255 175.3588 513.1419 198.7726 1.5630 1.6808 3.8781 -8.2836 1.7459 50.6807 -7.6485 -1.8026
Cyclist -1 -1 -7.6726 720.0659 174.7100 740.5487 218.8537 1.6893 0.4946 1.7810 4.7366 1.7650 28.6116 -7.5108 -1.8077
Pedestrian -1 -1 -7.9021 344.2492 176.9934 356.9938 206.3901 1.7376 0.6875 0.6634 -15.5703 1.9877 43.2095 -8.2463 -1.8117
Car -1 -1 -7.9365 693.3832 167.6404 720.3704 190.2100 1.6011 1.6345 4.0434 7.0806 1.2309 53.2438 -7.8054 -1.9208
Pedestrian -1 -1 -7.6578 717.7284 169.8562 736.1898 212.0668 1.8332 0.6873 0.6678 5.1094 1.7027 31.7692 -7.5004 -1.9332
Pedestrian -1 -1 -7.8439 423.3826 175.4237 435.6405 205.9840 1.7195 0.6704 0.6569 -10.3051 1.8668 41.0618 -8.0887 -1.9429
Pedestrian -1 -1 -6.3174 728.0833 174.3677 752.1145 223.0785 1.6341 0.5216 0.7841 4.3718 1.6859 24.5369 -6.1438 -2.0021
Pedestrian -1 -1 -8.0078 924.0641 163.1073 952.9791 225.6111 1.7179 0.6322 0.7084 9.1646 1.4498 20.2565 -7.5889 -2.0146
Pedestrian -1 -1 -2.4962 611.2221 166.8878 622.6431 187.3330 1.9036 0.4614 0.9929 0.6284 1.3478 67.6656 -2.4872 -2.0420
Car -1 -1 -5.0958 379.2275 177.7313 436.8398 206.8231 1.5091 1.6616 4.1567 -11.3645 1.7958 40.3038 -5.3693 -2.1543
Pedestrian -1 -1 -7.8791 710.7281 168.9877 720.7551 194.1319 1.7820 0.6896 0.6894 7.5169 1.5077 51.5199 -7.7354 -2.1773
Cyclist -1 -1 -4.8036 800.4147 168.9134 812.2912 195.1201 1.6806 0.6041 1.5499 12.7739 1.4276 47.0876 -4.5407 -2.1817
