Cyclist -1 -1 -7.6278 790.3972 164.3027 836.9424 253.1950 1.7845 0.5915 1.7494 4.3133 1.6126 15.3955 -7.3605 1.8560
Pedestrian -1 -1 -7.5275 357.6843 167.6928 387.0251 230.6254 1.7985 0.5442 0.9308 -6.9856 1.6507 21.0885 -7.8441 1.1548
Cyclist -1 -1 -4.3247 552.3279 168.5559 577.7205 207.5611 1.8900 0.5696 1.9535 -2.2681 1.6814 35.9780 -4.3877 1.0388
Pedestrian -1 -1 -5.9443 429.5412 165.8976 460.1314 225.5686 1.8792 0.7583 0.7470 -5.3382 1.6598 23.1418 -6.1690 0.8086
Pedestrian -1 -1 -4.7422 867.5002 168.6135 891.1056 233.2258 1.6756 0.5576 0.7853 7.0978 1.5654 19.1723 -4.3932 0.8040
Pedestrian -1 -1 -3.2826 415.2448 171.3176 438.2491 214.4066 1.8305 0.6697 0.8764 -7.9512 1.7649 31.1279 -3.5311 0.7464
Pedestrian -1 -1 -4.8564 736.6684 163.9374 760.8956 223.0560 1.9385 0.6643 0.9313 4.5873 1.6458 24.1379 -4.6715 0.6862
Cyclist -1 -1 -4.2378 570.4904 169.6138 595.8813 204.7422 1.8556 0.5573 1.9296 -1.4782 1.6841 39.1059 -4.2759 0.6208
Pedestrian -1 -1 -8.0156 810.9280 167.3278 827.6612 203.5807 1.7856 0.7000 0.6616 10.3712 1.5131 35.9080 -7.7370 0.5880
Pedestrian -1 -1 -3.4401 730.2781 164.8389 757.8101 232.9534 1.8570 0.7600 0.5504 3.6743 1.6382 20.0819 -3.2625 0.0602
Car -1 -1 -2.7087 516.5339 174.0933 566.2763 193.0697 1.5075 1.5767 3.7214 -5.6174 1.6106 58.8582 -2.8037 0.0546
Pedestrian -1 -1 -5.0350 1077.9932 169.5632 1126.4183 262.9958 1.5950 0.5202 0.6418 8.5928 1.5385 12.6947 -4.4513 -0.0217
Pedestrian -1 -1 -7.2139 870.8416 167.3494 909.4711 239.6859 1.7167 0.6183 0.6387 6.7628 1.5858 17.5561 -6.8526 -0.0627
Pedestrian -1 -1 -4.3492 150.2666 158.7556 218.7366 290.3780 1.8976 0.7426 0.5073 -6.3581 1.6940 10.7124 -4.8744 -0.1471
Pedestrian -1 -1 -7.4847 826.5117 165.6491 843.7622 201.7005 1.8053 0.5808 0.8218 11.3927 1.4442 36.6343 -7.1859 -0.2356
Pedestrian -1 -1 -7.7476 58.7981 181.0584 93.8027 247.1869 1.6113 0.6223 0.8326 -13.5193 1.8241 18.2255 -8.3790 -0.5075
Cyclist -1 -1 -6.9921 66.4327 185.1405 169.3786 274.3199 1.5175 0.4611 1.6756 -9.1302 1.7599 13.3860 -7.5817 -0.5324
Pedestrian -1 -1 -4.9323 7.9640 179.5532 37.3952 234.3141 1.7037 0.5976 0.6727 -18.7694 1.9211 23.0001 -5.6112 -0.5970
Pedestrian -1 -1 -4.4575 753.1382 175.5460 774.9046 221.5224 1.5699 0.6063 0.6185 5.3127 1.6648 25.0978 -4.2519 -0.6245
Pedestrian -1 -1 -7.1421 1122.7443 147.3880 1241.0000 374.0000 1.7226 0.6223 0.8726 4.3304 1.5502 5.2693 -6.4821 -0.6337
Cyclist -1 -1 -6.5114 768.7676 170.9554 800.4127 202.3495 1.7885 0.6634 1.6583 9.9837 1.6801 41.4430 -6.2771 -0.7051
Cyclist -1 -1 -4.5175 0.0000 183.1302 30.1445 246.1407 1.6247 0.5563 1.5199 -16.3837 1.9159 19.6669 -5.2056 -0.8033
Pedestrian -1 -1 -5.0496 161.5616 177.5883 186.8495 227.2005 1.7136 0.6114 0.5642 -15.3969 1.8828 25.4167 -5.5899 -0.8137
Car -1 -1 -4.3556 52.8225 185.5176 154.9974 235.5922 1.4460 1.5415 3.7167 -16.6235 1.8990 23.8334 -4.9596 -1.0325
Pedestrian -1 -1 -4.8886 84.8757 180.5091 109.0808 229.9086 1.7598 0.6066 0.7083 -18.7551 2.0436 26.3124 -5.5033 -1.0603
Pedestrian -1 -1 -8.7699 833.0182 165.1839 854.5726 201.2292 1.7533 0.6473 0.7785 11.4930 1.3799 35.6007 -8.4604 -1.0646
Pedestrian -1 -1 -3.1427 583.2002 168.8860 601.4208 202.3127 1.8900 0.4587 1.0303 -1.0437 1.6653 41.0396 -3.1684 -1.2634
Pedestrian -1 -1 -2.7194 433.0295 166.8037 470.5217 222.6999 1.8560 0.6114 1.0815 -5.3861 1.6548 24.3686 -2.9352 -1.2782
Pedestrian -1 -1 -8.6207 771.7628 171.3575 789.7361 201.0313 1.7510 0.7130 0.7648 10.1589 1.6624 43.0878 -8.3912 -1.2880
Pedestrian -1 -1 -3.5672 947.5337 156.2704 1016.8881 302.1476 1.7740 0.4762 0.6263 4.5855 1.5720 9.0219 -3.1110 -1.4290
Car -1 -1 -4.4157 50.2593 182.0455 126.7923 220.0843 1.4639 1.5692 3.8930 -22.2466 1.8836 30.8753 -5.0361 -1.4864
Car -1 -1 -4.7636 467.0189 171.3562 491.0964 192.4879 1.5291 1.5827 3.8627 -9.9066 1.4204 54.2727 -4.9435 -1.5116
Car -1 -1 -2.8757 381.2774 178.5493 468.8149 208.8881 1.4966 1.6704 4.0260 -9.4210 1.7935 36.7878 -3.1251 -1.5600
Pedestrian -1 -1 -6.0420 653.0329 168.3505 665.2192 190.0354 1.8555 0.4641 0.9639 4.2049 1.4699 62.1066 -5.9751 -1.5889
Cyclist -1 -1 -6.5987 449.5128 171.1367 486.3447 207.2763 1.8049 0.7484 1.6933 -7.2785 1.7188 36.7750 -6.7931 -1.5959
Pedestrian -1 -1 -7.6564 1032.2849 162.3319 1110.3282 339.4181 1.6677 0.5567 0.6350 4.5589 1.5683 7.2170 -7.1122 -1.6525
Pedestrian -1 -1 -8.0452 143.6202 180.8955 174.0868 236.1422 1.6495 0.6904 0.6125 -13.8894 1.9011 22.1365 -8.6004 -1.7275
Pedestrian -1 -1 -7.1586 305.6155 173.3888 337.4171 222.5836 1.6443 0.7383 0.6846 -9.8648 1.6625 24.5668 -7.5371 -1.7332
Pedestrian -1 -1 -3.8200 1187.5831 147.9250 1241.0000 263.5105 1.8110 0.6437 0.5993 9.8110 1.4201 11.6296 -3.1321 -1.7435
Pedestrian -1 -1 -4.2034 891.9342 162.3102 918.6567 205.6157 1.8456 0.6787 0.9928 12.7787 1.3960 31.3270 -3.8198 -1.7494
Pedestrian -1 -1 -6.2647 340.0404 179.4877 362.4721 221.2604 1.5585 0.7201 0.7922 -9.9123 1.8156 27.5356 -6.6076 -1.7886
Pedestrian -1 -1 -4.0858 210.6454 176.7949 239.2064 228.8668 1.7422 0.5828 0.6574 -13.1502 1.8781 24.5626 -4.5732 -1.8159
Pedestrian -1 -1 -8.0156 853.9534 169.0559 874.0814 206.8752 1.6779 0.7476 0.6967 11.3654 1.5091 32.4198 -7.6817 -1.8183
Pedestrian -1 -1 -5.5615 475.2021 167.2728 492.8499 196.0631 1.8736 0.6150 0.9825 -8.3217 1.5101 47.4745 -5.7344 -1.8428
Cyclist -1 -1 -4.4204 256.3703 174.0637 288.7585 225.9568 1.7322 0.5818 1.5782 -11.6947 1.7751 24.9458 -4.8551 -1.8934
Car -1 -1 -8.2820 572.6197 173.6100 623.3420 199.3805 1.6536 1.7542 4.3971 -0.9016 1.7069 48.7981 -8.3008 -1.9163
Car -1 -1 -5.0704 116.8806 178.5828 240.5181 237.6617 1.4958 1.6702 4.2029 -12.4296 1.6748 20.6159 -5.6075 -1.9255
Cyclist -1 -1 -7.8510 787.0128 168.4362 804.6949 229.7555 1.7348 0.4858 1.7680 5.4405 1.6095 21.3294 -7.6053 -1.9405
Pedestrian -1 -1 -7.8444 383.2024 176.7571 396.4223 211.5278 1.7031 0.6217 0.5733 -10.9577 1.8984 35.7863 -8.1399 -1.9805
Cyclist -1 -1 -4.6018 129.3934 178.1116 149.9046 216.6760 1.6937 0.6113 1.5280 -21.3685 1.9379 32.7334 -5.1766 -1.9835
Car -1 -1 -7.5275 772.5447 173.2495 819.1611 200.0770 1.5647 1.6135 3.8830 11.3914 1.5898 44.2124 -7.2773 -2.0088
Pedestrian -1 -1 -4.4559 1036.1511 179.1737 1119.6901 370.0454 1.5093 0.4619 0.6406 3.9135 1.5660 6.1198 -3.9095 -2.0771
Pedestrian -1 -1 -7.7544 459.2748 166.8404 471.3942 195.9830 1.8805 0.6901 0.8882 -9.4596 1.4921 47.0340 -7.9521 -2.1005
