Pedestrian -1 -1 -5.9377 469.1933 169.6528 490.0966 205.2918 1.7951 0.5781 0.9043 -6.6675 1.6335 36.7028 -6.1165 1.3242
Pedestrian -1 -1 -4.8227 808.9274 161.4930 832.4724 223.7138 1.7379 0.5575 0.7734 5.9534 1.4203 20.5809 -4.5455 0.4776
Pedestrian -1 -1 -3.9569 446.7829 164.8239 465.1596 196.5202 1.9272 0.5620 1.0185 -9.5208 1.4387 44.4529 -4.1670 0.1523
Pedestrian -1 -1 -7.9321 197.3060 165.0973 222.7544 222.7933 1.8734 0.6700 0.9637 -13.3635 1.6212 24.0148 -8.4354 0.0815
Pedestrian -1 -1 -4.6283 780.8482 161.6680 804.8418 223.1277 1.7493 0.6189 0.7725 5.2773 1.4306 21.0022 -4.3861 -0.2752
Pedestrian -1 -1 -3.6840 500.1360 165.6487 516.6497 192.9128 1.8820 0.4996 1.0308 -7.1167 1.3843 50.3248 -3.8241 -0.5775
Pedestrian -1 -1 -7.9228 1195.1786 127.3429 1241.0000 260.3988 1.9098 0.5983 0.8284 9.1762 1.2563 10.8676 -7.2351 -0.6055
Pedestrian -1 -1 -4.0698 670.3258 162.5813 684.0233 189.4697 1.9008 0.4871 0.9763 4.7690 1.1743 51.5339 -3.9784 -0.7419
Pedestrian -1 -1 -7.8235 742.5749 162.3987 752.5907 194.1814 1.8709 0.5580 1.0555 8.1759 1.2551 43.0490 -7.6374 -0.8020
Pedestrian -1 -1 -4.1273 511.9526 165.7453 528.1390 194.2759 1.8462 0.5847 1.0241 -5.9240 1.3859 47.2796 -4.2516 -0.8505
Cyclist -1 -1 -6.7469 792.4701 162.0937 842.7537 210.1157 1.8190 0.7220 1.7246 7.9606 1.4111 27.8467 -6.4717 -0.9643
Pedestrian -1 -1 -6.2205 552.1042 167.7898 563.5001 190.2209 1.8461 0.6130 0.9043 -4.3417 1.4290 59.6939 -6.2931 -1.2455
Pedestrian -1 -1 -7.5264 703.4096 168.4291 720.2889 200.2228 1.7274 0.7444 0.6688 5.5631 1.4867 39.6686 -7.3886 -1.2765
Car -1 -1 -7.6485 699.9705 167.4719 748.5839 199.4158 1.5443 1.6948 3.9813 5.8802 1.2838 37.0446 -7.4927 -1.3691
Car -1 -1 -4.4345 691.1915 171.0476 744.6746 204.8395 1.4825 1.5470 3.5800 5.0338 1.4030 33.6048 -4.2875 -1.4091
Car -1 -1 -5.0921 828.4553 158.7873 888.8333 193.4121 1.7108 1.6442 3.8611 12.8472 1.0155 37.6235 -4.7657 -1.4158
Cyclist -1 -1 -7.1900 480.6625 169.8024 498.3756 193.2252 1.6213 0.3174 1.5883 -8.4923 1.4098 50.7178 -7.3554 -1.8012
Cyclist -1 -1 -7.8963 709.0392 170.8386 718.2961 206.5372 1.5783 0.3413 1.6164 4.6539 1.4889 32.7217 -7.7568 -1.8374
Cyclist -1 -1 -7.7295 730.5720 165.9092 743.0679 199.6302 1.6396 0.4069 1.7342 6.2891 1.3017 35.9725 -7.5582 -1.8396
Pedestrian -1 -1 -7.9279 773.4165 162.5794 788.2737 203.0063 1.8339 0.6098 0.7146 7.7987 1.3675 33.1311 -7.6991 -1.8678
Cyclist -1 -1 -5.4835 697.3202 165.8460 744.7524 220.7370 1.7133 0.5794 1.5725 3.5266 1.4942 23.3282 -5.3360 -1.8713
Cyclist -1 -1 -7.6709 697.6442 169.6545 708.3702 193.7599 1.6146 0.4328 1.6648 6.3136 1.4000 49.1873 -7.5443 -2.0656
Pedestrian -1 -1 -7.8845 684.8230 165.0961 698.4092 200.0159 1.7830 0.6742 0.6599 4.1647 1.3866 37.1965 -7.7743 -2.0747
Car -1 -1 -4.4644 350.7805 174.6595 389.5860 197.7204 1.4832 1.5875 3.8390 -16.1617 1.6097 48.6878 -4.7835 -2.1070
Car -1 -1 -8.2474 715.4449 166.7179 758.4949 190.4241 1.6325 1.6673 3.8917 9.0284 1.2097 51.7703 -8.0760 -2.1362
Car -1 -1 -4.5181 354.7699 172.5795 388.6426 193.5374 1.4782 1.6108 4.0322 -17.4810 1.4585 52.9904 -4.8356 -2.1391
Car -1 -1 -8.0634 698.4438 166.2975 742.7789 195.9158 1.6226 1.6817 4.1820 6.2883 1.2631 41.6674 -7.9150 -2.1658
Cyclist -1 -1 -6.6523 765.5924 164.6936 804.0678 200.1164 1.7399 0.6271 1.7505 8.6457 1.3388 35.8688 -6.4180 -2.1872
