Pedestrian -1 -1 -4.8381 755.4817 165.8553 777.2836 217.4301 1.7620 0.6302 0.8929 5.3908 1.5226 25.1217 -4.6297 1.3517
Pedestrian -1 -1 -4.7079 781.5083 165.8119 799.5522 217.5703 1.7399 0.5901 0.7222 6.1257 1.5029 24.6769 -4.4679 0.5580
Pedestrian -1 -1 -4.5563 261.2726 168.6620 282.0130 217.0938 1.8423 0.6330 0.6332 -13.0938 1.6825 27.8379 -4.9925 -0.2120
Pedestrian -1 -1 -5.6290 486.9781 170.2157 506.5116 203.4060 1.8303 0.5026 0.9707 -6.3542 1.6845 40.2415 -5.7850 -0.2989
Pedestrian -1 -1 -5.5599 523.7777 166.6245 539.7565 193.7457 1.8922 0.5283 1.0268 -5.5458 1.4573 50.8537 -5.6683 -0.6156
Car -1 -1 -4.5966 698.1980 170.6877 734.4373 200.1286 1.5692 1.6243 3.4378 5.9412 1.4534 40.3282 -4.4518 -0.8984
Pedestrian -1 -1 -5.3268 470.5377 168.0663 485.5229 196.4796 1.8883 0.6109 0.8516 -8.8981 1.5698 48.4674 -5.5078 -1.2090
Cyclist -1 -1 -7.7115 751.9286 169.0572 760.0380 194.4593 1.6912 0.3233 1.5619 9.8507 1.4381 48.8291 -7.5139 -1.2440
Pedestrian -1 -1 -5.3650 1197.4497 169.2503 1241.0000 339.0496 1.5048 0.4607 0.5642 5.8412 1.4725 6.6861 -4.6692 -1.2685
Pedestrian -1 -1 -6.1182 0.0000 177.7704 11.2932 210.7408 1.7768 0.7465 0.5392 -33.2194 2.0486 39.4786 -6.8145 -1.2931
Pedestrian -1 -1 -4.8567 1128.3879 141.6120 1212.1622 313.7423 1.8141 0.6221 0.7602 6.1937 1.4845 8.0861 -4.2211 -1.3749
Pedestrian -1 -1 -4.9833 738.5077 166.4094 750.8063 196.4359 1.8891 0.5226 0.9838 8.5295 1.4833 45.9079 -4.8011 -1.4237
Car -1 -1 -4.7362 747.7493 167.3302 774.2411 192.8633 1.6811 1.6722 4.2366 10.3360 1.3171 49.7389 -4.5328 -1.4440
Pedestrian -1 -1 -4.5163 370.7901 186.5142 390.3887 236.6395 1.3306 0.4218 0.4734 -6.2635 1.7054 19.5530 -4.8229 -1.5740
Car -1 -1 -4.1050 239.3853 170.9042 297.4037 199.1236 2.0586 1.7620 4.4589 -25.9766 1.9161 54.9814 -4.5447 -1.5885
Cyclist -1 -1 -4.2906 680.3419 171.5182 700.3055 201.4019 1.6622 0.5691 1.4870 4.5250 1.5876 40.9195 -4.1817 -1.5891
Cyclist -1 -1 -7.5148 500.2159 173.6069 511.3255 195.3993 1.6206 0.3288 1.5675 -7.8978 1.6780 54.5125 -7.6583 -1.6538
Cyclist -1 -1 -8.4008 812.4316 157.4406 834.5596 188.7281 1.7832 0.4376 1.6463 12.3722 0.9044 41.9753 -8.1163 -1.7392
Pedestrian -1 -1 -7.9801 239.8119 175.4836 277.3626 253.9790 1.6802 0.6805 0.5563 -7.7934 1.7394 15.8916 -8.4298 -1.7806
Car -1 -1 -4.0243 292.7079 170.9371 344.9061 195.1774 1.9674 1.7500 4.2988 -24.5279 1.8115 60.8749 -4.4061 -1.9294
Pedestrian -1 -1 -6.0730 238.3414 177.2927 250.6181 205.1547 1.7681 0.7640 0.5561 -23.5198 2.0558 46.3687 -6.5403 -2.1012
Cyclist -1 -1 -7.7202 726.8333 170.2919 738.9565 200.1165 1.6010 0.4441 1.6505 6.7105 1.4631 39.5860 -7.5539 -2.1783
