Pedestrian -1 -1 -5.0571 988.1690 153.0811 1080.8910 298.8133 1.7655 0.7142 1.0116 5.3787 1.5256 9.2987 -4.5471 1.6631
Pedestrian -1 -1 -6.0695 431.1845 178.5612 452.7191 224.7745 1.6999 0.6405 0.6628 -6.3168 1.9153 26.9467 -6.2981 0.4855
Pedestrian -1 -1 -4.0686 380.1446 173.8575 406.9705 215.1642 1.8872 0.7184 1.0367 -10.1156 1.9345 33.6051 -4.3592 0.3833
Pedestrian -1 -1 -8.1224 788.6378 165.9880 806.8416 204.7176 1.8429 0.6757 0.7296 8.9842 1.5159 34.7037 -7.8716 0.3372
Pedestrian -1 -1 -5.6318 546.4585 171.9388 562.0340 199.5055 1.8900 0.4847 0.9818 -3.8913 1.8270 49.9402 -5.7095 0.1474
Pedestrian -1 -1 -4.9687 1074.4352 153.7944 1148.0465 300.7856 1.7270 0.5773 0.6919 6.1032 1.5028 8.8981 -4.3835 0.0924
Pedestrian -1 -1 -6.9172 492.5007 172.1897 516.2504 209.1903 1.8963 0.6956 1.0079 -5.5388 1.8619 37.5803 -7.0630 -0.1747
Pedestrian -1 -1 -8.1758 402.3241 179.0517 418.9760 208.7728 1.6523 0.7043 0.7599 -11.3218 2.0072 40.8390 -8.4450 -0.4295
Pedestrian -1 -1 -6.4887 291.4613 176.8169 302.1262 203.1099 1.7538 0.7297 0.5231 -21.1786 2.0235 48.7122 -6.8971 -0.6125
Pedestrian -1 -1 -4.7065 468.8844 177.4196 479.1332 207.1153 1.6641 0.5671 0.8281 -7.7681 1.9263 41.0325 -4.8929 -0.8252
Pedestrian -1 -1 -5.6303 693.1113 170.1150 711.8218 202.3395 1.8350 0.6315 0.8644 5.2954 1.6787 41.6160 -5.5051 -0.8361
Cyclist -1 -1 -7.8200 497.5162 175.8998 504.2765 205.5591 1.7318 0.3470 1.5884 -6.5501 1.9169 43.1061 -7.9704 -0.8404
Pedestrian -1 -1 -6.8099 1177.0944 134.5862 1241.0000 238.8745 1.9576 0.5997 0.8990 11.5646 1.2390 13.9104 -6.1269 -0.9431
Pedestrian -1 -1 -2.4721 419.2503 176.9170 434.8995 201.9736 1.6868 0.7142 0.7543 -12.5060 1.9663 49.2100 -2.7200 -1.0125
Pedestrian -1 -1 -7.6021 703.7481 168.6341 715.3093 192.3589 1.7902 0.7278 0.6718 7.5447 1.4715 54.8930 -7.4666 -1.0916
Car -1 -1 -7.8213 390.8797 179.9557 420.4807 207.3919 1.4993 1.5525 3.6606 -12.0050 1.9357 42.4086 -8.0959 -1.1884
Pedestrian -1 -1 -7.5871 775.4272 171.0189 788.9778 202.5427 1.7041 0.5361 0.7816 9.3854 1.6046 39.4765 -7.3558 -1.2950
Pedestrian -1 -1 -7.1588 784.2677 172.1392 808.3975 219.8949 1.7026 0.5950 0.6089 6.7044 1.6768 26.1444 -6.9111 -1.3229
Car -1 -1 -7.6758 425.1383 178.4773 461.7446 203.8612 1.5270 1.6279 3.8460 -10.6565 1.9023 46.2328 -7.9015 -1.3508
Car -1 -1 -5.6416 478.5570 176.2915 526.7034 193.7146 1.4931 1.6181 4.0774 -9.5808 1.8065 64.1727 -5.7895 -1.3928
Car -1 -1 -4.4927 482.0625 176.0639 516.0106 200.0105 1.6898 1.6503 4.0329 -8.2167 1.9368 53.5365 -4.6446 -1.4881
Pedestrian -1 -1 -7.9987 445.5408 179.1876 457.9540 206.5317 1.6689 0.6540 0.7199 -9.8407 2.0650 44.7000 -8.2145 -1.4915
Pedestrian -1 -1 -5.1629 681.1003 170.1583 694.8575 199.4430 1.8665 0.5644 0.8536 4.9871 1.6944 46.4852 -5.0572 -1.5679
Pedestrian -1 -1 -7.9716 840.1613 171.4701 860.3710 221.2848 1.7059 0.5994 0.5714 8.2894 1.6582 25.0486 -7.6561 -1.6364
Car -1 -1 -3.8750 175.9024 183.0656 241.7109 208.7223 1.4423 1.5104 3.3408 -24.3513 2.0883 43.8409 -4.3797 -1.6419
Pedestrian -1 -1 -7.0011 452.3465 176.9421 471.6670 207.8279 1.6884 0.7061 0.7803 -8.2627 1.9183 40.1071 -7.2034 -1.6564
Car -1 -1 -4.6388 481.5782 176.5109 509.0798 200.6919 1.5639 1.5784 3.7914 -7.8159 1.8229 49.2119 -4.7959 -1.6645
Cyclist -1 -1 -7.7105 873.5516 172.4447 895.4810 227.4855 1.5790 0.3998 1.5778 8.1351 1.5669 21.4873 -7.3537 -1.7133
Cyclist -1 -1 -5.4718 766.4893 172.8604 810.9891 222.1873 1.6676 0.5153 1.6433 6.1862 1.6675 25.2340 -5.2347 -1.7513
Car -1 -1 -7.6708 419.9928 178.1048 454.0167 201.1338 1.5333 1.6356 4.0046 -12.2141 1.9191 51.0147 -7.9050 -1.7529
Pedestrian -1 -1 -8.0290 543.9564 172.8748 551.6837 195.6313 1.8180 0.4746 0.8734 -5.0379 1.8194 58.1285 -8.1154 -1.8813
Cyclist -1 -1 -4.8044 762.3705 177.0804 784.1083 228.6306 1.5556 0.5215 1.4962 5.0699 1.6926 22.6746 -4.5879 -1.8983
Car -1 -1 -4.3777 346.3405 173.3865 388.1418 197.7302 1.6910 1.6396 4.0049 -17.5417 1.7307 52.2198 -4.7005 -1.9160
Pedestrian -1 -1 -6.4253 358.1004 178.7974 371.3274 206.1556 1.7213 0.6588 0.7134 -15.6903 2.1041 46.0511 -6.7523 -1.9698
Car -1 -1 -8.0878 485.0303 177.0725 524.9325 205.3302 1.6405 1.6561 3.5127 -6.5350 1.9112 44.4064 -8.2335 -2.0426
Car -1 -1 -7.6988 699.7584 166.7645 728.9855 190.3382 1.7815 1.6686 4.0827 8.2122 1.3210 56.7233 -7.5561 -2.0554
Car -1 -1 -7.4408 360.1715 179.7479 408.3478 204.0018 1.5146 1.6014 4.0079 -15.0874 1.9959 48.3228 -7.7422 -2.0565
Cyclist -1 -1 -8.3924 891.4116 163.7810 920.4445 197.5580 1.8330 0.6895 1.7440 16.3801 1.3403 40.0700 -8.0073 -2.0568
Pedestrian -1 -1 -6.9849 572.5264 172.1961 583.6491 192.3913 1.8388 0.4654 0.9417 -2.9480 1.7786 66.1889 -7.0296 -2.0819
Car -1 -1 -6.8310 18.0693 190.1724 114.2916 223.8839 1.5228 1.5500 3.6167 -27.5174 2.4477 36.5801 -7.4727 -2.1211
Pedestrian -1 -1 -7.6799 373.1273 178.2661 384.6904 204.8741 1.7197 0.6198 0.6290 -15.1254 2.0756 47.1309 -7.9891 -2.1330
Cyclist -1 -1 -7.4430 762.7897 169.9214 782.3595 201.6606 1.7470 0.4866 1.5752 9.0935 1.5853 40.4953 -7.2241 -2.1858
