Pedestrian -1 -1 -4.3526 154.5127 165.8157 194.8862 239.2123 1.8792 0.6494 0.8463 -11.4686 1.6987 18.9480 -4.8909 1.1837
Pedestrian -1 -1 -5.7270 258.2617 176.9397 301.2184 263.7702 1.6201 0.5437 0.5409 -6.3616 1.6997 13.7963 -6.1523 0.7152
Pedestrian -1 -1 -7.4632 429.2697 166.6169 457.5354 223.3760 1.8979 0.7417 0.6564 -5.7013 1.6890 24.5105 -7.6899 0.1800
Cyclist -1 -1 -7.3861 724.1171 166.8266 758.7881 214.0146 1.8124 0.5953 1.8342 5.1835 1.5806 28.6244 -7.2093 0.0091
Pedestrian -1 -1 -3.8749 954.2090 165.8393 1007.4706 259.3996 1.6439 0.6229 0.5912 6.6484 1.5203 13.0570 -3.4137 -0.2707
Pedestrian -1 -1 -3.6809 393.5653 174.7830 420.1409 217.4312 1.6182 0.6831 0.7453 -7.9076 1.6939 27.9282 -3.9547 -0.2822
Pedestrian -1 -1 -7.8508 256.8885 177.9357 273.1229 215.3267 1.6802 0.6636 0.6572 -15.8082 1.9153 32.9811 -8.2949 -0.3004
Pedestrian -1 -1 -8.3416 872.6574 163.1019 898.3328 217.1568 1.7546 0.6148 0.5208 9.0048 1.4378 23.7193 -7.9834 -0.3729
Pedestrian -1 -1 -5.7655 519.8627 168.1612 541.0096 205.0433 1.8561 0.7277 0.8200 -4.0961 1.6197 36.8089 -5.8760 -0.4048
Pedestrian -1 -1 -7.9900 465.1159 167.9106 484.0397 209.0324 1.7993 0.6972 1.0139 -6.0837 1.5827 32.1617 -8.1759 -0.4071
Cyclist -1 -1 -7.2710 617.0079 171.0628 634.6963 194.8615 1.7253 0.3939 1.7725 1.1456 1.5952 53.1510 -7.2500 -0.5037
Pedestrian -1 -1 -3.8265 445.1924 172.1970 465.3995 204.9898 1.7318 0.6169 0.8623 -8.3201 1.6968 38.6342 -4.0376 -0.6379
Pedestrian -1 -1 -3.6230 705.0109 165.1822 728.2568 207.3238 1.9263 0.6502 0.8616 4.8962 1.5753 33.4308 -3.4794 -0.6666
Car -1 -1 -6.9369 25.6394 177.4846 125.3414 211.1329 1.4031 1.4668 3.4093 -23.9718 1.6228 32.4359 -7.5696 -0.7767
Cyclist -1 -1 -6.5026 449.7621 174.6051 479.1840 204.8729 1.7122 0.6449 1.5557 -8.4059 1.8141 41.4970 -6.7016 -0.8099
Pedestrian -1 -1 -7.6565 745.5925 169.7112 759.6108 204.2068 1.7066 0.5299 0.8824 7.1185 1.5508 36.2057 -7.4644 -0.9704
Pedestrian -1 -1 -4.6307 722.5190 163.3994 736.4678 199.9530 1.9851 0.6994 0.7454 6.5278 1.4713 39.6298 -4.4691 -0.9811
Car -1 -1 -7.5812 743.4123 167.4776 790.5060 199.2145 1.7187 1.6513 3.8711 8.9625 1.4272 41.1716 -7.3688 -1.0343
Pedestrian -1 -1 -6.7713 239.7649 173.1422 261.6684 208.1691 1.7221 0.6252 0.7756 -17.9536 1.7363 35.9789 -7.2314 -1.1268
Pedestrian -1 -1 -5.1525 319.8097 174.1023 342.1650 211.9949 1.6634 0.6594 0.7861 -12.5009 1.7197 32.2165 -5.5202 -1.2165
Pedestrian -1 -1 -8.1405 261.8427 172.3858 279.4004 207.1851 1.7697 0.6846 0.5716 -17.5052 1.7455 37.1334 -8.5785 -1.3167
Cyclist -1 -1 -2.5980 288.5360 173.0253 327.0353 209.0793 1.7958 0.6916 1.6764 -15.2840 1.8043 36.4091 -2.9932 -1.3412
Cyclist -1 -1 -8.0442 864.8948 163.4578 915.2892 266.8918 1.7177 0.4846 1.7968 4.9243 1.5614 12.9086 -7.6882 -1.3544
Car -1 -1 -7.3761 288.2162 177.6140 350.0443 207.4282 1.4748 1.5691 3.5470 -15.3340 1.7381 38.1209 -7.7564 -1.3557
Pedestrian -1 -1 -7.0580 298.2599 177.4109 327.5057 219.3249 1.5807 0.6444 0.8290 -11.4999 1.7594 27.8297 -7.4468 -1.5132
Pedestrian -1 -1 -8.3948 777.7346 166.3853 814.5665 236.7780 1.7713 0.7134 0.5899 4.7283 1.6082 18.5420 -8.1497 -1.5532
Pedestrian -1 -1 -7.4377 377.3503 175.4468 400.5464 218.0456 1.5733 0.5830 0.7413 -8.3429 1.6719 27.1008 -7.7340 -1.5762
Car -1 -1 -1.9756 0.0000 176.6616 37.3714 214.0293 1.4680 1.6028 3.9312 -26.0544 1.6358 30.2600 -2.6822 -1.6469
Pedestrian -1 -1 -7.6141 208.1725 169.0246 226.6359 206.0097 1.8460 0.6970 0.5911 -19.8344 1.6546 36.3882 -8.1103 -1.6492
Pedestrian -1 -1 -7.6963 834.7004 170.2562 860.3821 228.2237 1.6769 0.6318 0.6362 6.9654 1.6015 21.2994 -7.3850 -1.6836
Cyclist -1 -1 -7.6264 394.5012 172.3993 403.3660 194.2202 1.7391 0.3354 1.6000 -17.0800 1.7026 58.3148 -7.9104 -1.7165
Car -1 -1 -2.5854 142.3841 178.9308 240.5701 210.6122 1.4345 1.5645 3.7212 -19.6213 1.7263 33.8401 -3.1077 -1.7212
Cyclist -1 -1 -3.2008 822.3529 173.3593 891.0087 242.5468 1.5815 0.5001 1.4932 5.7168 1.5934 16.9335 -2.8812 -1.7414
Pedestrian -1 -1 -8.6116 834.1755 168.2392 858.2264 215.1173 1.7145 0.6049 0.5951 8.7213 1.5454 26.7884 -8.3006 -1.7702
Cyclist -1 -1 -4.9821 944.0248 173.7067 1024.2159 295.3279 1.5211 0.5323 1.6181 5.0199 1.5334 9.8803 -4.5249 -1.8147
Pedestrian -1 -1 -7.7621 762.1094 164.4860 775.9527 199.2132 1.8796 0.6788 0.7223 8.6701 1.4264 39.4992 -7.5480 -1.8225
Pedestrian -1 -1 -6.0916 226.7844 171.7976 249.2448 206.1202 1.7804 0.5192 0.9647 -19.5263 1.7253 37.8109 -6.5656 -1.8273
Pedestrian -1 -1 -4.9485 523.8531 170.2556 539.2853 204.0958 1.7684 0.6285 0.8577 -4.1960 1.6323 38.2155 -5.0576 -1.8470
Pedestrian -1 -1 -8.1766 507.2176 170.5974 519.9531 198.6040 1.7707 0.6534 0.5841 -6.1851 1.6277 46.0245 -8.3098 -1.9717
Pedestrian -1 -1 -8.0461 273.0266 176.1712 288.5381 212.0680 1.6607 0.5466 0.6652 -15.5052 1.8181 33.8889 -8.4726 -1.9845
Cyclist -1 -1 -5.8116 336.1353 172.1069 376.0180 209.5468 1.8222 0.7054 1.7233 -12.5559 1.7855 35.5818 -6.1489 -1.9903
Car -1 -1 -7.8233 464.5803 175.1408 489.3597 197.9582 1.5441 1.6152 3.7218 -9.4336 1.7122 51.1815 -8.0050 -2.0267
Car -1 -1 -4.9259 277.8044 179.9480 336.2370 216.2748 1.4148 1.5508 3.7130 -13.0346 1.7370 30.8345 -5.3231 -2.0356
Cyclist -1 -1 -7.9420 297.4383 175.1975 306.8392 205.1894 1.6666 0.3526 1.6082 -17.5392 1.8020 41.0102 -8.3441 -2.0663
Pedestrian -1 -1 -3.5564 980.0363 165.4434 1029.6508 264.6747 1.6261 0.5234 0.5630 6.5596 1.5044 12.1048 -3.0706 -2.1263
Pedestrian -1 -1 -5.2954 1193.2271 187.1321 1241.0000 287.4412 1.2564 0.4010 0.4739 7.8969 1.4465 9.3662 -4.6108 -2.1306
Car -1 -1 -6.7410 1043.9551 170.4359 1241.0000 243.5523 1.4804 1.6434 4.2009 12.0848 1.4311 15.8040 -6.0975 -2.1493
