Pedestrian -1 -1 -6.0609 465.3625 173.3314 482.2018 211.4987 1.8151 0.7455 0.6480 -6.5891 1.8380 34.7074 -6.2476 1.0902
Pedestrian -1 -1 -4.8040 803.7773 164.8105 833.0138 235.6162 1.7692 0.6339 0.9064 5.2914 1.5679 18.5321 -4.5308 -0.0666
Pedestrian -1 -1 -4.6755 836.7667 166.2586 859.7592 236.2195 1.7135 0.5268 0.7542 5.9354 1.5516 18.1162 -4.3644 -0.2099
Pedestrian -1 -1 -7.2378 151.8432 168.1012 186.7080 230.7595 1.8727 0.6959 0.5784 -13.4059 1.7303 21.8781 -7.7824 -0.2278
Pedestrian -1 -1 -7.3579 509.5794 169.9065 525.6044 200.7889 1.9130 0.5616 1.0599 -5.8307 1.7302 45.2920 -7.4856 -0.3637
Pedestrian -1 -1 -5.0118 749.4090 166.6485 764.0751 198.8991 1.8297 0.5764 0.9220 8.3834 1.4774 41.4245 -4.8139 -0.5744
Cyclist -1 -1 -7.6754 677.2032 172.2971 687.8157 197.0583 1.6729 0.4247 1.7574 4.9635 1.6350 49.6510 -7.5768 -0.9510
Pedestrian -1 -1 -4.2880 436.3293 171.1399 452.0113 203.9504 1.8904 0.5720 0.8989 -9.7011 1.7914 42.0697 -4.5136 -1.1090
Pedestrian -1 -1 -8.4068 500.4668 170.8950 514.5270 198.6962 1.8572 0.5517 0.8952 -6.9555 1.7260 48.7212 -8.5482 -1.1290
Pedestrian -1 -1 -6.0868 668.2726 169.9952 677.4827 194.5492 1.8378 0.7493 0.5580 4.7173 1.6235 54.4434 -6.0012 -1.1928
Car -1 -1 -4.8792 164.0835 180.5781 208.5596 209.2626 1.5438 1.6049 3.9167 -24.6915 2.0140 41.9363 -5.4088 -1.3635
Cyclist -1 -1 -4.7606 786.4637 170.0748 800.8077 210.4957 1.6834 0.5009 1.8242 7.8355 1.5674 30.9936 -4.5157 -1.4287
Pedestrian -1 -1 -8.0410 429.8951 173.5780 441.5247 199.5895 1.7267 0.6129 0.8420 -11.7347 1.7755 48.4365 -8.2778 -1.6177
Car -1 -1 -4.8404 425.5784 173.2602 457.5070 198.1338 1.6545 1.6481 4.1450 -11.8110 1.6838 50.2975 -5.0702 -1.6558
Cyclist -1 -1 -8.4891 694.1136 169.1057 727.2191 209.5559 1.8361 0.6408 1.7013 4.6397 1.6656 33.6515 -8.3538 -1.7442
Cyclist -1 -1 -8.0382 708.9579 171.9414 725.2709 205.3072 1.7062 0.5332 1.7186 5.5576 1.6592 37.7649 -7.8937 -1.7450
Cyclist -1 -1 -7.9519 873.8751 168.7475 895.7230 234.1111 1.6122 0.3584 1.5909 7.0252 1.5106 18.6117 -7.5968 -1.7645
Pedestrian -1 -1 -6.9527 473.9845 173.1824 489.1387 199.8727 1.7538 0.4993 0.8686 -8.5601 1.7755 47.9131 -7.1289 -1.8060
Car -1 -1 -4.3818 342.7661 175.3392 383.7885 197.7569 1.5136 1.5824 3.8429 -17.4387 1.6959 51.0684 -4.7096 -1.8087
Car -1 -1 -6.8126 702.6431 173.2140 771.6501 199.1018 1.4840 1.6013 3.7353 7.5020 1.5057 42.8031 -6.6406 -1.8309
Pedestrian -1 -1 -6.1870 561.5009 173.2155 569.0458 192.8490 1.7984 0.6264 0.6366 -4.1377 1.8315 66.4263 -6.2493 -1.9436
Cyclist -1 -1 -4.5808 677.8758 168.9154 693.3099 202.7269 1.8387 0.6477 1.6394 4.1722 1.6242 40.1096 -4.4784 -1.9622
Car -1 -1 -7.0410 791.3182 172.4333 899.7572 210.9842 1.4878 1.6546 4.2493 9.6018 1.4712 29.5096 -6.7298 -1.9754
Cyclist -1 -1 -8.1465 767.4702 170.4671 783.9842 202.0233 1.6424 0.4145 1.5716 8.7616 1.5179 38.3531 -7.9240 -1.9765
Cyclist -1 -1 -4.4083 732.6686 167.5478 757.0138 208.2977 1.8383 0.6324 1.7072 6.2202 1.5986 33.4527 -4.2266 -2.0263
Car -1 -1 -3.4013 271.4043 174.8751 341.1114 198.4019 1.6681 1.7156 4.4801 -22.5420 1.8236 53.5575 -3.7982 -2.0345
Pedestrian -1 -1 -7.1787 482.0283 172.4519 496.0774 198.6357 1.7516 0.6406 0.6973 -8.1991 1.7244 48.7286 -7.3448 -2.0626
Cyclist -1 -1 -7.8106 706.9505 171.4296 716.1266 197.4428 1.6721 0.5292 1.6071 6.6160 1.5802 47.2168 -7.6726 -2.0925
Pedestrian -1 -1 -6.9741 689.1799 171.0218 707.3427 207.1942 1.7443 0.5794 0.6625 4.2664 1.6556 35.2168 -6.8551 -2.1019
Pedestrian -1 -1 -7.1873 245.4108 176.9005 263.9895 209.2066 1.7492 0.6025 0.7129 -19.5257 1.9732 39.5828 -7.6432 -2.1375
Pedestrian -1 -1 -6.2142 552.8959 171.8114 560.1002 195.0458 1.8458 0.7550 0.5245 -4.3034 1.7626 57.6987 -6.2887 -2.1463
Car -1 -1 -7.8615 701.5195 162.6473 721.8452 186.7583 2.0031 1.6751 3.9130 8.6911 1.1548 61.9925 -7.7231 -2.1829
