Cyclist -1 -1 -7.7374 661.0708 167.1903 698.5015 257.8899 1.7871 0.5842 1.8294 1.4361 1.6752 15.1718 -7.6459 2.2329
Pedestrian -1 -1 -3.6233 1139.8347 170.4602 1186.7775 244.3213 1.6189 0.6223 0.6129 12.3370 1.5662 16.1713 -2.9809 0.1836
Cyclist -1 -1 -6.0445 633.2745 166.2849 671.1215 205.5208 1.9353 0.6902 1.7824 2.0776 1.6110 36.1785 -5.9882 -0.0067
Car -1 -1 -5.0422 1209.8611 175.7295 1241.0000 290.0254 1.4487 1.6182 4.1618 11.2155 1.5031 11.4866 -4.2819 -0.4567
Pedestrian -1 -1 -3.4288 729.4283 173.0378 751.4368 211.7462 1.7562 0.5340 0.8756 5.9299 1.7644 33.0540 -3.2534 -0.4774
Pedestrian -1 -1 -8.2571 774.3563 173.9752 798.8801 213.4793 1.7169 0.6980 1.0447 7.7738 1.7671 31.9643 -8.0212 -0.5821
Pedestrian -1 -1 -8.3851 484.8526 177.9036 501.3620 210.8916 1.7276 0.6329 0.6334 -6.2553 1.9989 38.3694 -8.5462 -0.8475
Pedestrian -1 -1 -7.7745 723.0885 174.1909 738.1688 213.0046 1.7083 0.6040 0.8310 5.3553 1.7687 32.2658 -7.6121 -0.8970
Cyclist -1 -1 -6.9925 305.1730 166.3781 395.0126 257.7702 1.7361 0.4529 1.8653 -5.2791 1.6128 14.6281 -7.3337 -0.9813
Car -1 -1 -5.7427 1042.8086 166.8260 1241.0000 254.7050 1.5446 1.6512 4.2091 11.4517 1.4384 14.9427 -5.0987 -1.3921
Pedestrian -1 -1 -7.9343 899.9572 176.3644 940.2548 253.3004 1.5888 0.7281 0.6986 6.5473 1.6655 15.3857 -7.5396 -1.5666
Pedestrian -1 -1 -7.7933 712.8007 173.0033 726.7985 210.0930 1.7421 0.6250 0.5704 5.1708 1.7489 34.2370 -7.6452 -1.6421
Car -1 -1 -2.7424 589.5499 174.7088 647.4216 196.8638 1.5180 1.6044 3.7778 0.5703 1.6531 51.1765 -2.7318 -1.6520
Cyclist -1 -1 -2.9802 731.4941 171.5165 770.4218 210.7262 1.8286 0.6848 1.7283 6.6541 1.7659 34.2689 -2.7906 -1.8522
Car -1 -1 -5.1522 610.0426 171.1631 650.9285 193.8100 1.6511 1.6395 3.7720 1.4835 1.5275 54.6596 -5.1256 -1.8903
Car -1 -1 -7.0777 776.4818 188.2467 1137.3558 337.5880 1.4062 1.5983 3.9183 4.0392 1.6190 8.5417 -6.6503 -1.8922
Pedestrian -1 -1 -7.6591 752.1989 176.6327 764.8248 210.4165 1.6976 0.5261 0.5932 7.5189 1.8916 36.7162 -7.4593 -1.9125
Car -1 -1 -6.6377 637.7873 165.4160 727.0454 201.5690 1.7880 1.7328 4.2218 3.6613 1.4199 37.0599 -6.5405 -1.9411
Pedestrian -1 -1 -7.5676 679.5683 171.1311 694.4586 204.0481 1.8365 0.6660 0.6997 4.3095 1.7401 40.7063 -7.4634 -1.9965
Pedestrian -1 -1 -7.9275 475.1350 173.1719 489.6332 210.7370 1.8121 0.6459 0.7144 -6.2760 1.8275 35.2397 -8.1030 -2.0156
Pedestrian -1 -1 -6.7604 74.9709 147.4601 117.2099 230.0042 1.9010 0.6455 0.5821 -12.1743 1.3159 17.0247 -7.3739 -2.1504
Cyclist -1 -1 -7.7913 564.9340 173.5983 572.1564 200.7162 1.6360 0.3481 1.5640 -2.5796 1.6823 44.3562 -7.8495 -2.1942
