Cyclist -1 -1 -4.4229 594.0864 172.3873 621.0853 218.1985 1.6442 0.5750 1.5863 -0.1226 1.6271 26.7377 -4.4281 0.6246
Pedestrian -1 -1 -7.7280 519.3190 168.1309 534.2185 203.0872 1.7995 0.6855 0.7167 -4.3620 1.5561 37.5055 -7.8434 0.0830
Pedestrian -1 -1 -4.5436 528.5784 165.4473 541.2058 196.5644 1.8980 0.6491 0.7994 -4.6566 1.4459 44.4297 -4.6477 -0.2933
Pedestrian -1 -1 -4.8287 883.7189 181.1875 909.5992 252.7417 1.5905 0.4635 0.7233 6.5124 1.7860 16.5415 -4.4606 -0.4910
Cyclist -1 -1 -4.5321 954.5594 188.9664 1000.3825 276.5161 1.4778 0.5053 1.4920 6.6850 1.7891 13.2044 -4.0733 -0.6238
Pedestrian -1 -1 -4.0470 802.9775 162.2033 824.4992 216.5027 1.7979 0.5427 0.4354 6.7954 1.4450 24.2385 -3.7774 -0.6890
Pedestrian -1 -1 -7.7535 703.8936 166.8298 724.1275 222.4066 1.8018 0.6136 0.4937 3.3718 1.6062 23.7051 -7.6146 -0.7565
Pedestrian -1 -1 -4.4097 919.5840 183.3044 958.0499 266.1979 1.5685 0.5519 0.5480 6.3904 1.7786 14.1388 -3.9939 -0.7596
Pedestrian -1 -1 -4.9864 839.1598 175.7593 881.8150 264.0205 1.7229 0.6437 0.6733 4.9562 1.7822 14.4600 -4.6634 -0.7780
Pedestrian -1 -1 -3.6628 261.8357 149.9651 299.8241 215.3378 1.9029 0.5743 0.8593 -9.8614 1.2363 21.5191 -4.0881 -0.9315
Pedestrian -1 -1 -8.0565 631.8876 174.1369 659.2694 229.1926 1.6253 0.6903 0.7197 1.0168 1.6644 21.7293 -8.0112 -1.0205
Pedestrian -1 -1 -8.1549 850.9806 182.9006 900.1469 281.2259 1.5924 0.5692 0.7616 4.4064 1.7669 12.1571 -7.8160 -1.0322
Pedestrian -1 -1 -7.8775 791.1575 169.7474 813.7079 228.4899 1.7436 0.6398 0.5965 5.7543 1.6511 21.7805 -7.6232 -1.2276
Car -1 -1 -7.6796 617.0214 177.4124 669.3456 213.8403 1.4472 1.6251 3.8345 1.4544 1.6571 31.2261 -7.6341 -1.2473
Car -1 -1 -7.8458 502.7428 171.9798 529.3689 196.2059 1.5129 1.6527 4.3036 -6.1726 1.4580 47.2943 -7.9752 -1.3666
Pedestrian -1 -1 -6.0319 228.5833 161.7449 259.9578 227.0273 1.7263 0.7321 0.5914 -9.9257 1.4323 19.5011 -6.4975 -1.3667
Pedestrian -1 -1 -7.5433 687.0235 177.2549 706.6783 214.0770 1.6601 0.7414 0.6206 3.9404 1.8641 33.0700 -7.4264 -1.4641
Pedestrian -1 -1 -3.6112 267.7248 171.3538 297.9686 248.7206 1.5814 0.4381 0.4228 -6.8766 1.5505 15.0507 -4.0336 -1.4946
Car -1 -1 -7.4476 614.8995 178.2516 699.1284 221.0340 1.4127 1.6155 4.0765 1.7691 1.6274 26.5586 -7.3825 -1.5250
Car -1 -1 -3.2836 678.3121 178.5906 762.9251 211.7793 1.5105 1.5588 3.7415 5.1099 1.7861 33.9030 -3.1359 -1.5760
Pedestrian -1 -1 -5.8164 427.7239 169.5343 459.7903 241.2532 1.6981 0.6165 0.5357 -4.0662 1.6192 17.4473 -6.0427 -1.8940
Pedestrian -1 -1 -5.4465 485.1822 163.0268 506.3324 201.6341 1.9377 0.5788 0.9459 -5.8575 1.4442 36.7371 -5.6039 -1.9349
Car -1 -1 -6.7436 669.5625 176.3432 743.3809 202.3466 1.5188 1.6410 4.1655 5.8402 1.7382 43.9835 -6.6130 -1.9627
Pedestrian -1 -1 -8.4032 1019.0473 174.0274 1066.7654 261.4377 1.7461 0.6480 0.5343 8.7546 1.7701 14.6946 -7.8755 -2.0083
Pedestrian -1 -1 -4.3916 63.8451 160.1848 108.7759 251.7561 1.7513 0.5506 0.5999 -10.3245 1.5087 14.1672 -5.0126 -2.0084
Pedestrian -1 -1 -7.6139 675.8032 173.2811 689.1492 202.5804 1.7217 0.6614 0.6164 4.2660 1.7470 42.8120 -7.5157 -2.0176
Cyclist -1 -1 -7.5858 700.7501 173.8893 713.8513 201.2648 1.7135 0.4272 1.5852 6.1801 1.7804 46.0379 -7.4537 -2.1169
