Pedestrian -1 -1 -8.0095 770.1067 179.4181 801.8269 251.6552 1.5605 0.5611 0.8152 3.8629 1.7105 16.0926 -7.7790 0.0521
Cyclist -1 -1 -6.8112 720.3470 161.7500 772.5422 214.2534 1.8353 0.6046 1.7728 4.8343 1.4469 25.8070 -6.6286 -0.2538
Pedestrian -1 -1 -7.8552 579.3823 166.8459 595.4473 206.8401 1.7708 0.7112 0.8389 -1.0572 1.5045 32.3781 -7.8881 -0.2858
Pedestrian -1 -1 -4.7574 494.5208 161.6996 505.9182 197.7184 1.9061 0.5579 1.0401 -5.9374 1.3155 38.7471 -4.9088 -0.3868
Pedestrian -1 -1 -4.2582 756.1132 167.2308 792.1064 241.7849 1.8629 0.7060 0.6074 4.1542 1.7221 18.4865 -4.0414 -0.3896
Pedestrian -1 -1 -4.5605 827.4268 178.8693 855.1553 242.7450 1.5587 0.5667 0.7193 5.7672 1.7134 18.1390 -4.2582 -0.4760
Pedestrian -1 -1 -4.6244 591.9316 166.2468 611.3636 214.5271 1.7263 0.6434 0.7575 -0.3447 1.4898 26.2012 -4.6380 -0.4784
Pedestrian -1 -1 -3.3356 663.7257 165.2495 676.5640 211.3944 1.7439 0.5214 0.3937 2.2490 1.4562 27.5492 -3.2556 -0.5180
Cyclist -1 -1 -4.4663 841.4816 184.0085 877.8575 248.2134 1.4485 0.5018 1.4232 5.9350 1.7265 17.2675 -4.1413 -0.5436
Pedestrian -1 -1 -6.1928 719.8910 159.2255 739.4436 203.7508 1.8552 0.5234 0.7706 5.0026 1.2871 30.4133 -6.0318 -0.8285
Cyclist -1 -1 -6.9501 679.7303 168.0253 715.2949 206.7475 1.8038 0.6758 1.6069 4.1244 1.5786 34.3190 -6.8320 -1.0683
Pedestrian -1 -1 -4.4044 305.2864 166.9612 334.5090 234.7198 1.7051 0.5443 0.5756 -7.4682 1.5565 18.4636 -4.7842 -1.1334
Pedestrian -1 -1 -4.5147 798.0082 178.5502 819.1282 235.3792 1.5823 0.4653 0.6514 5.6123 1.7474 20.5637 -4.2527 -1.3068
Pedestrian -1 -1 -8.3342 759.3645 172.7259 792.7049 244.9290 1.6956 0.5670 0.5933 3.9254 1.6923 17.3044 -8.1157 -1.4458
Pedestrian -1 -1 -6.7770 498.4844 162.4516 514.0856 188.8704 1.9039 0.6069 0.9500 -7.5797 1.1539 52.5251 -6.9199 -1.4585
Pedestrian -1 -1 -7.7923 648.9374 170.2376 663.0019 204.0907 1.7206 0.6747 0.8232 2.3291 1.5873 37.1220 -7.7307 -1.4885
Pedestrian -1 -1 -7.3330 531.6259 164.3750 543.6342 188.1744 1.8943 0.5775 0.9235 -5.8387 1.2191 57.9710 -7.4332 -1.5134
Car -1 -1 -7.9395 81.2449 175.0735 181.2534 252.0905 1.4720 1.5308 3.5487 -10.5765 1.5260 15.7651 -8.5228 -1.6325
Pedestrian -1 -1 -3.2034 294.1573 159.1050 316.4377 211.6850 1.8172 0.5847 0.6872 -10.7538 1.3417 25.3506 -3.6011 -1.6531
Cyclist -1 -1 -4.5048 1215.7638 176.3215 1241.0000 269.0181 1.7777 0.5702 1.8435 12.8989 1.8518 14.6830 -3.7946 -1.7479
Pedestrian -1 -1 -4.8958 590.1302 177.6914 604.6599 217.5297 1.3401 0.4302 0.3874 -0.4777 1.5060 24.5613 -4.9157 -1.8517
Pedestrian -1 -1 -4.9645 1059.1279 195.5053 1090.2101 265.3143 1.3210 0.4088 0.4425 9.0228 1.7719 14.1028 -4.4056 -1.9046
Car -1 -1 -5.3340 601.0433 173.5788 650.0573 195.6447 1.4993 1.5937 3.7307 1.0344 1.5523 51.1444 -5.3143 -1.9261
Car -1 -1 -3.4208 605.3965 174.4991 674.2026 198.5618 1.4742 1.5808 4.0683 1.8365 1.5808 45.6280 -3.3813 -1.9591
Car -1 -1 -8.0354 640.2748 170.9785 681.8984 200.5656 1.5119 1.5813 3.6776 2.6576 1.4157 38.7864 -7.9680 -1.9906
Car -1 -1 -4.6390 270.0055 176.6880 334.0390 228.2292 1.4178 1.5253 3.6285 -9.3961 1.5454 22.1033 -5.0370 -1.9919
Car -1 -1 -4.5869 552.6515 171.2057 579.0174 191.2156 1.4973 1.5797 3.7919 -3.4180 1.3736 55.9326 -4.6479 -2.1416
Cyclist -1 -1 -3.9862 1145.0598 180.4441 1241.0000 271.5502 1.7291 0.6082 1.7553 11.5187 1.8832 14.2215 -3.3163 -2.1881
