Cyclist -1 -1 -7.7132 687.8608 167.9003 716.9672 237.7876 1.8063 0.5470 1.7848 2.4737 1.6780 19.5815 -7.5903 0.9886
Pedestrian -1 -1 -5.7193 436.9006 179.3737 479.7830 253.0604 1.5840 0.5787 0.7339 -3.4070 1.7317 15.9801 -5.9268 -0.1278
Pedestrian -1 -1 -3.8755 1109.0442 180.9814 1203.6578 313.5794 1.5012 0.4956 0.7525 6.3590 1.5998 8.4911 -3.2500 -0.3819
Pedestrian -1 -1 -5.1449 3.3301 153.6107 68.0047 262.3807 1.8502 0.7190 0.5763 -10.1748 1.5226 12.7250 -5.8093 -0.5198
Pedestrian -1 -1 -6.6744 1205.2424 155.8338 1241.0000 306.7597 1.7494 0.5322 0.5253 7.5624 1.5518 8.6966 -5.9759 -0.6470
Pedestrian -1 -1 -8.4596 482.2733 166.5280 505.1881 209.3866 1.9065 0.5372 1.0216 -5.3065 1.6248 32.6508 -8.6198 -1.0189
Pedestrian -1 -1 -3.9827 1037.8845 177.3913 1117.5022 294.2975 1.5400 0.5712 0.7431 6.3597 1.6044 9.9125 -3.4265 -1.2134
Cyclist -1 -1 -4.5395 100.5179 178.4319 142.1133 253.1394 1.6324 0.4884 1.8191 -11.4274 1.7694 16.8354 -5.1287 -1.3452
Cyclist -1 -1 -7.5292 630.1861 174.4484 642.3017 199.8950 1.6607 0.3255 1.5642 1.7178 1.7682 47.9773 -7.4941 -1.4791
Car -1 -1 -6.3020 397.8930 171.3295 493.8203 216.1343 1.6348 1.6196 3.4680 -6.2961 1.5789 27.5293 -6.5252 -1.5494
Cyclist -1 -1 -8.0354 579.3594 174.3550 590.1142 199.7231 1.6917 0.4226 1.7363 -1.7578 1.7954 49.1142 -8.0714 -1.6255
Pedestrian -1 -1 -5.5615 463.2940 172.5864 487.7115 219.3558 1.7018 0.5509 0.6971 -5.0162 1.6918 26.6697 -5.7462 -1.7484
Pedestrian -1 -1 -6.0921 428.2999 165.4715 441.4084 211.6285 1.8503 0.4998 0.4283 -7.1262 1.5541 29.1844 -6.3299 -1.7755
Car -1 -1 -7.5255 698.3704 168.8262 732.0748 186.8192 1.5526 1.6658 4.3809 9.4334 1.2048 64.5911 -7.3814 -1.9399
Car -1 -1 -7.6122 408.5830 164.3385 459.0142 199.8600 1.7294 1.6444 3.8175 -9.0187 1.3146 37.0421 -7.8497 -1.9690
Car -1 -1 -7.9419 1234.2988 163.7954 1241.0000 315.6781 1.5096 1.6144 3.8865 9.0663 1.4193 9.1935 -7.1798 -2.1000
Pedestrian -1 -1 -7.8509 425.6541 163.5259 439.9439 203.0517 1.9078 0.6715 0.6160 -8.6851 1.4573 35.2057 -8.0914 -2.1224
Car -1 -1 -4.6741 782.4642 170.4874 809.1415 194.2358 1.5917 1.6597 4.2907 13.0459 1.4328 50.6524 -4.4237 -2.1784
Car -1 -1 -6.6292 816.7683 176.4855 926.9515 215.3596 1.4753 1.6009 3.7451 10.1812 1.6217 28.3436 -6.2882 -2.1797
