Pedestrian -1 -1 -6.3000 694.6074 169.3100 710.0300 196.1126 1.8156 0.4495 1.0336 6.2542 1.5752 49.1557 -6.1746 0.2885
Pedestrian -1 -1 -7.4418 583.6460 166.2319 601.7294 202.6223 1.8212 0.6113 0.8962 -0.9152 1.4895 36.6409 -7.4671 0.2627
Pedestrian -1 -1 -4.4133 668.0182 172.4117 692.4316 222.6075 1.6239 0.6255 0.6965 2.2706 1.6093 23.7845 -4.3200 0.1833
Pedestrian -1 -1 -6.5617 880.2985 173.2072 917.7718 237.6487 1.6824 0.5022 0.8129 7.6046 1.6916 19.1286 -6.1893 -0.1090
Pedestrian -1 -1 -8.4148 988.2582 182.4477 1066.1846 307.7696 1.5912 0.5572 0.7920 5.4949 1.7245 9.6355 -7.9106 -0.1092
Pedestrian -1 -1 -2.1976 282.5288 146.7241 327.6067 224.7261 1.8673 0.5832 0.9397 -7.5596 1.2415 17.7666 -2.5949 -0.2790
Pedestrian -1 -1 -7.6788 709.0163 174.4701 739.2007 235.3676 1.6012 0.7166 0.5582 3.0162 1.6451 19.3706 -7.5275 -0.2800
Pedestrian -1 -1 -4.1207 1070.7352 187.5273 1128.2317 289.0733 1.5473 0.5012 0.6141 7.7053 1.7869 11.4461 -3.5410 -0.4620
Car -1 -1 -8.3228 625.7197 174.9832 672.9774 197.4372 1.4665 1.6230 3.9666 2.6284 1.6191 49.6723 -8.2707 -0.5349
Pedestrian -1 -1 -4.3607 901.8202 163.5160 927.9059 226.6362 1.8401 0.5665 0.5337 9.0026 1.5676 21.4230 -3.9683 -0.8059
Pedestrian -1 -1 -8.2826 846.0056 171.4009 867.7952 215.3103 1.7228 0.6226 0.6023 9.7522 1.6655 28.6419 -7.9581 -0.8770
Pedestrian -1 -1 -4.9851 962.7528 176.4299 1012.3131 282.4348 1.6969 0.5965 0.5328 6.1558 1.7571 11.8908 -4.5184 -0.9089
Cyclist -1 -1 -4.4137 1102.7037 193.6219 1177.0160 302.7637 1.4581 0.5086 1.3776 7.6643 1.7778 10.4975 -3.7972 -1.1202
Pedestrian -1 -1 -8.4357 969.4699 176.8361 1034.0236 292.6584 1.6916 0.5851 0.6658 5.8620 1.7536 10.9239 -7.9554 -1.1802
Pedestrian -1 -1 -3.1341 305.6730 168.8832 329.8427 254.2786 1.5618 0.4856 0.4122 -5.5168 1.4889 13.4974 -3.5158 -1.3589
Pedestrian -1 -1 -7.8123 1004.1605 179.4716 1041.1331 268.5546 1.6554 0.6010 0.5244 7.8658 1.7855 13.8448 -7.3056 -1.3717
Pedestrian -1 -1 -8.5604 547.1891 160.4910 568.4563 200.9964 1.9378 0.5771 0.9102 -2.5768 1.3461 35.0458 -8.6337 -1.4228
Pedestrian -1 -1 -2.9195 559.5953 169.5131 581.9858 218.5048 1.7099 0.6129 0.6740 -1.4307 1.5930 25.5412 -2.9755 -1.4770
Pedestrian -1 -1 -4.8412 692.5732 186.0606 711.5932 236.4939 1.2739 0.4284 0.4537 2.3165 1.6177 18.5732 -4.7199 -1.5998
Pedestrian -1 -1 -7.7806 753.3420 173.0784 765.5503 204.8678 1.7468 0.6244 0.5723 8.2516 1.7591 40.0136 -7.5792 -1.6470
Car -1 -1 -7.7720 571.6953 173.5965 601.3845 198.4566 1.4570 1.5385 3.4983 -1.4365 1.5040 44.1800 -7.8047 -1.7956
Pedestrian -1 -1 -4.4326 593.9715 162.9564 608.6771 196.1591 1.9021 0.6263 0.9138 -0.5362 1.3348 41.8577 -4.4458 -1.8035
Car -1 -1 -7.6354 660.8386 176.0424 717.7040 214.9438 1.4507 1.5919 3.3570 3.2003 1.5869 29.0550 -7.5274 -2.0252
Pedestrian -1 -1 -6.7216 682.7053 172.9846 700.5877 214.9870 1.5861 0.4779 0.5246 3.0715 1.5909 27.5604 -6.6124 -2.0301
Pedestrian -1 -1 -8.6109 1081.9574 169.0805 1115.0479 253.1888 1.7553 0.4876 0.3294 10.2777 1.6763 15.2627 -8.0278 -2.0899
Car -1 -1 -4.5332 215.4909 168.2784 305.1503 223.8584 1.4645 1.6584 3.9641 -10.1628 1.3436 21.1417 -4.9767 -2.1700
