Pedestrian -1 -1 -8.1918 596.6695 177.4890 618.9343 221.8699 1.6269 0.5891 0.8354 -0.1326 1.8035 27.0446 -8.1974 1.5409
Pedestrian -1 -1 -4.6466 974.2792 168.0419 1089.0216 374.0000 1.6716 0.7667 0.4961 3.3197 1.6354 5.7923 -4.1491 1.5320
Pedestrian -1 -1 -4.7775 740.7633 170.4575 758.3942 212.7663 1.8602 0.7065 0.9961 6.1916 1.7545 32.2605 -4.5901 0.9188
Pedestrian -1 -1 -5.0047 759.3936 170.2681 781.0224 212.5097 1.8570 0.6964 0.9463 7.1044 1.7430 32.2178 -4.7901 0.2886
Pedestrian -1 -1 -8.2246 590.1912 173.3047 608.0883 214.7640 1.8037 0.6071 0.6125 -0.5235 1.8236 31.7985 -8.2416 -0.0692
Pedestrian -1 -1 -5.0188 853.9371 176.8051 958.7574 370.5561 1.5971 0.7164 0.4834 2.4770 1.6323 6.2193 -4.6574 -0.1301
Pedestrian -1 -1 -4.8236 579.0911 170.3650 600.8593 225.3395 1.8513 0.6508 0.8836 -0.7407 1.7672 24.7813 -4.8539 -0.3941
Pedestrian -1 -1 -4.9942 655.0216 173.7444 666.6089 202.3110 1.8994 0.5514 0.8832 3.3798 1.9595 48.4950 -4.9255 -0.8289
Cyclist -1 -1 -8.3328 765.5824 175.7060 790.5567 211.3659 1.6520 0.4320 1.6741 7.9656 1.7912 34.4298 -8.1079 -0.8817
Pedestrian -1 -1 -2.4973 578.5074 175.0760 598.4353 220.0868 1.7104 0.5340 0.5603 -0.8749 1.7970 27.8355 -2.5291 -0.9287
Pedestrian -1 -1 -7.4292 554.8424 171.2134 578.5946 224.9368 1.8230 0.6226 0.6092 -1.5365 1.7670 24.8794 -7.4910 -1.1442
Pedestrian -1 -1 -3.1720 1005.2010 162.6600 1046.5565 251.2071 1.7490 0.6747 0.7018 8.4140 1.5474 14.7133 -2.6618 -1.3089
Car -1 -1 -4.2461 630.5718 180.9661 672.3027 202.6083 1.5172 1.6026 3.7774 3.1162 2.1486 54.1468 -4.1894 -1.4466
Cyclist -1 -1 -4.3466 750.3104 175.0323 769.5056 204.4347 1.6660 0.5299 1.6765 8.6673 1.7946 41.8576 -4.1443 -1.5484
Car -1 -1 -6.6835 784.2364 177.4276 887.7232 212.0328 1.4686 1.6322 4.0514 9.9077 1.6770 31.9093 -6.3856 -1.6313
Car -1 -1 -6.5939 772.1573 178.1348 855.0120 209.4456 1.4571 1.5744 3.5222 9.7160 1.7172 34.7259 -6.3238 -1.7020
Cyclist -1 -1 -7.8321 565.8959 175.2617 578.1813 209.6293 1.8269 0.6349 1.6619 -2.0993 1.9606 39.3129 -7.8856 -1.7135
Pedestrian -1 -1 -5.8595 726.9706 172.1913 741.5631 198.4642 1.8160 0.4806 0.8836 8.6345 1.7699 50.3204 -5.6910 -1.8284
Pedestrian -1 -1 -6.2208 246.7088 185.9634 284.7405 302.6179 1.5221 0.4672 0.4346 -4.7141 1.7049 9.7785 -6.6601 -1.8855
Cyclist -1 -1 -7.4645 720.6166 174.0423 754.8148 222.1637 1.7127 0.6610 1.6746 4.6765 1.7576 26.6082 -7.2931 -1.9190
Car -1 -1 -5.0042 607.7756 178.7958 638.2744 196.4462 1.4480 1.5740 3.9526 1.0730 1.9818 62.7352 -4.9876 -1.9334
Pedestrian -1 -1 -6.9286 540.2862 174.3053 558.3247 223.9907 1.7252 0.4905 0.4222 -2.1834 1.7766 25.3957 -7.0141 -1.9868
Pedestrian -1 -1 -7.7792 766.6640 172.0438 781.3858 207.2702 1.8331 0.7096 0.6699 8.5948 1.7906 37.9700 -7.5588 -2.0085
Pedestrian -1 -1 -5.0615 1151.9327 148.4015 1241.0000 326.2495 1.8035 0.6445 0.5008 6.1747 1.5552 7.6538 -4.4020 -2.0555
Pedestrian -1 -1 -6.4695 666.6990 172.8631 673.3566 193.0508 1.8197 0.5099 0.5143 5.4109 1.8202 65.3192 -6.3876 -2.1058
Pedestrian -1 -1 -4.0985 759.0345 173.5502 775.7979 203.7116 1.7141 0.6289 0.7445 9.0198 1.7543 41.5109 -3.8865 -2.1233
Pedestrian -1 -1 -6.9070 998.3198 165.1357 1037.8561 237.0770 1.7696 0.7585 0.5167 10.2081 1.5795 18.1559 -6.4023 -2.1307
Car -1 -1 -7.7431 660.9777 179.9768 692.9659 204.9434 1.4744 1.6128 3.8502 4.2575 1.9467 45.8262 -7.6516 -2.1446
