Pedestrian -1 -1 -4.7189 243.4240 168.5599 342.6335 374.0000 1.6723 0.7036 0.9222 -2.6887 1.6396 6.0108 -5.1244 1.2278
Pedestrian -1 -1 -5.3133 999.7928 144.6405 1139.9354 337.2843 1.8828 0.7977 1.0137 4.7281 1.6067 7.5822 -4.7740 1.2156
Pedestrian -1 -1 -5.1793 931.8763 144.0456 1046.9355 335.1311 1.8871 0.7078 0.9484 3.9030 1.6023 7.6034 -4.7217 1.1388
Cyclist -1 -1 -4.5281 466.8255 176.0882 483.4592 208.0740 1.6847 0.5547 1.8682 -7.3405 1.8640 39.1274 -4.7128 0.7413
Pedestrian -1 -1 -7.8449 379.0582 176.4995 427.2180 288.4744 1.6159 0.6759 0.7579 -3.1728 1.6729 10.8971 -8.1227 0.4349
Pedestrian -1 -1 -6.3939 444.3770 173.5001 465.4984 228.5149 1.7064 0.6210 0.5864 -4.9460 1.7268 22.7766 -6.6059 0.1560
Pedestrian -1 -1 -5.7550 594.9587 170.4363 617.8854 218.4781 1.8103 0.6433 0.6418 -0.1804 1.7189 27.6279 -5.7622 -0.0045
Pedestrian -1 -1 -5.6294 427.2735 174.4662 453.2274 228.1168 1.6792 0.5220 0.6134 -5.4498 1.7310 22.9687 -5.8603 -0.3867
Pedestrian -1 -1 -2.3675 0.0000 149.7870 101.1333 374.0000 1.7042 0.5260 0.5208 -3.3422 1.5849 4.0137 -3.0301 -0.6199
Pedestrian -1 -1 -6.2339 995.7540 157.9776 1037.4220 288.5009 1.7798 0.7186 0.4940 5.7389 1.5767 10.2743 -5.7375 -0.7674
Cyclist -1 -1 -7.9066 877.3795 168.6103 909.0580 262.0760 1.7083 0.4665 1.6554 5.4413 1.6304 14.0471 -7.5450 -0.9590
Pedestrian -1 -1 -8.1932 428.5110 171.5880 444.4737 205.2861 1.8653 0.6756 0.6978 -9.7574 1.7949 40.4157 -8.4290 -1.1105
Car -1 -1 -2.3252 0.0000 159.7355 139.8755 217.8091 1.6129 1.5580 3.4140 -15.9221 1.2482 21.1049 -2.9656 -1.1415
Car -1 -1 -7.7026 279.8011 169.9994 321.9637 198.7655 1.5088 1.5944 3.6889 -17.0431 1.3587 39.8287 -8.1047 -1.1961
Cyclist -1 -1 -5.5321 252.1717 179.7035 296.4125 228.6665 1.7595 0.5938 1.4692 -12.4128 2.0164 26.5836 -5.9654 -1.3013
Pedestrian -1 -1 -8.2898 434.7945 178.2506 452.0782 215.7863 1.6261 0.5311 0.6165 -7.3804 1.8666 31.7820 -8.5166 -1.3230
Pedestrian -1 -1 -4.6457 581.5911 181.6600 593.1965 213.1754 1.3594 0.4747 0.5165 -1.0290 1.7472 31.5372 -4.6787 -1.5513
Pedestrian -1 -1 -4.1270 923.2055 164.4764 981.7964 274.0664 1.7170 0.6690 0.5511 5.5096 1.5855 11.7345 -3.6985 -1.5587
Pedestrian -1 -1 -8.1516 553.5928 176.5980 567.9373 203.5232 1.6498 0.7798 0.4782 -3.0841 1.8831 44.6739 -8.2206 -1.6228
Pedestrian -1 -1 -8.3716 816.2393 163.6716 853.9113 241.8308 1.8386 0.6719 0.5616 5.3464 1.6223 17.3212 -8.0778 -1.6611
Cyclist -1 -1 -5.0071 556.0353 175.8644 573.7747 206.6595 1.6794 0.5708 1.5174 -2.5648 1.8506 40.3168 -5.0708 -1.6905
Car -1 -1 -5.3058 263.5921 184.4543 363.0057 229.9945 1.5011 1.6151 3.6030 -10.8863 1.9507 26.3070 -5.6950 -1.6972
Pedestrian -1 -1 -3.5825 585.5140 173.4878 595.6138 193.3380 1.8485 0.4884 0.8157 -1.8425 1.9079 67.6182 -3.6100 -1.7279
Car -1 -1 -3.2915 665.2190 166.2795 746.3740 199.7745 1.8457 1.7390 4.3192 5.3167 1.4831 40.6751 -3.1629 -1.8242
Cyclist -1 -1 -7.4384 58.9244 175.7918 127.1530 267.0250 1.6868 0.4239 1.7341 -10.2492 1.7483 14.2894 -8.0520 -1.8864
Pedestrian -1 -1 -8.1973 518.0568 174.3531 533.0970 203.8351 1.7430 0.7079 0.6734 -5.0878 1.8334 43.1646 -8.3143 -1.9047
Pedestrian -1 -1 -7.6948 660.5811 173.4858 674.9261 210.6704 1.7408 0.5657 0.7688 2.7019 1.7708 34.2332 -7.6173 -1.9835
Car -1 -1 -4.2980 544.1368 178.2658 588.2271 201.1272 1.4860 1.5813 3.9923 -3.0230 1.8773 50.0619 -4.3585 -2.0572
Cyclist -1 -1 -2.7823 359.7472 171.6115 434.9603 242.5959 1.7454 0.6084 1.7059 -5.3752 1.7145 18.1079 -3.0675 -2.1557
Car -1 -1 -4.4870 557.9552 177.7694 600.6885 205.3953 1.4873 1.6277 3.9417 -1.7556 1.7851 41.6739 -4.5293 -2.1563
