Pedestrian -1 -1 -4.2181 605.5045 169.7439 625.8156 210.7519 1.7852 0.5855 0.8089 0.2106 1.6495 31.9060 -4.2121 0.1711
Cyclist -1 -1 -8.3006 770.1594 172.6117 790.4849 203.3287 1.6648 0.4087 1.6713 9.3853 1.6513 39.9650 -8.0720 -0.0294
Pedestrian -1 -1 -4.5429 743.5680 174.2478 786.5080 260.6456 1.5916 0.7246 0.5015 2.8862 1.6184 13.6688 -4.3401 -0.0637
Cyclist -1 -1 -8.0635 1215.2448 162.3097 1241.0000 234.7002 1.6207 0.3735 1.6618 14.6463 1.3844 16.9746 -7.3605 -0.1628
Pedestrian -1 -1 -3.7954 617.2528 170.4890 640.1440 211.1254 1.7414 0.5469 0.8352 0.7708 1.6397 31.3866 -3.7717 -0.2678
Pedestrian -1 -1 -6.9440 912.2485 159.7825 958.9584 225.9368 1.8106 0.6825 0.9794 9.0578 1.4525 20.1977 -6.5284 -0.3297
Pedestrian -1 -1 -4.1776 809.8519 168.9186 869.6336 277.9964 1.6687 0.7515 0.5123 3.5985 1.6082 11.4883 -3.8824 -0.6301
Pedestrian -1 -1 -8.0847 933.2046 154.7907 985.5210 256.4008 1.8190 0.7414 0.6105 6.3682 1.4954 13.2920 -7.6472 -0.7654
Pedestrian -1 -1 -5.0292 741.9927 167.5752 758.7297 203.5888 1.9276 0.6300 0.9296 7.5669 1.6447 39.1199 -4.8400 -0.8107
Pedestrian -1 -1 -5.1061 613.1360 167.6037 631.8796 207.0754 1.8848 0.6167 0.8796 0.5617 1.6338 34.9761 -5.0907 -0.8252
Cyclist -1 -1 -4.9204 532.1252 168.9927 561.1118 225.6170 1.7470 0.6044 1.5952 -2.0918 1.6275 23.1121 -5.0103 -0.9430
Pedestrian -1 -1 -6.6090 674.9774 169.6080 689.4695 194.2392 1.8411 0.4815 0.9819 5.4026 1.5981 54.2764 -6.5107 -1.1237
Car -1 -1 -7.4830 723.6495 175.9558 789.1775 211.0681 1.4785 1.6365 3.8703 6.6716 1.6282 32.8196 -7.2847 -1.1878
Car -1 -1 -5.4099 156.1892 178.1644 359.1858 262.0527 1.4478 1.5673 3.6945 -6.9501 1.5622 14.1118 -5.8605 -1.1921
Cyclist -1 -1 -4.4377 625.5771 170.3551 644.3943 204.4349 1.8081 0.6130 1.5960 1.3256 1.6752 39.1335 -4.4046 -1.3224
Pedestrian -1 -1 -6.7575 1124.5880 158.3894 1183.9811 266.8245 1.6170 0.5969 0.5070 8.2993 1.4010 11.0937 -6.1283 -1.3404
Car -1 -1 -7.7084 583.3793 171.6426 623.8029 204.2749 1.6683 1.6294 3.9493 -0.3327 1.6061 38.9554 -7.7174 -1.4257
Pedestrian -1 -1 -8.5548 910.0804 166.3316 940.5906 223.3627 1.6276 0.4886 0.6791 9.1175 1.4411 20.9874 -8.1506 -1.5126
Pedestrian -1 -1 -7.7451 581.2645 171.2357 596.1866 213.4073 1.7004 0.5308 0.7711 -0.9101 1.6348 29.4981 -7.7763 -1.5436
Cyclist -1 -1 -7.9061 1219.1069 130.0860 1241.0000 199.9640 1.8756 0.4615 1.7851 17.3774 0.7274 20.2165 -7.2033 -1.6687
Cyclist -1 -1 -7.2375 512.6389 169.9739 561.0593 229.6057 1.7052 0.4672 1.8315 -2.2104 1.6226 21.5450 -7.3392 -1.7050
Pedestrian -1 -1 -3.4124 1051.9908 157.2487 1094.5706 241.0697 1.7781 0.5779 0.6423 10.0008 1.4468 15.6746 -2.8535 -1.8742
Cyclist -1 -1 -4.3505 595.2393 170.5638 618.2047 209.8781 1.7386 0.5254 1.5625 -0.1807 1.6370 32.7330 -4.3566 -1.9101
Pedestrian -1 -1 -5.9655 658.2835 175.0017 668.7853 195.8135 1.7895 0.5603 0.7717 4.6163 1.9765 62.5314 -5.8926 -1.9553
Pedestrian -1 -1 -7.0363 753.2908 170.9056 766.5834 198.1910 1.7724 0.5733 0.6314 9.7909 1.6456 47.2800 -6.8337 -2.0926
Car -1 -1 -7.3011 713.9135 175.5584 783.1408 206.8219 1.4892 1.6337 3.9530 7.0548 1.6340 36.7261 -7.1133 -2.1229
Car -1 -1 -8.1847 667.2144 174.5684 714.5684 202.3566 1.5222 1.5870 3.7289 4.5917 1.6259 41.7651 -8.0764 -2.1384
Car -1 -1 -3.6481 0.0000 181.4052 256.1915 367.9457 1.4292 1.5962 3.9865 -6.1861 1.5476 7.8709 -4.2980 -2.1604
Car -1 -1 -3.0341 526.1525 172.9558 617.9767 203.7399 1.5056 1.6910 4.4536 -1.9006 1.5106 36.2628 -3.0866 -2.1808
