Pedestrian -1 -1 -6.5782 599.5684 168.5572 619.7173 205.9181 1.8587 0.5995 0.8768 -0.0602 1.6446 36.3104 -6.5804 0.4930
Pedestrian -1 -1 -4.4201 725.5211 176.8497 759.3344 240.6740 1.6125 0.7204 0.6086 3.3872 1.7182 18.7177 -4.2447 0.1505
Pedestrian -1 -1 -4.6258 684.9653 175.8901 708.2930 227.5792 1.6073 0.6815 0.6763 2.7034 1.7049 22.8825 -4.5105 0.0859
Pedestrian -1 -1 -5.9523 300.3894 151.4425 336.4963 231.8670 1.8713 0.7062 0.5981 -6.9749 1.3728 17.1562 -6.3334 -0.1601
Pedestrian -1 -1 -4.4835 1126.0569 187.4280 1181.7804 300.2119 1.5811 0.5355 0.6284 7.9567 1.8037 10.6287 -3.8550 -0.8012
Pedestrian -1 -1 -6.5845 937.8995 163.1286 957.2554 225.2470 1.7526 0.4698 0.3754 9.5918 1.4780 20.6149 -6.1550 -0.8487
Pedestrian -1 -1 -3.2753 885.6963 166.6561 905.4618 222.8488 1.7775 0.5381 0.5189 9.1085 1.5811 23.1459 -2.9053 -0.9135
Cyclist -1 -1 -4.7047 1187.8599 191.9437 1241.0000 319.2806 1.5093 0.5183 1.4967 7.9077 1.7805 9.5185 -4.0275 -1.1518
Pedestrian -1 -1 -2.9144 312.2285 172.2628 339.1003 258.7757 1.5307 0.4057 0.3676 -5.1705 1.5200 12.9939 -3.2867 -1.1965
Pedestrian -1 -1 -4.7657 625.3432 170.0370 634.1310 197.7331 1.8434 0.5427 0.8736 1.2906 1.6556 48.4672 -4.7397 -1.2103
Pedestrian -1 -1 -4.7399 721.6072 193.1776 739.0698 243.7242 1.2159 0.4100 0.4318 2.9129 1.7235 17.7907 -4.5812 -1.3939
Car -1 -1 -4.2864 208.8049 177.2468 321.1247 233.2160 1.4035 1.5178 3.4387 -9.5235 1.5360 20.0925 -4.7242 -1.4226
Pedestrian -1 -1 -3.7557 702.7307 180.1918 723.3678 219.2924 1.4258 0.4538 0.6076 3.7779 1.7013 26.7797 -3.6177 -1.4380
Cyclist -1 -1 -7.7239 593.2970 175.4256 603.3934 205.4806 1.6087 0.3564 1.5634 -0.6716 1.7522 39.5539 -7.7413 -1.5051
Cyclist -1 -1 -7.6949 385.0706 165.0612 413.4950 238.4894 1.6241 0.3813 1.6198 -4.9380 1.4515 16.7866 -7.9773 -1.5578
Car -1 -1 -8.0597 569.3433 175.3929 606.9146 200.5765 1.4687 1.5669 3.7895 -1.4274 1.6322 44.5142 -8.0920 -1.6028
Pedestrian -1 -1 -6.2352 1140.4728 168.8140 1165.8281 259.2783 1.7498 0.5135 0.3831 10.6949 1.6714 14.2766 -5.6028 -1.6701
Pedestrian -1 -1 -5.1119 607.9490 168.0386 623.6683 201.1170 1.8552 0.5984 0.8751 0.2897 1.5848 40.9854 -5.1053 -1.7696
Car -1 -1 -8.0196 770.0473 180.2479 819.8558 215.9821 1.4280 1.5436 3.3246 7.9111 1.7656 31.2624 -7.7746 -1.8326
Pedestrian -1 -1 -5.1300 1045.6880 179.2564 1093.2662 273.8290 1.6651 0.5447 0.5521 8.2498 1.7834 13.0562 -4.5775 -1.8772
Pedestrian -1 -1 -5.5161 608.6196 171.9394 623.5510 200.6729 1.7480 0.7416 0.5603 0.3397 1.6920 44.3548 -5.5090 -1.9388
Pedestrian -1 -1 -4.8938 714.9570 170.3699 725.9335 198.1470 1.8417 0.5724 0.8929 7.3564 1.6767 48.2945 -4.7440 -1.9633
Pedestrian -1 -1 -3.9122 995.9939 178.8178 1058.1393 292.7566 1.6874 0.5693 0.5984 6.3379 1.7815 11.0752 -3.4049 -2.0240
Pedestrian -1 -1 -3.3440 937.4174 185.9874 995.9567 336.5172 1.6274 0.5938 0.4760 3.9849 1.7827 8.2048 -2.9072 -2.0309
Car -1 -1 -4.5164 678.3445 176.7592 713.0613 200.1049 1.5013 1.6023 4.0555 5.8646 1.7796 49.3035 -4.3992 -2.0425
Pedestrian -1 -1 -8.3456 1053.1895 184.2129 1133.7615 324.8114 1.6194 0.5842 0.6035 5.7452 1.7609 8.6859 -7.7778 -2.0973
