Pedestrian -1 -1 -8.2454 466.4615 177.8341 499.3021 243.1092 1.6399 0.5652 0.8259 -3.3504 1.7722 18.7037 -8.4209 1.7401
Pedestrian -1 -1 -4.4385 362.6842 164.6997 424.4690 282.1298 1.7996 0.7132 0.9559 -3.4961 1.6744 11.5409 -4.7272 1.2562
Pedestrian -1 -1 -4.8643 431.5745 170.4246 474.5998 261.4688 1.7791 0.7145 0.9784 -3.2564 1.7313 14.6846 -5.0795 1.0283
Pedestrian -1 -1 -4.8308 702.8116 165.9159 735.6245 235.8277 1.8965 0.7772 1.0692 2.9830 1.7080 20.1180 -4.6866 0.3050
Pedestrian -1 -1 -5.8466 558.7297 173.0271 574.1915 208.8389 1.8641 0.7042 0.5690 -2.3292 1.8730 37.9930 -5.9080 0.2336
Cyclist -1 -1 -2.7925 430.6654 170.2521 471.8114 213.3517 1.9308 0.6645 1.7003 -7.2454 1.8139 32.7651 -3.0089 -0.0445
Pedestrian -1 -1 -6.4294 383.3495 171.4491 431.0426 265.3196 1.7495 0.5193 0.8145 -3.9492 1.7231 13.8510 -6.7030 -0.3478
Pedestrian -1 -1 -7.1970 570.4155 175.4156 582.3033 198.4057 1.7255 0.4884 0.8430 -2.5796 1.9213 54.7482 -7.2443 -1.1294
Pedestrian -1 -1 -5.6515 1077.6890 170.5714 1226.7375 346.7073 1.6499 0.7043 0.9859 5.4197 1.6282 7.3378 -5.0352 -1.1834
Cyclist -1 -1 -4.7132 428.3466 179.1510 446.3121 242.7070 1.6062 0.4467 1.5422 -4.6446 1.7804 19.1955 -4.9482 -1.2891
Pedestrian -1 -1 -4.8999 569.3865 184.9162 580.1403 212.3156 1.2671 0.4390 0.3835 -1.6940 1.8361 33.8166 -4.9502 -1.5835
Cyclist -1 -1 -7.6451 429.8266 175.2387 448.6837 220.2371 1.7033 0.3999 1.5721 -6.7047 1.7988 28.1868 -7.8771 -1.6309
Car -1 -1 -8.3588 470.5128 178.3582 516.2577 201.9514 1.6120 1.6236 3.8147 -8.5038 2.0254 52.2329 -8.5198 -1.7214
Car -1 -1 -4.9823 492.1848 179.8563 524.3392 199.4057 1.5327 1.6200 4.1170 -8.5715 2.1396 60.3636 -5.1231 -1.8033
Pedestrian -1 -1 -4.9197 628.5972 197.6465 644.4742 236.7862 1.0515 0.3633 0.3907 0.6798 1.7424 19.8915 -4.8870 -1.8460
Pedestrian -1 -1 -6.7839 713.7037 165.6526 730.1335 216.3233 1.9512 0.5704 0.4076 4.3150 1.6736 28.1231 -6.6339 -1.9084
Pedestrian -1 -1 -5.6974 300.5464 173.2840 346.6063 267.4818 1.7169 0.6095 0.5572 -5.4094 1.7248 13.5104 -6.0721 -1.9338
Car -1 -1 -3.8786 0.0000 188.5545 147.1049 374.0000 1.4793 1.6511 4.2383 -4.9797 1.6179 4.2609 -4.7107 -2.1142
Pedestrian -1 -1 -2.2911 494.0295 176.6923 507.5666 202.3066 1.7780 0.4621 0.8987 -7.7043 2.0499 50.6916 -2.4415 -2.1855
