Pedestrian -1 -1 -4.6957 357.3484 171.9283 411.3234 305.2531 1.6899 0.6598 0.8634 -3.0631 1.6779 9.6524 -4.9961 1.7495
Pedestrian -1 -1 -5.0716 802.4499 155.6303 875.3757 282.1698 1.8883 0.7709 1.0135 3.5050 1.6310 11.2985 -4.7792 1.4932
Pedestrian -1 -1 -4.2754 201.4008 163.3658 345.4515 374.0000 1.7323 0.7422 1.0097 -2.8644 1.6582 6.1222 -4.6976 1.2452
Pedestrian -1 -1 -8.2657 403.9493 176.6547 458.3843 271.1090 1.6566 0.7042 0.8081 -3.3377 1.7288 13.2324 -8.5089 1.1346
Pedestrian -1 -1 -5.2536 846.4612 157.9206 922.7056 281.7850 1.8520 0.7278 0.9460 4.2328 1.6285 11.3226 -4.9053 0.9732
Pedestrian -1 -1 -8.5329 575.9369 173.0585 597.0934 216.4641 1.8235 0.7207 0.5423 -1.0440 1.8320 30.7568 -8.5672 0.6587
Pedestrian -1 -1 -3.2912 442.9417 175.8891 461.5092 226.2546 1.7623 0.7452 0.5417 -5.6792 1.8722 25.7449 -3.5067 0.2524
Pedestrian -1 -1 -6.1882 212.0530 170.5089 282.2799 355.4868 1.6961 0.6249 0.5471 -3.5615 1.6743 7.0050 -6.6443 -0.0876
Pedestrian -1 -1 -4.1483 594.9213 174.6900 609.0524 202.7936 1.8295 0.5527 0.8697 -0.5590 1.9515 47.5538 -4.1605 -0.4385
Car -1 -1 -6.7418 799.3564 177.8687 976.1932 244.6645 1.5002 1.6147 3.6290 6.5506 1.6274 17.3453 -6.3870 -0.5931
Pedestrian -1 -1 -4.6264 460.3925 175.4883 470.2101 206.1975 1.8185 0.5049 0.8699 -8.7093 1.9778 43.2662 -4.8243 -0.7755
Car -1 -1 -8.2077 668.2380 165.3154 713.7242 194.4524 1.7480 1.6242 3.7649 4.9994 1.2954 45.3092 -8.0989 -0.9112
Car -1 -1 -8.2662 480.0791 179.6972 523.2658 205.6424 1.5749 1.5460 3.3376 -7.0575 2.0337 46.5838 -8.4162 -1.2495
Pedestrian -1 -1 -4.6895 603.0991 168.4099 612.1445 196.1613 1.9816 0.6323 0.9141 -0.1989 1.6639 51.9835 -4.6937 -1.3456
Pedestrian -1 -1 -8.3217 692.8062 167.0729 708.5499 198.5773 1.8827 0.7200 0.6642 5.4357 1.5369 43.5525 -8.1988 -1.3611
Car -1 -1 -7.2156 542.3787 181.4167 603.8353 207.6770 1.4849 1.6390 4.1298 -2.2509 2.0372 44.3894 -7.2665 -1.6379
Car -1 -1 -8.1283 514.8198 179.4051 550.0195 200.9632 1.4915 1.5999 3.8304 -5.7918 1.9936 53.2561 -8.2366 -1.8380
Cyclist -1 -1 -8.1307 585.3976 178.1842 607.0778 222.9640 1.6161 0.4007 1.5453 -0.5714 1.8213 27.0269 -8.1523 -1.8676
Pedestrian -1 -1 -4.6492 644.8448 197.8872 661.9098 248.6584 1.1454 0.3714 0.4241 0.9566 1.7339 16.7396 -4.5941 -1.9522
Pedestrian -1 -1 -7.3940 565.4208 174.1566 574.9221 192.5006 1.7595 0.6086 0.8395 -3.8699 1.8861 69.7855 -7.4495 -2.0035
Cyclist -1 -1 -4.9599 632.8387 178.2633 648.2769 210.0988 1.5610 0.4200 1.5002 1.4952 1.8396 36.4211 -4.9198 -2.0121
Pedestrian -1 -1 -4.9681 419.5006 175.3947 442.2507 225.9036 1.7844 0.6656 0.5937 -6.4908 1.8770 25.9529 -5.2113 -2.0680
Pedestrian -1 -1 -7.4797 388.6957 173.3515 416.4278 230.4517 1.7930 0.6259 0.7364 -6.6714 1.8089 23.0607 -7.7587 -2.0958
Pedestrian -1 -1 -2.1335 332.0415 172.8369 345.9365 198.7701 1.7932 0.7267 0.5496 -18.9410 1.7917 50.3479 -2.4919 -2.1527
Pedestrian -1 -1 -6.0131 66.7994 166.8915 107.9346 310.6044 1.7175 0.4622 0.2943 -6.4886 1.6459 8.8902 -6.6296 -2.1818
