Pedestrian -1 -1 -3.8097 930.2390 166.0943 985.6038 266.6558 1.6915 0.7584 0.5022 5.9918 1.5775 12.5638 -3.3745 0.7881
Pedestrian -1 -1 -7.8646 496.8667 172.9704 519.2183 242.1238 1.6737 0.5371 0.8018 -2.5855 1.6764 17.9023 -8.0067 0.2842
Pedestrian -1 -1 -3.0970 445.5477 170.2921 471.4733 222.5189 1.7762 0.7412 0.8464 -5.2824 1.6888 24.9735 -3.3039 0.0373
Pedestrian -1 -1 -5.1978 666.1876 168.7798 691.3463 218.0167 1.8964 0.6469 0.8763 2.6492 1.7392 28.3194 -5.1062 -0.1421
Pedestrian -1 -1 -4.9004 643.9031 168.3527 664.8617 217.7608 1.9203 0.6505 0.9974 1.7067 1.7450 28.5794 -4.8420 -0.3874
Pedestrian -1 -1 -8.0290 709.6849 176.7342 725.6795 206.4086 1.6157 0.7066 1.0160 5.9175 1.8330 39.9408 -7.8836 -0.5041
Car -1 -1 -7.1895 763.4845 179.7662 825.0272 205.1301 1.4050 1.5585 3.7402 10.8876 1.8305 42.6886 -6.9419 -0.5933
Pedestrian -1 -1 -5.7610 741.4301 169.8453 760.0277 202.0777 1.9100 0.5128 0.9674 8.4012 1.7314 43.2656 -5.5709 -0.6357
Cyclist -1 -1 -5.0926 841.9568 168.8800 884.4937 235.8504 1.6357 0.5351 1.3792 6.3606 1.5384 18.3257 -4.7642 -0.6368
Car -1 -1 -3.7065 0.0000 0.0000 1241.0000 374.0000 1.5627 1.5696 3.4934 -2.6110 1.6630 1.3527 -4.7185 -0.9058
Pedestrian -1 -1 -7.2669 1017.9213 168.8761 1082.4669 291.1422 1.6138 0.5015 0.6168 5.9700 1.5610 9.8842 -6.7374 -1.1689
Pedestrian -1 -1 -8.4786 794.3077 170.8535 822.1342 224.2023 1.6691 0.5783 0.6570 6.2621 1.6062 22.9840 -8.2165 -1.4488
Car -1 -1 -3.9870 730.6848 179.6705 789.5751 202.8012 1.5023 1.6326 4.1743 10.3729 1.9913 49.8883 -3.7837 -1.6706
Cyclist -1 -1 -6.6141 692.6049 174.4828 721.7635 204.9200 1.7660 0.6570 1.5691 5.6703 1.8625 42.3934 -6.4826 -1.6791
Cyclist -1 -1 -7.5077 0.0000 135.6187 206.7279 374.0000 1.6384 0.5486 1.7339 -1.9525 1.5595 2.4332 -8.1335 -1.8982
Pedestrian -1 -1 -8.1461 1114.5005 149.8182 1180.4980 276.7444 1.7996 0.6229 0.6070 7.8365 1.4727 10.6182 -7.5240 -1.9456
