Cyclist -1 -1 -4.5942 886.2291 178.1561 918.1196 246.9692 1.4699 0.5075 1.5131 6.5685 1.5953 16.3204 -4.2185 1.6818
Pedestrian -1 -1 -7.7689 332.7243 175.7464 398.6453 335.5288 1.6150 0.6033 0.7995 -2.6669 1.6476 7.7686 -8.0903 0.9571
Pedestrian -1 -1 -5.0877 732.7147 158.8131 782.0309 261.4990 1.8833 0.6196 0.9198 2.7395 1.6255 13.7419 -4.8960 0.8825
Pedestrian -1 -1 -7.8785 771.4187 179.8025 786.7802 221.7856 1.5317 0.5327 0.8843 6.2703 1.7958 26.9721 -7.6532 0.7949
Pedestrian -1 -1 -2.6574 296.1229 169.3790 344.0030 273.1599 1.7076 0.5611 0.5516 -4.9408 1.6501 12.1800 -3.0358 0.6730
Cyclist -1 -1 -4.0581 903.8795 171.7040 957.7084 233.2025 1.6145 0.5364 1.5013 8.6423 1.5840 19.5406 -3.6479 -0.0460
Pedestrian -1 -1 -7.7749 668.3257 174.8510 685.2107 214.5452 1.8184 0.7024 1.1267 3.0854 1.9131 33.7294 -7.6851 -0.1155
Pedestrian -1 -1 -5.0632 777.9831 158.5126 827.2471 260.9699 1.8687 0.6266 0.8835 3.5711 1.6068 13.6311 -4.8132 -0.1701
Cyclist -1 -1 -4.3075 912.5037 170.1144 965.1691 239.3587 1.6336 0.5318 1.7978 8.0889 1.5687 17.8281 -3.8884 -0.3538
Cyclist -1 -1 -4.8337 757.9849 179.5730 773.5927 213.9320 1.6355 0.5686 1.4718 7.5946 1.9719 35.4001 -4.6247 -0.6620
Pedestrian -1 -1 -7.2504 727.1866 176.6689 748.8472 217.9716 1.7052 0.5954 0.7182 5.3401 1.8678 30.3401 -7.0785 -1.0791
Cyclist -1 -1 -5.1429 944.3969 167.9640 1016.5732 267.1681 1.5982 0.5066 1.4897 6.2624 1.5191 12.3758 -4.6848 -1.0808
Pedestrian -1 -1 -6.9800 1101.6295 162.0910 1134.7871 211.8373 1.7335 0.7841 0.5935 17.9480 1.3581 25.5600 -6.3736 -1.0832
Pedestrian -1 -1 -4.2215 723.0978 170.6561 742.5922 214.1179 1.8999 0.5912 0.7047 5.4070 1.8035 32.0006 -4.0563 -1.1206
Cyclist -1 -1 -5.1441 858.3734 172.4284 891.9636 216.0957 1.6721 0.6154 1.6174 10.3968 1.6555 28.4615 -4.7977 -1.4344
Cyclist -1 -1 -2.7589 660.6519 171.3637 694.1337 207.0641 1.9411 0.6868 1.7121 3.6896 1.8598 39.9282 -2.6680 -1.4610
Pedestrian -1 -1 -7.7408 768.2092 167.1941 781.0347 198.2460 1.7869 0.6559 0.6830 9.5367 1.4609 41.9513 -7.5192 -1.4910
Pedestrian -1 -1 -4.8078 777.7048 171.8988 791.9874 210.3213 1.7879 0.6049 0.4971 8.1617 1.7432 33.8638 -4.5738 -1.5707
Pedestrian -1 -1 -8.4791 691.3132 176.1966 710.4331 213.5175 1.7331 0.6208 0.6673 4.2423 1.8925 34.0277 -8.3568 -1.8619
Pedestrian -1 -1 -7.1684 803.5703 176.6370 822.7253 212.7142 1.7485 0.5193 0.7999 9.9560 1.9366 35.5045 -6.8978 -2.0854
Pedestrian -1 -1 -8.3835 682.5580 177.5849 699.6007 208.9643 1.7962 0.6833 0.7797 4.6745 2.0742 41.9473 -8.2739 -2.1205
Car -1 -1 -8.3949 1023.2246 160.5755 1131.0198 203.8188 1.5227 1.6067 3.9444 17.5430 1.0900 27.3975 -7.8304 -2.1292
Pedestrian -1 -1 -7.8243 798.1641 176.1374 812.8093 213.5115 1.7149 0.6426 0.5789 9.0479 1.8690 33.5424 -7.5636 -2.1670
