Pedestrian -1 -1 -5.1511 720.4469 159.6882 757.0710 232.1275 1.9060 0.6606 0.8770 3.4203 1.5593 19.4957 -4.9808 1.4613
Pedestrian -1 -1 -7.7445 429.2667 170.8369 469.0603 275.0897 1.6485 0.5557 0.7725 -2.6791 1.6163 11.8238 -7.9635 0.6642
Pedestrian -1 -1 -6.1926 385.4572 162.7768 431.2610 240.4595 1.8260 0.6695 1.0059 -4.8952 1.5888 17.3798 -6.4638 0.4295
Cyclist -1 -1 -4.3902 834.2637 174.7229 864.5711 222.9918 1.4880 0.5086 1.3973 7.5961 1.5492 23.0115 -4.0758 0.2494
Pedestrian -1 -1 -5.0118 686.8668 160.9668 719.9491 232.4915 1.9051 0.6352 0.9714 2.4972 1.5881 19.7521 -4.8887 -0.0284
Pedestrian -1 -1 -7.9784 463.4315 172.7433 501.8462 274.5166 1.6229 0.5340 0.7634 -2.1718 1.6209 11.9498 -8.1554 -0.0853
Cyclist -1 -1 -8.2184 768.4605 176.2886 784.1313 204.6251 1.6568 0.3511 1.6318 9.9170 1.8662 43.2206 -7.9949 -0.2117
Pedestrian -1 -1 -5.9806 774.5957 168.6170 795.7676 204.7554 1.8507 0.5053 0.9605 9.0441 1.6334 37.4144 -5.7457 -0.4949
Cyclist -1 -1 -6.0806 817.9083 172.1818 856.7355 208.7865 1.6627 0.6115 1.6273 10.4887 1.6319 33.4353 -5.7796 -0.6912
Cyclist -1 -1 -1.9382 1.9838 175.3438 40.2175 227.5351 1.7031 0.4220 1.6852 -19.8099 1.7884 24.2059 -2.6187 -1.2568
Cyclist -1 -1 -2.2096 0.0000 168.5705 75.5013 241.9587 1.8051 0.7069 1.7177 -14.6246 1.6994 18.3135 -2.8765 -1.2726
Pedestrian -1 -1 -5.4724 902.9644 172.3378 937.7554 241.7102 1.4452 0.4727 0.4886 6.5436 1.4341 15.3436 -5.0768 -1.3590
Pedestrian -1 -1 -7.6674 660.7142 172.0401 677.1528 206.2247 1.8166 0.7307 0.8984 3.1405 1.7731 38.8732 -7.5879 -1.3842
Pedestrian -1 -1 -7.7569 685.7966 180.1412 698.4203 212.0888 1.4626 0.5395 0.4731 3.7663 1.8030 33.4503 -7.6464 -1.5068
Car -1 -1 -7.7212 8.7305 179.6833 87.2538 229.8828 1.5016 1.5884 3.5454 -18.6684 1.7471 24.0416 -8.3762 -1.5352
Pedestrian -1 -1 -8.2694 745.4804 172.4052 768.5098 211.0555 1.6964 0.6733 0.9628 6.5134 1.6764 32.2112 -8.0722 -1.8568
Pedestrian -1 -1 -6.2981 711.8568 168.7917 722.3528 205.9337 1.8996 0.5623 0.5253 5.4826 1.6916 37.2157 -6.1535 -1.8790
Car -1 -1 -5.3416 21.9171 177.5423 124.4275 214.6825 1.4953 1.5827 3.7860 -22.8774 1.7032 30.7084 -5.9779 -1.9128
Pedestrian -1 -1 -4.7424 581.6829 176.2194 588.7347 197.3051 1.8685 0.6095 0.6270 -2.2362 2.1700 64.3764 -4.7774 -1.9134
Car -1 -1 -7.9490 747.7819 157.2936 779.4343 188.6880 2.2468 1.8778 4.5654 11.4174 1.1329 54.0123 -7.7420 -1.9850
Car -1 -1 -3.8944 0.0000 177.1596 119.2174 374.0000 1.5611 1.6676 4.2113 -5.7636 1.6036 5.0691 -4.7177 -2.1693
