Cyclist -1 -1 -4.5885 881.1539 179.9769 911.0661 243.2054 1.4176 0.4996 1.4149 6.7338 1.5933 17.0859 -4.2196 1.7207
Pedestrian -1 -1 -7.5409 337.9426 174.0173 414.0195 327.2466 1.6530 0.5731 0.9059 -2.7074 1.6667 8.2447 -7.8498 0.7128
Cyclist -1 -1 -4.2632 907.6472 168.2513 961.5485 236.2088 1.6739 0.5296 1.8431 8.3193 1.5602 18.5726 -3.8486 0.5183
Pedestrian -1 -1 -7.9476 795.6841 168.6715 812.3943 208.9529 1.8666 0.6692 0.9537 9.0851 1.6724 33.9599 -7.6888 0.5092
Pedestrian -1 -1 -5.1024 726.9469 159.7162 774.6343 256.7938 1.8784 0.6241 0.9366 2.7597 1.6239 14.4835 -4.9188 0.3575
Pedestrian -1 -1 -5.1717 769.8977 159.3003 819.6393 257.1323 1.8722 0.6208 0.8875 3.5980 1.6125 14.3083 -4.9312 -0.1690
Pedestrian -1 -1 -7.8331 1081.6537 164.3939 1105.3899 214.2106 1.7855 0.7109 0.5013 17.5580 1.4820 26.2697 -7.2495 -0.1918
Pedestrian -1 -1 -5.6720 309.8625 169.5396 358.0843 269.3279 1.7165 0.6110 0.5452 -4.9338 1.6592 12.7750 -6.0342 -0.4742
Cyclist -1 -1 -5.2478 805.5614 174.7639 833.2673 211.3798 1.6930 0.5225 1.5862 9.8951 1.7856 34.2819 -4.9696 -0.5770
Pedestrian -1 -1 -7.8433 393.2822 176.4727 443.9522 325.2831 1.6256 0.5412 0.8438 -2.2727 1.6697 8.3804 -8.1015 -0.6729
Car -1 -1 -6.9404 847.8868 177.0515 942.9570 214.3400 1.4471 1.5385 3.3827 11.6047 1.6255 29.4914 -6.5694 -0.9353
Pedestrian -1 -1 -7.7575 668.6358 173.7644 685.5188 214.0531 1.8767 0.6970 1.1141 3.1484 1.9204 34.2502 -7.6672 -1.1152
Pedestrian -1 -1 -3.7879 756.4214 177.4787 776.4568 212.4026 1.7138 0.5580 0.8009 7.7513 1.9466 35.9420 -3.5777 -1.1378
Cyclist -1 -1 -4.0971 904.2122 170.0891 951.6499 231.1254 1.6618 0.4390 1.5004 8.8678 1.5862 20.2230 -3.6898 -1.3642
Pedestrian -1 -1 -4.0038 936.9584 164.8782 963.4255 215.8849 1.7777 0.5384 0.6750 11.9896 1.4994 25.5325 -3.5697 -1.6213
Pedestrian -1 -1 -7.9230 694.0930 176.8188 708.3392 212.6417 1.6973 0.6317 0.6601 4.3310 1.8891 34.6109 -7.8002 -1.6808
Pedestrian -1 -1 -7.6612 755.9058 176.2481 773.0399 213.8047 1.6802 0.6423 0.6976 6.9839 1.8363 32.8073 -7.4539 -1.8547
Pedestrian -1 -1 -4.7617 1042.1862 169.7575 1080.3939 273.1793 1.4844 0.4480 0.4791 6.6115 1.4397 10.6731 -4.2200 -1.9927
Cyclist -1 -1 -7.1887 798.4138 174.1447 831.4054 210.9596 1.7965 0.6400 1.7588 10.2014 1.8621 36.0422 -6.9156 -1.9986
Pedestrian -1 -1 -5.9275 858.6984 173.0388 884.2005 214.3011 1.6180 0.6207 0.7916 10.3869 1.6252 28.7891 -5.5850 -2.0614
Pedestrian -1 -1 -4.9426 959.0339 180.1286 989.4830 257.2457 1.3647 0.3981 0.4397 6.5418 1.4989 13.0764 -4.4884 -2.1086
Pedestrian -1 -1 -5.8084 682.2431 174.2919 699.3802 205.0735 1.7878 0.6124 0.8117 4.7163 1.8730 42.4307 -5.6989 -2.1736
