Car -1 -1 -8.4303 956.5052 181.2852 1068.0536 230.6056 1.5589 1.6942 3.4146 13.7536 1.5879 24.1605 -7.9170 2.6704
Car -1 -1 -8.5290 1030.6106 183.9758 1154.3903 230.2604 1.4311 1.6312 3.4458 16.3090 1.5577 23.9123 -7.9351 2.5302
Car -1 -1 -7.9445 601.2294 172.9172 635.9255 203.4579 1.5266 1.5088 3.4818 0.6553 1.1477 37.1323 -7.9253 1.5920
Pedestrian -1 -1 -5.2445 420.2404 162.6194 473.6314 250.8835 1.7952 0.7390 0.9214 -3.3951 1.4319 14.9699 -5.4612 1.2579
Pedestrian -1 -1 -5.2025 371.6612 157.8037 429.1740 254.4039 1.8571 0.7408 0.9732 -4.1588 1.4211 14.2001 -5.4796 1.0563
Pedestrian -1 -1 -5.1913 321.8564 161.4758 375.0863 243.8619 1.8000 0.7861 0.9588 -5.8731 1.3847 16.0626 -5.5337 0.9452
Car -1 -1 -5.3752 1096.2743 181.6722 1223.0000 229.9344 1.5329 1.6123 3.9635 19.2074 1.5771 24.5380 -4.7159 0.8809
Pedestrian -1 -1 -5.6645 725.4962 152.8235 837.6824 305.9215 1.8421 0.8845 1.1129 2.2392 1.5095 9.2172 -5.4323 0.8205
Pedestrian -1 -1 -5.4935 304.4532 157.2419 349.8949 231.1582 1.8994 0.5784 1.0028 -7.3622 1.3021 18.6381 -5.8621 0.5546
Pedestrian -1 -1 -5.0370 247.6961 157.8761 299.0065 248.5111 1.8509 0.7192 0.9764 -7.1041 1.3892 15.0406 -5.4683 0.5053
Pedestrian -1 -1 -6.6680 1134.0894 149.8000 1223.0000 349.2052 1.7913 0.6798 0.9120 5.7200 1.5159 6.8084 -5.9904 0.4660
Pedestrian -1 -1 -5.4126 278.5468 156.2321 329.5782 236.0359 1.8872 0.6383 1.0231 -7.3775 1.3137 17.2382 -5.8085 -0.0228
Pedestrian -1 -1 -1.9982 265.0226 155.2487 305.4178 231.6600 1.9083 0.5503 1.0916 -8.2886 1.2780 18.2260 -2.4166 -0.0862
Pedestrian -1 -1 -4.8172 334.1345 160.0830 371.2705 236.7838 1.8643 0.7816 1.0350 -6.4083 1.3683 17.8203 -5.1549 -0.1512
Pedestrian -1 -1 -1.9692 284.8512 158.2210 330.5222 245.8102 1.8460 0.6427 0.8499 -6.5349 1.3768 15.4292 -2.3606 -0.2677
Pedestrian -1 -1 -4.4524 519.4490 164.2905 531.0489 193.5366 1.9633 0.5365 1.0240 -5.4139 0.8752 48.0111 -4.5622 -1.3005
Pedestrian -1 -1 -7.6424 291.3312 155.4998 309.2218 193.9389 1.9309 0.6796 0.8076 -15.5180 0.6752 35.9783 -8.0445 -1.3382
Car -1 -1 -6.8383 816.5034 160.9731 893.8741 189.8591 1.5983 1.6648 3.8654 14.2435 0.5180 40.3493 -6.4997 -1.3761
Pedestrian -1 -1 -7.8071 260.8348 155.4216 273.8330 185.4151 1.7954 0.6752 0.7041 -20.4346 0.2943 42.7782 -8.2478 -1.4379
Pedestrian -1 -1 -4.5721 348.2662 160.2640 365.9543 203.4291 1.8916 0.6381 0.7731 -11.0362 1.0050 31.4258 -4.9048 -1.5547
Pedestrian -1 -1 -4.8046 312.3777 155.9448 327.5027 194.2304 1.9385 0.6522 0.8001 -14.6567 0.6954 36.3048 -5.1834 -1.6571
Pedestrian -1 -1 -7.6691 1185.4119 156.8764 1211.5319 199.6863 1.8115 0.7616 0.6171 25.4965 0.8121 30.4081 -6.9748 -1.7377
Pedestrian -1 -1 -3.9501 0.2838 213.9900 67.0636 326.4483 1.1574 0.3748 0.4198 -6.2196 1.5305 7.6404 -4.6113 -1.7848
Cyclist -1 -1 -4.9865 610.5682 170.6852 625.9097 197.0244 1.7247 0.6139 1.5955 0.8718 1.0821 47.1469 -4.9664 -1.8136
Pedestrian -1 -1 -4.4237 413.5059 181.0008 429.3958 218.8785 1.3691 0.4533 0.4425 -6.7246 1.3878 25.7927 -4.6740 -1.8656
Cyclist -1 -1 -8.0642 893.0238 164.3069 905.8182 194.1655 1.6227 0.3326 1.5602 16.3119 0.7428 39.2232 -7.6713 -1.8917
Pedestrian -1 -1 -8.0497 439.9553 170.5711 458.0366 207.5243 1.7238 0.7570 0.4680 -7.3803 1.2608 33.3485 -8.2638 -1.9134
Pedestrian -1 -1 -5.0615 878.3774 198.6183 908.8095 265.4103 1.1273 0.3561 0.4417 4.9592 1.4482 12.2814 -4.6850 -1.9209
Car -1 -1 -2.1264 332.0113 170.7283 392.1325 195.4953 1.5222 1.6607 4.2686 -15.6524 0.9217 45.4521 -2.4541 -2.1158
Car -1 -1 -5.0042 349.5410 170.4044 388.6892 191.4118 1.4939 1.6378 4.1509 -17.5292 0.7760 52.4508 -5.3231 -2.1256
