Car -1 -1 -8.4240 956.7541 180.8234 1068.9862 230.8256 1.5809 1.7268 3.4140 13.7550 1.5930 24.1301 -7.9101 2.7490
Car -1 -1 -8.5345 1029.9528 184.3046 1154.4590 231.0178 1.4427 1.6399 3.4561 16.3046 1.5814 23.9215 -7.9409 2.3874
Car -1 -1 -5.4351 1092.8612 183.4056 1223.0000 232.6506 1.5442 1.6615 4.0597 19.1895 1.6537 24.4947 -4.7754 1.8319
Car -1 -1 -7.9467 601.0302 173.0436 636.3127 203.4846 1.5207 1.5270 3.5472 0.6591 1.1484 37.1460 -7.9274 1.7105
Cyclist -1 -1 -4.1895 13.6603 163.0772 246.8809 369.0000 1.6762 0.5379 1.6410 -3.1856 1.5772 4.8608 -4.7387 1.5777
Pedestrian -1 -1 -5.3420 472.9894 163.8050 538.3537 263.2143 1.7714 0.7687 1.0016 -1.9100 1.4743 13.2266 -5.4803 1.3707
Pedestrian -1 -1 -4.8343 324.0358 159.0844 353.4013 231.4434 1.8438 0.6235 0.8677 -7.0298 1.2984 18.5449 -5.1892 1.1655
Pedestrian -1 -1 -4.6518 310.2585 156.1023 334.7580 217.5058 1.9190 0.6648 1.0275 -9.0897 1.1568 22.6881 -5.0262 0.7007
Pedestrian -1 -1 -4.6331 240.2146 155.3666 270.3997 223.2093 1.8467 0.6874 0.8410 -9.8021 1.1628 19.7624 -5.0852 0.6315
Pedestrian -1 -1 -4.8263 275.0740 160.1331 301.0793 223.2298 1.7498 0.5860 0.8580 -9.0639 1.1853 20.1261 -5.2416 0.4862
Pedestrian -1 -1 -4.5772 336.5495 157.7927 363.7561 220.2510 1.9033 0.6588 1.0740 -8.0041 1.2116 22.1385 -4.9177 0.4520
Pedestrian -1 -1 -4.6943 300.6820 157.2773 321.0989 220.6569 1.8753 0.5516 0.8765 -8.9432 1.1885 21.4287 -5.0825 0.4252
Pedestrian -1 -1 -8.8765 776.1761 155.6406 859.2204 293.1314 1.7976 0.6785 0.8784 2.8897 1.4730 9.7972 -8.5967 0.2253
Pedestrian -1 -1 -4.9394 280.3617 155.6372 319.1784 232.9455 1.8941 0.7044 0.9856 -7.7865 1.2853 17.9289 -5.3408 0.0226
Pedestrian -1 -1 -4.6046 206.9353 152.0264 237.6098 221.9015 1.8738 0.6503 0.8529 -10.5714 1.1106 19.4775 -5.0930 0.0160
Pedestrian -1 -1 -4.4245 280.9364 155.8461 313.4711 216.8329 1.8940 0.6849 1.0187 -9.8196 1.1287 22.5042 -4.8289 0.0065
Pedestrian -1 -1 -5.6366 812.9521 154.7104 893.7886 287.1456 1.8182 0.6321 0.9084 3.5417 1.4646 10.2605 -5.3120 -0.0696
Cyclist -1 -1 -4.5903 611.9106 170.4268 623.7561 196.3804 1.7003 0.5941 1.6428 0.8593 1.0404 47.1753 -4.5705 -0.6041
Car -1 -1 -8.3117 807.9518 159.6262 862.6085 188.2112 1.5821 1.5915 3.5698 13.2828 0.4269 41.0144 -7.9990 -1.0610
Cyclist -1 -1 -8.0107 1208.5168 171.7699 1223.0000 214.9266 1.7614 0.4653 1.8896 25.8866 1.4053 29.7827 -7.2989 -1.1844
Pedestrian -1 -1 -7.7115 328.4133 159.7406 343.4125 192.8246 1.8934 0.6981 0.8367 -15.5902 0.7054 40.9478 -8.0708 -1.4223
Cyclist -1 -1 -5.9543 0.0000 161.1958 76.5331 222.2772 1.7137 0.7438 1.7677 -16.5382 1.1724 20.4829 -6.6241 -1.4576
Pedestrian -1 -1 -5.2637 380.8308 165.4554 399.5930 199.4830 1.7799 0.6210 0.8096 -11.4040 0.9931 37.4857 -5.5548 -1.4871
Car -1 -1 -7.6716 479.0973 165.5278 505.8812 185.1878 1.6970 1.6466 4.0402 -9.9817 0.4046 63.0736 -7.8260 -1.6888
Pedestrian -1 -1 -4.4797 373.4998 184.0311 390.1815 223.2898 1.1495 0.3931 0.3810 -6.6449 1.2554 20.9423 -4.7807 -1.7901
Cyclist -1 -1 -8.1348 891.7742 163.9580 906.7994 193.7472 1.6166 0.3495 1.5451 16.2755 0.7190 39.1566 -7.7420 -1.8085
Pedestrian -1 -1 -4.6067 416.0709 181.8585 429.6821 216.6570 1.2566 0.4403 0.3986 -6.6689 1.3068 25.7777 -4.8552 -1.9193
Pedestrian -1 -1 -6.5303 788.8226 174.1867 806.3978 211.4310 1.7247 0.5317 0.6812 8.9684 1.4326 33.0143 -6.2659 -1.9720
Pedestrian -1 -1 -6.8091 769.0731 169.5960 787.7476 204.4432 1.8114 0.6449 0.7272 9.0959 1.2447 37.1651 -6.5694 -1.9928
Car -1 -1 -2.7187 364.6513 174.2113 467.1699 209.6634 1.5036 1.6427 4.0448 -8.3154 1.2371 31.1313 -2.9754 -2.0095
Pedestrian -1 -1 -3.9261 2.0834 218.1098 65.7072 326.9308 1.1187 0.3756 0.3800 -6.2082 1.5362 7.6273 -4.5872 -2.0575
Pedestrian -1 -1 -8.0522 367.7627 157.5927 380.2827 186.2942 1.9284 0.6533 0.8649 -15.6982 0.3893 48.0412 -8.3641 -2.0683
Car -1 -1 -5.0211 350.5870 170.4084 390.6435 191.8738 1.5308 1.6504 4.1583 -17.4647 0.8112 52.5926 -5.3381 -2.0827
Pedestrian -1 -1 -7.8669 309.1548 158.2549 321.8241 191.7119 1.9034 0.6681 0.6962 -16.6683 0.6380 40.6746 -8.2512 -2.1122
Car -1 -1 -6.5587 680.3315 169.3162 745.8932 194.2318 1.5511 1.6115 3.8345 6.8568 0.8550 45.0543 -6.4070 -2.1237
