Car -1 -1 -8.5319 1029.5322 184.5498 1154.5168 230.7494 1.4245 1.6496 3.4708 16.2923 1.5720 23.9146 -7.9385 2.5050
Car -1 -1 -8.4439 958.8513 181.3263 1070.6333 230.2422 1.5445 1.6513 3.4352 13.8363 1.5751 24.1587 -7.9279 2.0814
Car -1 -1 -5.4062 1095.1636 183.5840 1223.0000 232.0077 1.5223 1.5892 4.0028 19.1935 1.6383 24.5123 -4.7467 1.7799
Car -1 -1 -7.9262 601.9086 174.5901 635.2690 204.1375 1.4746 1.5025 3.3704 0.6559 1.1798 37.0079 -7.9069 1.6095
Pedestrian -1 -1 -6.0786 964.8164 148.7028 1080.8235 328.2041 1.8237 0.6543 0.9930 4.5222 1.5010 7.7561 -5.5667 1.0117
Pedestrian -1 -1 -8.3380 367.2848 162.7460 413.8176 243.6104 1.7900 0.6712 0.9224 -4.9651 1.3974 16.2160 -8.6279 0.9504
Pedestrian -1 -1 -2.4542 603.3087 155.7365 686.0441 282.9140 1.8314 0.7913 0.9835 0.5534 1.4752 10.8051 -2.4027 0.7800
Pedestrian -1 -1 -4.6214 281.1195 155.5339 313.7124 228.8424 1.8867 0.6969 1.0509 -8.2063 1.2444 18.8036 -5.0249 0.6536
Pedestrian -1 -1 -6.1532 1000.6399 149.0250 1096.8845 317.9529 1.8408 0.6272 0.8850 5.1064 1.4982 8.2253 -5.6131 0.4486
Pedestrian -1 -1 -4.7948 308.7010 156.8590 333.6409 224.7077 1.8862 0.5952 0.8638 -8.1417 1.2293 20.1748 -5.1711 0.4429
Pedestrian -1 -1 -5.0361 321.6198 160.4704 366.0477 246.0049 1.8174 0.6612 0.9295 -5.8088 1.3921 15.5922 -5.3842 0.2462
Pedestrian -1 -1 -4.7970 363.5438 159.8884 380.3244 200.7119 1.9198 0.6871 0.9534 -11.1738 0.9507 33.8238 -5.1114 0.2321
Pedestrian -1 -1 -4.5845 269.6837 155.0089 298.6520 224.7325 1.9076 0.6239 0.9286 -9.0481 1.2105 19.8787 -5.0038 0.1424
Pedestrian -1 -1 -5.1483 255.5197 159.9273 297.5341 236.7274 1.7962 0.6344 0.8211 -7.9616 1.3154 17.0443 -5.5763 0.0738
Pedestrian -1 -1 -4.8415 216.9048 157.3979 252.7379 238.8961 1.8568 0.6441 0.8916 -8.7695 1.3308 16.6588 -5.3163 -0.0829
Pedestrian -1 -1 -4.6955 328.5709 159.0004 359.2817 229.3384 1.8743 0.7707 1.0380 -7.2103 1.3017 19.4566 -5.0432 -0.1245
Pedestrian -1 -1 -4.8898 293.0883 161.7878 324.6783 235.0627 1.7634 0.5924 0.8074 -7.3813 1.3134 17.5149 -5.2803 -0.1261
Car -1 -1 -7.9475 617.2393 171.9458 667.7810 214.7772 1.6189 1.6654 4.1211 1.4293 1.2958 28.8187 -7.8968 -1.0408
Cyclist -1 -1 -7.8195 898.3431 164.8882 905.7867 195.7852 1.6797 0.3303 1.5778 16.4698 0.8311 39.2247 -7.4232 -1.0610
Cyclist -1 -1 -2.4486 227.4794 162.2724 265.8422 198.6695 1.8636 0.7015 1.7329 -18.6335 0.9305 36.7405 -2.9126 -1.0629
Cyclist -1 -1 -2.8105 4.7126 163.4339 81.2893 226.3267 1.7750 0.6144 1.6284 -16.3105 1.2937 20.5101 -3.4729 -1.2785
Pedestrian -1 -1 -7.5839 439.0720 169.2110 458.0624 206.5232 1.7454 0.7711 0.4907 -7.3949 1.2175 33.3405 -7.7984 -1.5343
Car -1 -1 -2.5413 367.5458 173.4862 463.9497 209.5708 1.5162 1.6295 3.8567 -8.3469 1.2217 31.1239 -2.7990 -1.5541
Pedestrian -1 -1 -4.0182 1.9906 212.9078 68.4984 325.3391 1.1616 0.3782 0.4194 -6.2061 1.5223 7.6455 -4.6781 -1.7384
Pedestrian -1 -1 -5.8066 0.0000 155.8469 21.4936 230.1127 1.8312 0.5519 0.3657 -15.0581 1.2237 17.7428 -6.4996 -2.0151
Pedestrian -1 -1 -8.5135 779.5052 174.1124 800.9470 214.8710 1.6796 0.5560 0.6970 7.7161 1.4166 29.5667 -8.2592 -2.0629
Pedestrian -1 -1 -5.2590 877.0850 196.0045 911.0795 264.6200 1.1557 0.3606 0.4535 4.9665 1.4309 12.2780 -4.8818 -2.0687
Pedestrian -1 -1 -8.8681 1196.3041 178.6914 1217.2357 214.4235 1.8570 0.6654 0.5722 31.5740 1.7632 37.1202 -8.1661 -2.0750
Car -1 -1 -8.2091 809.5000 162.8476 861.3981 192.8351 1.6639 1.6369 3.8164 13.3395 0.6845 41.1725 -7.8963 -2.1116
Car -1 -1 -8.3444 955.6982 162.4666 1020.8940 196.1324 1.7171 1.6306 3.4210 20.3837 0.7975 37.7754 -7.8515 -2.1386
Pedestrian -1 -1 -6.8067 635.1011 168.7745 645.5872 188.2981 1.8036 0.4841 0.8446 3.3060 0.7203 65.7248 -6.7549 -2.1949
