Car -1 -1 -8.4235 957.2769 181.9877 1068.1329 230.8677 1.5420 1.6937 3.3989 13.7654 1.5967 24.1542 -7.9097 2.7037
Car -1 -1 -8.5408 1029.0333 184.0842 1155.0841 230.9235 1.4459 1.6444 3.5029 16.2985 1.5766 23.9246 -7.9474 2.4343
Car -1 -1 -5.4206 1094.8915 183.2091 1223.0000 232.2673 1.5436 1.6217 3.9827 19.2006 1.6454 24.4982 -4.7606 1.7662
Pedestrian -1 -1 -5.3184 412.7347 157.4662 485.5728 273.5804 1.8354 0.7451 1.0097 -2.6525 1.4717 11.7928 -5.5321 1.3752
Cyclist -1 -1 -5.0733 600.6143 152.4699 651.2023 229.2699 2.0885 0.8392 1.8637 0.5337 1.3266 20.2457 -5.0457 1.3632
Pedestrian -1 -1 -4.5363 262.8971 157.5375 290.4492 217.3980 1.8909 0.6538 0.9161 -10.6399 1.1658 22.8595 -4.9647 1.1785
Pedestrian -1 -1 -5.3543 469.7485 156.6319 539.7272 264.7815 1.8594 0.8087 1.0136 -1.8670 1.4494 12.8010 -5.4939 0.9991
Pedestrian -1 -1 -5.9151 685.6330 150.8644 784.8088 302.3242 1.8617 0.7485 1.0884 1.6615 1.4978 9.2919 -5.7422 0.6299
Pedestrian -1 -1 -2.2686 491.9788 152.0039 577.1018 296.2940 1.8369 0.6928 0.9601 -1.0126 1.4745 9.5845 -2.3686 0.6273
Pedestrian -1 -1 -5.4378 588.9683 155.6857 658.0366 284.1263 1.8476 0.6450 0.8462 0.2237 1.4911 10.7023 -5.4157 0.2028
Pedestrian -1 -1 -5.7017 723.6127 150.3521 804.0127 291.8864 1.8890 0.6364 0.9073 2.1850 1.4871 9.9833 -5.4911 0.1076
Car -1 -1 -7.9803 598.4194 173.1595 636.9943 202.8520 1.4877 1.5831 3.6591 0.6074 1.1201 37.3314 -7.9625 0.0555
Pedestrian -1 -1 -2.3560 552.2552 154.1206 624.8967 290.3178 1.8537 0.6067 0.8655 -0.2911 1.4951 10.1413 -2.3820 -0.0469
Pedestrian -1 -1 -4.4475 242.9984 152.6796 267.9128 199.6144 1.9224 0.6900 1.0056 -14.6098 0.7831 29.5189 -4.9008 -0.1206
Pedestrian -1 -1 -5.0334 405.2804 156.2025 459.4923 259.9325 1.8791 0.6906 1.1071 -3.3445 1.4393 13.4610 -5.2696 -0.1507
Pedestrian -1 -1 -5.5676 435.5901 155.7565 499.3383 255.8721 1.9091 0.6269 1.1012 -2.7759 1.4376 14.0303 -5.7568 -0.1858
Pedestrian -1 -1 -4.5622 192.4931 152.7907 214.1736 199.3061 1.9464 0.7274 0.5207 -17.0390 0.7871 29.9582 -5.0728 -0.5608
Pedestrian -1 -1 -4.6051 274.6919 152.5273 294.6506 199.3300 1.9435 0.6696 0.9332 -13.5680 0.7822 29.9080 -5.0251 -0.7061
Cyclist -1 -1 -7.7700 509.0602 165.9241 522.7023 201.3719 1.8295 0.5632 1.8210 -4.7227 1.0773 37.4116 -7.8928 -1.0442
Car -1 -1 -2.9606 423.2300 172.2906 488.1747 197.7855 1.5678 1.6173 3.7530 -9.3291 1.0631 44.3325 -3.1648 -1.1467
Pedestrian -1 -1 -3.6414 474.0647 169.6808 489.9903 198.0462 1.7418 0.5617 0.8034 -7.6404 1.0775 43.8875 -3.8108 -1.1680
Pedestrian -1 -1 -8.1649 443.7888 168.6991 463.8170 206.0545 1.7430 0.8083 0.5122 -7.1669 1.1926 33.4138 -8.3725 -1.3135
Car -1 -1 -6.8537 816.9951 162.2126 893.7718 191.2024 1.6031 1.6614 3.8412 14.2561 0.5920 40.3485 -6.5148 -1.3187
Cyclist -1 -1 -4.9381 1205.5325 171.5843 1223.0000 215.3349 1.7822 0.4856 1.9576 25.8588 1.4192 29.7805 -4.2269 -1.5726
Car -1 -1 -7.5703 278.6579 170.5086 327.4707 198.6590 1.4888 1.5537 3.5251 -16.7045 0.9605 39.2338 -7.9681 -1.5744
Cyclist -1 -1 -7.4391 204.1826 164.1771 231.7225 200.9322 1.6277 0.4222 1.7552 -17.6342 0.9050 32.2037 -7.9340 -1.7386
Car -1 -1 -7.6611 479.2158 164.4970 506.2246 183.1922 1.6144 1.6355 4.0038 -9.9639 0.2324 63.0902 -7.8151 -1.7489
Pedestrian -1 -1 -5.0097 878.7842 197.5879 908.6062 265.5353 1.1460 0.3562 0.4612 4.9650 1.4494 12.2920 -4.6331 -1.7903
Pedestrian -1 -1 -3.9332 0.0378 212.8437 66.8524 325.6958 1.1617 0.3763 0.4177 -6.2213 1.5220 7.6392 -4.5947 -1.7935
Pedestrian -1 -1 -8.1059 612.4328 170.3568 624.1274 197.3836 1.7850 0.6207 0.7146 0.8792 1.1151 47.1156 -8.0857 -1.8600
Cyclist -1 -1 -7.8317 897.9467 164.1332 905.2913 194.1070 1.6389 0.3466 1.5759 16.5405 0.7441 39.4515 -7.4358 -1.8771
Pedestrian -1 -1 -3.9573 957.0592 162.8497 977.3174 196.6770 1.7381 0.4939 0.8414 18.7831 0.8313 36.7034 -3.4861 -1.8951
Cyclist -1 -1 -5.3594 3.8423 159.5405 66.7763 221.2482 1.7526 0.6019 1.5815 -16.6085 1.1576 20.5710 -6.0292 -1.9284
Cyclist -1 -1 -2.6979 226.7428 165.4153 266.6547 201.2323 1.7331 0.6373 1.6248 -17.5178 1.0034 34.5481 -3.1616 -2.0991
Pedestrian -1 -1 -6.8505 1179.3907 169.7657 1211.3540 213.3264 1.8624 0.6231 0.8605 25.5103 1.4037 30.5917 -6.1590 -2.1192
Pedestrian -1 -1 -8.2459 1025.5635 150.2705 1043.0680 181.4673 1.8674 0.6893 0.6949 25.9246 0.0580 42.7191 -7.7020 -2.1961
