Car -1 -1 -8.4262 957.2775 180.9219 1067.9238 229.6729 1.5440 1.6975 3.3734 13.7640 1.5597 24.1556 -7.9124 2.7285
Car -1 -1 -7.9246 602.2668 174.0488 635.0138 203.5219 1.4707 1.4771 3.3329 0.6591 1.1489 36.9828 -7.9052 1.6920
Car -1 -1 -8.4866 1032.6851 185.6325 1153.9319 230.9785 1.3948 1.6181 3.4617 16.3307 1.5813 23.9058 -7.8920 1.4571
Pedestrian -1 -1 -8.3973 406.1385 164.6493 451.5134 247.2986 1.7518 0.7342 0.6500 -3.8997 1.4162 15.4757 -8.6375 1.3740
Pedestrian -1 -1 -4.7701 266.3659 155.6609 294.9112 229.2284 1.8856 0.6367 0.9644 -8.6233 1.2492 18.6968 -5.1939 1.2282
Pedestrian -1 -1 -5.7934 683.7205 155.7336 777.3868 296.7774 1.8110 0.7602 1.0295 1.6684 1.4934 9.6938 -5.6267 1.2034
Pedestrian -1 -1 -4.9191 331.3111 158.2653 371.3052 233.7462 1.8976 0.7868 1.0462 -6.6590 1.3389 18.4262 -5.2586 1.2026
Car -1 -1 -5.4331 1091.6984 185.9579 1223.0000 232.4335 1.4416 1.6604 4.0141 19.1098 1.6466 24.4686 -4.7749 1.0189
Pedestrian -1 -1 -5.2387 346.3739 159.9604 407.1947 251.6854 1.8159 0.7697 1.0662 -4.7746 1.4096 14.6411 -5.5458 0.8956
Pedestrian -1 -1 -5.2707 307.1202 159.9439 350.5953 239.2310 1.8044 0.5635 0.8961 -6.5221 1.3369 16.5854 -5.6370 0.1539
Pedestrian -1 -1 -6.0509 1078.7361 146.7667 1215.1261 345.5551 1.8185 0.6561 0.9648 5.3317 1.5104 7.0478 -5.4231 0.0413
Pedestrian -1 -1 -6.0201 1100.9596 146.3629 1223.0000 335.2259 1.8418 0.6069 0.9588 5.8463 1.5093 7.4597 -5.3742 -0.0934
Pedestrian -1 -1 -4.7069 304.8349 157.6209 331.7927 229.0226 1.8704 0.6590 0.9886 -7.7771 1.2714 19.1017 -5.0859 -0.1534
Pedestrian -1 -1 -5.0282 274.2804 156.2068 317.0434 242.4571 1.8758 0.6501 0.8623 -7.0104 1.3478 15.9153 -5.4339 -0.1764
Pedestrian -1 -1 -4.8837 281.6596 158.7831 316.1932 235.2601 1.8630 0.6641 0.8560 -7.7355 1.3343 17.7632 -5.2861 -0.3338
Pedestrian -1 -1 -7.5784 350.5966 160.7651 369.8349 202.8000 1.8933 0.6739 0.6544 -11.1629 1.0046 32.1909 -7.9073 -0.4893
Pedestrian -1 -1 -4.9820 231.4003 155.0719 275.9593 244.6316 1.8939 0.6583 0.9246 -7.7583 1.3565 15.5161 -5.4357 -0.6838
Cyclist -1 -1 -2.7802 0.0000 162.9877 75.1993 225.0063 1.7530 0.6051 1.6159 -16.4894 1.2583 20.5178 -3.4478 -1.0739
Cyclist -1 -1 -3.1187 225.5314 164.0443 260.8798 200.3110 1.7413 0.5885 1.5226 -17.6800 0.9514 34.5420 -3.5861 -1.2206
Car -1 -1 -8.2366 809.5483 161.5454 861.3330 191.5667 1.6637 1.6147 3.6155 13.3012 0.6134 41.0426 -7.9237 -1.4057
Pedestrian -1 -1 -4.9596 840.0866 193.4317 864.8950 252.2175 1.1580 0.3680 0.4597 4.9478 1.4240 14.2795 -4.6313 -1.5844
Cyclist -1 -1 -4.7504 524.8173 166.9131 534.1025 193.2098 1.8563 0.5897 2.0691 -5.4513 0.8972 50.9771 -4.8545 -1.6321
Pedestrian -1 -1 -3.9944 0.0000 209.2182 67.8214 325.8067 1.2037 0.3839 0.4461 -6.2306 1.5243 7.6484 -4.6560 -1.6830
Car -1 -1 -4.2944 598.3015 173.2574 651.7110 200.0229 1.4976 1.6404 4.0623 1.2265 1.0925 41.7476 -4.2635 -1.7741
Pedestrian -1 -1 -8.0211 1207.8055 169.8145 1223.0000 214.1981 1.8388 0.5711 0.8259 25.8337 1.3963 29.7935 -7.3105 -1.8026
Cyclist -1 -1 -4.3992 609.3329 169.5718 625.4640 195.9329 1.7266 0.6005 1.6375 0.8316 1.0109 47.1816 -4.3800 -1.8837
Cyclist -1 -1 -8.2229 891.8582 163.1146 909.2010 194.1583 1.6829 0.3284 1.5949 16.3322 0.7406 39.1313 -7.8286 -2.1253
Pedestrian -1 -1 -5.4447 1077.9536 205.4519 1129.7695 299.0417 1.1363 0.3717 0.3836 6.2306 1.4589 8.9146 -4.8496 -2.1877
