Car -1 -1 -8.4164 956.7920 180.2415 1069.0320 230.2936 1.5859 1.7478 3.4136 13.7672 1.5780 24.1497 -7.9024 2.5490
Car -1 -1 -8.5344 1029.5546 184.3029 1155.7697 231.1625 1.4450 1.6680 3.4919 16.3069 1.5835 23.9076 -7.9405 2.4670
Car -1 -1 -5.4240 1092.4694 183.9503 1223.0000 232.2036 1.5087 1.6406 4.1368 19.1940 1.6389 24.5162 -4.7646 1.9485
Car -1 -1 -7.9587 600.6218 172.9708 636.5840 203.1599 1.5080 1.5239 3.5280 0.6551 1.1321 37.1415 -7.9395 1.7039
Pedestrian -1 -1 -5.3554 496.2227 161.8142 569.0607 267.1931 1.8148 0.8583 1.0510 -1.3684 1.4934 12.8537 -5.4571 1.3486
Pedestrian -1 -1 -4.9319 326.0184 159.2421 361.2639 234.5653 1.8625 0.6647 0.9118 -6.7171 1.3372 18.0463 -5.2806 1.1987
Pedestrian -1 -1 -4.9099 287.3115 155.5578 323.4005 234.9386 1.8985 0.6565 0.9276 -7.4544 1.3023 17.4783 -5.3046 1.0041
Pedestrian -1 -1 -5.6454 845.2877 151.8449 926.4717 292.6052 1.8474 0.5752 0.8741 3.8301 1.4717 9.8029 -5.2821 0.8630
Pedestrian -1 -1 -8.9388 800.2226 152.3788 888.0724 298.3711 1.8249 0.5913 0.9373 3.1120 1.4738 9.3799 -8.6267 0.7386
Pedestrian -1 -1 -4.6835 210.2251 154.3828 240.2462 227.0022 1.8913 0.6772 0.9571 -10.2294 1.2114 18.9935 -5.1687 0.7009
Pedestrian -1 -1 -4.5208 331.7912 155.9954 363.4538 220.8747 1.9430 0.7332 1.0035 -7.9329 1.2095 21.7265 -4.8643 0.3583
Pedestrian -1 -1 -4.6621 240.9388 155.8201 273.1694 225.8396 1.8543 0.7349 1.0158 -9.5406 1.2010 19.3350 -5.1121 0.3565
Pedestrian -1 -1 -4.7750 277.4227 158.7836 303.4543 226.3157 1.8247 0.6091 0.9273 -8.7889 1.2382 19.6558 -5.1875 -0.0174
Cyclist -1 -1 -4.7727 1209.8313 171.3581 1223.0000 214.5421 1.7613 0.5239 1.9731 25.8691 1.3887 29.7819 -4.0613 -0.3820
Pedestrian -1 -1 -4.2520 302.7768 154.8388 337.7389 217.9892 1.9322 0.6390 0.9932 -8.9466 1.1473 22.1550 -4.6289 -0.4716
Pedestrian -1 -1 -4.6900 287.2484 155.3056 309.2779 218.5488 1.9101 0.6008 0.9354 -9.5286 1.1494 21.9001 -5.0932 -0.8874
Cyclist -1 -1 -4.4508 609.4943 169.3097 625.9130 196.4902 1.7698 0.6441 1.8109 0.8498 1.0412 46.9963 -4.4311 -0.9232
Car -1 -1 -8.2820 810.3100 160.5737 863.8824 188.9185 1.5702 1.6154 3.5512 13.3918 0.4665 41.0243 -7.9670 -0.9741
Cyclist -1 -1 -7.9388 377.7400 165.8377 388.8426 201.0241 1.7914 0.4121 1.7264 -11.5853 1.0451 36.8749 -8.2390 -1.1115
Car -1 -1 -6.5370 682.0270 170.1166 746.0824 194.8583 1.5412 1.6136 3.7455 6.9122 0.8945 45.0355 -6.3841 -1.1716
Pedestrian -1 -1 -4.8235 327.3813 159.7493 341.1154 193.6263 1.9120 0.6574 0.7358 -15.4781 0.7410 40.3834 -5.1850 -1.2184
Pedestrian -1 -1 -4.8713 297.9044 156.1907 326.0113 221.7466 1.9001 0.6567 0.7984 -8.7464 1.1958 21.0047 -5.2586 -1.2237
Cyclist -1 -1 -8.1378 891.2356 164.0408 906.8311 194.1103 1.6312 0.3730 1.5536 16.2575 0.7385 39.1480 -7.7453 -1.8733
Pedestrian -1 -1 -3.8724 0.1935 211.5454 68.4802 326.0290 1.1772 0.3764 0.4353 -6.2221 1.5244 7.6522 -4.5331 -1.8950
Pedestrian -1 -1 -6.7046 769.1458 170.9658 787.7733 205.0534 1.7734 0.6441 0.7525 9.0988 1.2775 37.1685 -6.4649 -1.8974
Pedestrian -1 -1 -7.6744 33.6134 172.0615 59.9483 221.2880 1.4898 0.5707 0.3992 -17.1687 1.2347 21.7072 -8.3346 -1.9542
Car -1 -1 -2.6392 368.0496 173.8730 468.3742 209.6089 1.5095 1.6382 3.9789 -8.2316 1.2298 31.1491 -2.8933 -2.0789
Cyclist -1 -1 -8.1094 953.2039 165.5841 967.6951 196.3020 1.6807 0.3323 1.5706 19.8304 0.8647 39.4891 -7.6456 -2.1272
Pedestrian -1 -1 -4.4894 415.6004 183.0394 429.8636 217.2815 1.2369 0.4273 0.3894 -6.6723 1.3304 25.7696 -4.7380 -2.1297
Pedestrian -1 -1 -7.9892 878.3727 171.6520 900.6313 229.4323 1.7419 0.5446 0.6701 8.6916 1.4755 21.7065 -7.6118 -2.1430
