Car -1 -1 -8.4167 957.1837 181.2679 1068.2329 230.5924 1.5600 1.7276 3.3785 13.7600 1.5883 24.1445 -7.9029 2.7637
Car -1 -1 -8.5276 1030.4777 184.4243 1154.2393 230.7461 1.4303 1.6367 3.4429 16.3060 1.5732 23.9148 -7.9339 2.5022
Car -1 -1 -5.4196 1093.5050 183.4078 1223.0000 232.0142 1.5242 1.6534 4.0923 19.2064 1.6338 24.5029 -4.7596 1.7866
Car -1 -1 -7.9302 602.2941 173.6828 635.8633 203.3505 1.4803 1.4982 3.4025 0.6812 1.1403 37.0191 -7.9103 1.6773
Pedestrian -1 -1 -5.3647 506.8176 160.9243 582.8868 268.7382 1.8210 0.8720 1.0898 -1.1294 1.4908 12.6390 -5.4499 1.0576
Pedestrian -1 -1 -4.7039 278.7727 160.5658 303.2582 227.7038 1.7922 0.6015 0.8615 -8.6410 1.2604 19.3887 -5.1152 0.9307
Pedestrian -1 -1 -8.2796 325.6337 159.4939 366.5613 236.5888 1.8739 0.6372 0.9375 -6.5425 1.3637 17.7444 -8.6252 0.5121
Pedestrian -1 -1 -4.6242 332.5604 157.9515 362.4132 223.6387 1.9327 0.7553 1.0554 -7.8216 1.2696 21.4094 -4.9679 0.3936
Pedestrian -1 -1 -4.7231 243.3544 156.8292 270.8894 227.6982 1.8567 0.6527 0.8411 -9.4105 1.2369 19.0464 -5.1735 0.3821
Pedestrian -1 -1 -5.6371 812.5110 153.6478 912.7919 303.0545 1.8184 0.6613 1.0377 3.2898 1.4920 9.2205 -5.3035 0.2961
Pedestrian -1 -1 -4.5040 374.1270 162.3190 391.3729 200.0658 1.9089 0.6332 1.0797 -11.4281 0.9896 36.3226 -4.8045 0.1081
Pedestrian -1 -1 -4.7672 293.7549 157.6739 318.6396 224.5208 1.9014 0.6264 0.8727 -8.7653 1.2525 20.6407 -5.1614 -0.1832
Pedestrian -1 -1 -5.6538 855.7928 153.9918 939.7856 295.4495 1.8155 0.5739 0.8842 3.9107 1.4757 9.6015 -5.2767 -0.2776
Pedestrian -1 -1 -4.0234 295.9955 155.0882 335.8065 219.3331 1.9356 0.6381 1.0171 -8.9731 1.1703 21.8835 -4.4055 -0.3116
Cyclist -1 -1 -8.0067 1209.1801 171.8998 1223.0000 214.6231 1.7479 0.4325 1.7946 25.8964 1.3962 29.8015 -7.2951 -0.3343
Pedestrian -1 -1 -4.9553 292.8471 158.6098 330.5750 239.1174 1.8942 0.6418 0.9537 -7.1864 1.3795 17.2099 -5.3425 -0.3666
Pedestrian -1 -1 -4.7102 328.1261 159.2761 340.5720 193.5120 1.9227 0.6550 0.8930 -15.4126 0.7309 40.2408 -5.0715 -0.5327
Pedestrian -1 -1 -4.6681 213.1651 155.8669 241.3036 228.3877 1.8668 0.6209 0.6785 -9.9908 1.2330 18.6399 -5.1511 -0.6212
Car -1 -1 -7.1958 268.4074 168.5799 341.2845 198.2279 1.4757 1.5581 3.7405 -15.7267 0.8826 37.2023 -7.5908 -1.1715
Cyclist -1 -1 -2.7299 0.0000 162.2312 74.3965 224.9200 1.7730 0.6126 1.6450 -16.5206 1.2566 20.5029 -3.3987 -1.1881
Pedestrian -1 -1 -4.0376 0.5488 214.2139 67.0078 325.7093 1.1506 0.3753 0.4231 -6.2176 1.5256 7.6404 -4.6987 -1.5310
Pedestrian -1 -1 -3.5501 875.6940 173.5441 902.5453 229.9748 1.7402 0.7164 0.5379 8.8666 1.5260 22.1710 -3.1731 -1.6024
Pedestrian -1 -1 -4.2226 414.8633 184.9979 430.8028 218.3257 1.1997 0.4235 0.4008 -6.6670 1.3653 25.7618 -4.4711 -1.6505
Pedestrian -1 -1 -4.8304 281.7628 155.5203 307.5037 220.1966 1.9208 0.6219 0.8872 -9.4951 1.1792 21.5378 -5.2383 -1.8524
Car -1 -1 -2.5171 367.2561 173.5588 466.7510 209.9564 1.5264 1.6499 4.0369 -8.3029 1.2355 31.1472 -2.7733 -2.0428
Car -1 -1 -6.5113 682.0706 169.5639 747.2925 194.1765 1.5360 1.6165 3.8408 6.9554 0.8536 45.0740 -6.3576 -2.0687
Car -1 -1 -8.6399 1192.9446 159.0875 1223.0000 194.1942 1.7981 1.7279 4.2981 34.6493 0.7015 38.4062 -7.9084 -2.0997
Cyclist -1 -1 -4.3882 609.3774 169.2070 626.2688 195.8061 1.7392 0.6039 1.7363 0.8602 1.0009 47.1498 -4.3683 -2.1397
Pedestrian -1 -1 -5.8162 0.0000 155.2188 21.0605 228.6784 1.8126 0.5522 0.3704 -15.0811 1.1891 17.7565 -6.5095 -2.1525
Pedestrian -1 -1 -6.6434 767.2265 168.2167 785.8156 202.3515 1.7749 0.6379 0.7724 8.9868 1.1364 37.1283 -6.4062 -2.1927
