Car -1 -1 -8.4298 957.2489 181.8487 1068.5239 230.8853 1.5468 1.7016 3.3835 13.7639 1.5965 24.1400 -7.9158 2.7880
Car -1 -1 -8.5153 1031.5958 184.2407 1154.4658 230.6807 1.4353 1.6410 3.4241 16.3183 1.5713 23.8985 -7.9209 2.5684
Car -1 -1 -5.4140 1093.8766 183.4410 1223.0000 232.0885 1.5289 1.6069 4.0252 19.1743 1.6397 24.5136 -4.7550 1.8546
Pedestrian -1 -1 -5.0301 449.3019 154.4933 507.2169 266.9500 1.8873 0.7042 1.0893 -2.3042 1.4512 12.5125 -5.2060 1.2693
Car -1 -1 -7.8830 605.0461 172.9794 636.0773 202.6877 1.4850 1.5226 3.4904 0.7617 1.1092 37.0934 -7.8609 1.1684
Pedestrian -1 -1 -2.2264 473.2704 154.5818 550.8615 282.3629 1.8416 0.7533 0.9466 -1.4728 1.4685 10.7913 -2.3563 1.1613
Cyclist -1 -1 -4.4755 481.6972 168.6519 505.4309 208.9613 1.7229 0.6230 1.8087 -4.9187 1.2167 31.1480 -4.6288 1.1609
Pedestrian -1 -1 -7.4197 229.0339 156.8699 267.5941 223.0297 1.9080 0.5976 1.1277 -10.5969 1.2268 20.9626 -7.8798 1.0056
Pedestrian -1 -1 -5.3469 524.0550 153.3327 603.8024 272.1043 1.8696 0.8428 1.0988 -0.7447 1.4423 11.8214 -5.4064 0.9644
Cyclist -1 -1 -4.4905 524.0944 166.2818 545.3868 207.4296 1.8099 0.5533 1.9079 -3.1972 1.1847 32.0813 -4.5871 0.9528
Pedestrian -1 -1 -5.7136 581.9183 149.5843 688.0618 314.5155 1.8435 0.6819 1.0752 0.3044 1.4983 8.4893 -5.6773 0.8883
Cyclist -1 -1 -5.0782 676.7448 147.8237 738.2341 244.2587 2.0415 0.7567 1.8319 2.2323 1.3501 15.9455 -4.9401 0.8362
Pedestrian -1 -1 -5.6324 676.5739 154.0829 756.3785 294.7732 1.8067 0.6006 0.8881 1.4564 1.4679 9.6074 -5.4850 0.3060
Pedestrian -1 -1 -5.5018 636.3577 150.8039 726.0479 305.9187 1.8528 0.6620 0.9427 0.9094 1.4985 9.0195 -5.4030 0.0357
Pedestrian -1 -1 -6.0398 798.8568 143.6862 916.1837 318.3538 1.8828 0.6761 1.1620 2.8792 1.4864 8.2197 -5.7130 -0.1394
Pedestrian -1 -1 -5.7428 826.2245 145.3719 927.1440 309.3596 1.9089 0.6261 0.9939 3.3198 1.5004 8.8136 -5.3925 -0.1898
Pedestrian -1 -1 -4.1989 230.4361 152.6543 259.5684 201.4704 1.9145 0.6613 0.9322 -14.3826 0.8227 28.2110 -4.6638 -0.3431
Pedestrian -1 -1 -5.6032 496.6464 159.0413 552.2164 260.2610 1.8096 0.5228 0.8931 -1.5413 1.4263 13.1011 -5.7157 -0.4460
Pedestrian -1 -1 -4.5932 264.1611 153.3284 286.3490 202.2100 1.9196 0.6907 0.9789 -13.2348 0.8528 28.3379 -5.0238 -0.6496
Pedestrian -1 -1 -7.9688 192.5222 152.0700 213.1511 198.1184 1.9215 0.7000 0.5843 -17.0593 0.7354 29.9460 -8.4801 -1.0788
Cyclist -1 -1 -2.8550 0.0000 161.8259 77.2928 224.0872 1.7547 0.6186 1.6563 -16.4511 1.2287 20.5209 -3.5213 -1.0844
Car -1 -1 -8.0426 452.5676 167.9873 490.5300 193.8221 1.5933 1.6929 4.0365 -8.6908 0.8217 45.7942 -8.2270 -1.1300
Car -1 -1 -6.8941 819.5024 161.3715 892.5916 190.3840 1.6030 1.6172 3.6649 14.2945 0.5462 40.3359 -6.5543 -1.3338
Pedestrian -1 -1 -4.0660 0.5205 210.7849 68.0248 324.9440 1.1802 0.3811 0.4354 -6.2168 1.5176 7.6469 -4.7267 -1.5852
Pedestrian -1 -1 -4.8240 645.1397 161.5806 652.7074 186.1198 1.9964 0.5116 1.0033 3.6135 0.4572 58.0368 -4.7604 -1.6917
Pedestrian -1 -1 -7.5619 1206.1898 170.2136 1223.0000 214.7150 1.8449 0.5779 0.8563 25.8286 1.4187 29.7867 -6.8513 -1.7797
Cyclist -1 -1 -8.1690 891.4346 164.9392 906.9581 194.7019 1.6168 0.3262 1.5501 16.2864 0.7716 39.1954 -7.7763 -1.8587
Cyclist -1 -1 -7.7166 538.9838 172.4760 548.4725 200.1750 1.5785 0.3407 1.5356 -3.5653 1.1214 41.0699 -7.8008 -1.9284
Car -1 -1 -7.7170 261.1382 170.8064 303.5762 199.5856 1.4863 1.5870 3.7849 -17.5468 0.9858 38.5547 -8.1391 -2.0132
Pedestrian -1 -1 -4.3293 415.0315 180.9387 430.5144 216.0102 1.2661 0.4230 0.4108 -6.6691 1.2825 25.7627 -4.5778 -2.0474
Pedestrian -1 -1 -5.7844 258.5564 161.6557 272.5591 188.6687 1.8454 0.6112 0.6553 -23.3430 0.5581 48.6256 -6.2275 -2.0546
Pedestrian -1 -1 -7.4911 855.4796 156.0629 873.1422 194.5791 1.9494 0.6696 0.6327 13.2750 0.7127 36.2437 -7.1410 -2.1332
