Car -1 -1 -8.4291 956.9880 181.5804 1068.3801 230.0818 1.5318 1.7088 3.3844 13.7621 1.5716 24.1491 -7.9153 2.7361
Cyclist -1 -1 -5.0527 570.3529 161.0553 632.0214 244.3593 1.7965 0.8602 1.7976 -0.1616 1.3775 16.2398 -5.0607 2.4829
Cyclist -1 -1 -4.8790 511.4527 166.3205 563.3082 250.6370 1.6906 0.8226 1.7483 -1.5189 1.4066 15.1277 -4.9752 2.3232
Car -1 -1 -8.5003 1031.4525 185.4692 1152.5786 230.7076 1.3908 1.5969 3.4440 16.2749 1.5713 23.8855 -7.9069 1.5284
Cyclist -1 -1 -4.5194 472.0392 168.9844 493.4002 209.0342 1.7300 0.6172 1.7010 -5.4415 1.2327 31.3990 -4.6875 1.5060
Cyclist -1 -1 -4.8900 562.2270 169.3959 584.0630 213.4119 1.6901 0.5368 1.9189 -1.3097 1.2640 28.1441 -4.9343 1.4121
Car -1 -1 -7.9339 599.7830 174.5451 633.8850 203.8196 1.4609 1.5125 3.4438 0.5632 1.1639 37.0500 -7.9171 1.1389
Pedestrian -1 -1 -4.1781 91.8411 151.6486 149.6504 242.4864 1.9170 0.6387 0.9547 -10.5828 1.3085 15.4160 -4.7682 1.0589
Pedestrian -1 -1 -4.3089 235.5403 153.4675 270.4666 211.4323 1.9637 0.7159 1.0750 -12.2205 1.0482 24.5085 -4.7643 0.9297
Car -1 -1 -5.4546 1097.3103 185.5235 1223.0000 232.7389 1.4658 1.6071 3.8125 19.1444 1.6529 24.3332 -4.7929 0.7263
Pedestrian -1 -1 -5.7774 724.9960 151.5212 845.3917 329.5545 1.8133 0.7609 1.0599 1.9369 1.5185 7.8396 -5.5427 0.6219
Pedestrian -1 -1 -5.5047 629.3569 150.2044 729.6081 298.9611 1.8846 0.7878 1.1298 0.9509 1.5012 9.6438 -5.4079 0.5419
Pedestrian -1 -1 -5.6041 677.1951 148.5335 773.9326 290.7834 1.9143 0.8372 1.0916 1.6793 1.4845 10.2009 -5.4442 0.5307
Pedestrian -1 -1 -4.3726 205.0968 152.4691 237.2833 211.8579 1.9944 0.6728 1.0018 -13.2063 1.0533 24.2902 -4.8631 0.3592
Pedestrian -1 -1 -6.2416 1059.5295 127.2819 1223.0000 369.0000 1.8805 0.8030 1.0668 4.0902 1.5229 5.4015 -5.6195 0.1528
Pedestrian -1 -1 -6.2378 1120.2496 149.7163 1223.0000 358.8098 1.7566 0.6884 0.9277 5.2874 1.4984 6.5029 -5.5770 -0.1730
Pedestrian -1 -1 -2.8201 747.8202 153.0799 841.6376 308.1332 1.8201 0.5501 1.0087 2.3064 1.4987 8.8039 -2.5709 -0.2872
Pedestrian -1 -1 -4.4522 180.1335 154.4271 203.0273 200.4259 1.9366 0.7309 0.5221 -17.6287 0.8391 30.1153 -4.9753 -0.6024
Cyclist -1 -1 -2.7159 0.0000 162.2154 73.3808 223.9740 1.7472 0.6173 1.6135 -16.5284 1.2302 20.4965 -3.3851 -1.1257
Cyclist -1 -1 -7.8173 898.6617 163.5622 906.4369 195.0866 1.7116 0.3425 1.6022 16.4813 0.7921 39.1879 -7.4204 -1.4074
Cyclist -1 -1 -4.4494 229.9951 168.3243 251.3945 202.5538 1.6372 0.5589 1.4857 -17.8373 1.0550 34.6037 -4.9198 -1.5368
Pedestrian -1 -1 -6.0192 1084.0658 140.8732 1222.0471 369.0000 1.8082 0.5963 0.8124 4.5967 1.4994 6.0198 -5.3904 -1.5880
Pedestrian -1 -1 -3.9727 0.9711 213.7031 68.3139 326.3474 1.1598 0.3757 0.4277 -6.2100 1.5298 7.6421 -4.6331 -1.6773
Cyclist -1 -1 -4.4404 609.7729 168.4388 625.1042 195.1251 1.7472 0.5987 1.6577 0.8341 0.9576 47.1717 -4.4211 -1.7516
Pedestrian -1 -1 -4.2727 414.5943 182.9401 430.2126 216.7484 1.2185 0.4198 0.4010 -6.6807 1.3085 25.7546 -4.5218 -1.7607
Car -1 -1 -8.1907 810.3600 161.8547 860.7217 192.0093 1.6731 1.6294 3.7398 13.3300 0.6387 41.1186 -7.8777 -1.7728
Pedestrian -1 -1 -3.6504 423.8036 160.4340 440.7773 188.5571 1.9439 0.5935 0.9893 -12.0720 0.5569 49.4249 -3.8866 -1.7789
Car -1 -1 -8.0004 682.3031 166.5896 716.4191 192.9905 1.6504 1.6554 3.8618 6.1068 0.7809 46.1409 -7.8679 -1.7830
Pedestrian -1 -1 -7.6403 1206.6665 170.9427 1223.0000 215.2703 1.8369 0.6022 0.8341 25.8299 1.4411 29.7912 -6.9297 -1.9253
Pedestrian -1 -1 -4.3181 167.2540 198.2481 207.2780 282.7235 1.2264 0.3593 0.4779 -6.3259 1.5002 10.6335 -4.8399 -2.0165
Pedestrian -1 -1 -4.9837 879.0009 200.0921 907.4932 263.4697 1.0692 0.3570 0.4137 4.9574 1.4163 12.2909 -4.6076 -2.0167
Pedestrian -1 -1 -4.6674 645.5224 161.9500 652.6196 186.2445 1.9777 0.5371 1.0001 3.6336 0.4676 58.0849 -4.6035 -2.0361
