Car -1 -1 -8.4280 956.9103 181.0787 1067.3585 230.6055 1.5665 1.6881 3.3675 13.7370 1.5879 24.1353 -7.9147 2.6338
Car -1 -1 -8.5324 1031.8420 184.6362 1156.0570 231.1611 1.4315 1.6301 3.4384 16.3159 1.5817 23.8515 -7.9371 2.5047
Car -1 -1 -7.9326 601.4879 174.6375 634.7651 203.7614 1.4528 1.4804 3.3058 0.6318 1.1605 36.9633 -7.9140 1.5884
Car -1 -1 -5.4021 1095.5182 183.1578 1223.0000 231.1396 1.5140 1.5849 3.9686 19.2059 1.6141 24.5397 -4.7428 1.5590
Pedestrian -1 -1 -6.9297 10.2368 148.2745 92.4062 246.9503 1.8967 0.5811 1.1916 -11.1702 1.2776 14.2422 -7.5820 0.4772
Pedestrian -1 -1 -4.4224 0.0000 138.9671 36.1467 232.8002 1.9707 0.6022 1.1089 -13.0634 1.0988 15.4775 -5.1113 0.2790
Pedestrian -1 -1 -4.2057 31.7991 144.3158 96.3566 235.9918 1.9494 0.6423 1.1690 -11.9945 1.1803 15.6574 -4.8476 0.1013
Pedestrian -1 -1 -4.2679 415.7497 161.7594 435.2572 197.8333 1.9468 0.6523 1.0363 -9.8407 0.9356 38.7307 -4.5129 0.0199
Pedestrian -1 -1 -4.0776 179.3569 152.2030 203.6427 198.1469 1.9363 0.7229 0.5243 -17.6243 0.7439 30.0987 -4.6007 -0.8390
Pedestrian -1 -1 -6.2284 189.8459 155.3986 210.1780 197.4728 1.8271 0.6364 0.7411 -17.8625 0.7373 31.1542 -6.7426 -1.3113
Cyclist -1 -1 -5.5753 226.3903 164.6931 263.3811 200.7189 1.7272 0.5141 1.6726 -17.5131 0.9695 34.3484 -6.0412 -1.4191
Pedestrian -1 -1 -5.5185 640.4890 164.5825 653.4901 188.0645 1.9094 0.4682 1.0269 3.4548 0.6150 58.0279 -5.4576 -1.6075
Pedestrian -1 -1 -5.3378 16.6738 163.9317 47.8516 223.4582 1.6973 0.5384 0.4546 -16.6237 1.2252 20.4804 -6.0102 -1.6594
Pedestrian -1 -1 -4.2424 635.5010 169.0013 644.6081 189.1891 1.8621 0.5162 0.8499 3.2802 0.8013 65.7141 -4.1911 -1.7160
Pedestrian -1 -1 -4.7931 666.7716 185.3167 679.8965 221.7892 1.2119 0.4079 0.3877 2.2588 1.3752 23.7415 -4.6978 -1.7564
Car -1 -1 -7.5597 455.9267 167.4570 496.9176 195.3013 1.7117 1.6591 3.4020 -8.1888 0.9100 45.2515 -7.7358 -1.7731
Cyclist -1 -1 -8.0486 894.4973 164.4253 906.8287 195.5958 1.6913 0.3263 1.5810 16.3588 0.8192 39.1703 -7.6541 -1.8221
Pedestrian -1 -1 -4.2841 414.8533 182.3797 430.6399 217.8654 1.2796 0.4244 0.4107 -6.6697 1.3489 25.7607 -4.5327 -1.8270
Car -1 -1 -8.1603 468.3851 162.1543 501.6986 184.2959 1.9053 1.7290 4.2743 -10.7306 0.3266 63.1399 -8.3260 -1.9341
Pedestrian -1 -1 -5.2299 877.5922 197.9765 910.5130 265.2251 1.1327 0.3505 0.4487 4.9684 1.4428 12.2838 -4.8528 -2.0091
Pedestrian -1 -1 -4.0021 0.0060 207.7846 69.0892 326.1555 1.2225 0.3817 0.4456 -6.2094 1.5267 7.6412 -4.6625 -2.0241
Pedestrian -1 -1 -4.2079 169.3046 199.1441 211.1003 283.0714 1.2156 0.3576 0.4637 -6.2504 1.5011 10.5791 -4.7266 -2.0346
Pedestrian -1 -1 -7.8122 438.3127 170.4959 455.1077 207.7336 1.7308 0.7490 0.4713 -7.4421 1.2660 33.1616 -8.0292 -2.0854
Car -1 -1 -7.1868 1185.4038 181.2285 1223.0000 341.2122 1.4441 1.6086 3.8150 8.4652 1.4530 7.3178 -6.3486 -2.1146
Pedestrian -1 -1 -4.0300 344.1180 161.1452 358.8272 187.2339 2.0012 0.5912 0.9730 -19.6369 0.5165 54.7927 -4.3704 -2.1581
Pedestrian -1 -1 -4.0630 282.7090 168.4572 301.1466 201.0631 1.7137 0.7015 0.5559 -16.6239 1.0809 37.5132 -4.4752 -2.1679
