Car -1 -1 -8.4210 957.5714 180.9236 1069.8114 230.5164 1.5701 1.7438 3.4029 13.7997 1.5858 24.1586 -7.9062 2.6437
Car -1 -1 -8.5408 1029.3735 184.9334 1154.0109 231.0396 1.4198 1.6432 3.4403 16.2777 1.5812 23.9061 -7.9477 2.5920
Car -1 -1 -5.4061 1093.3618 184.7912 1223.0000 233.7270 1.5298 1.6565 4.0620 19.1875 1.6914 24.5221 -4.7470 1.4942
Pedestrian -1 -1 -7.0340 30.4216 147.4979 98.9626 243.5356 1.8971 0.5756 0.9883 -11.1084 1.2455 14.5041 -7.6751 1.3983
Pedestrian -1 -1 -3.5765 1135.8875 150.7997 1223.0000 323.9320 1.7920 0.6257 0.9954 6.4846 1.4850 7.7420 -2.8976 1.2956
Car -1 -1 -7.9817 599.8842 174.0991 636.3463 203.4120 1.4600 1.4874 3.3463 0.6281 1.1413 36.9604 -7.9632 1.2428
Pedestrian -1 -1 -4.4258 17.8605 146.0540 67.5602 236.9540 1.9024 0.6385 0.7886 -12.1803 1.1818 15.2810 -5.0866 0.1214
Pedestrian -1 -1 -4.2969 414.4802 161.3831 433.8039 197.7216 1.9436 0.6594 1.0194 -9.8247 0.9212 38.3747 -4.5437 -0.4995
Pedestrian -1 -1 -8.2867 1195.3777 175.9178 1218.1859 211.6658 1.8614 0.7609 0.5276 31.6157 1.6230 37.1722 -7.5846 -0.6797
Pedestrian -1 -1 -7.4831 179.4527 153.7138 203.0959 199.5342 1.9310 0.7316 0.5144 -17.6373 0.8024 30.1070 -8.0065 -0.6928
Pedestrian -1 -1 -3.6048 0.0000 148.9203 33.3111 235.3594 1.8088 0.6129 0.7837 -13.0259 1.1483 15.2776 -4.2985 -1.1070
Cyclist -1 -1 -5.5359 226.8055 163.1651 264.0727 199.9279 1.7598 0.5937 1.6557 -17.4921 0.9301 34.3603 -6.0012 -1.3069
Car -1 -1 -6.6981 879.2762 180.5133 1027.3951 232.4487 1.5348 1.6294 3.7513 10.5981 1.5355 21.7725 -6.2493 -1.5325
Cyclist -1 -1 -8.1775 892.9102 163.4163 909.2012 194.9129 1.7052 0.3340 1.6038 16.3450 0.7804 39.0913 -7.7826 -1.5931
Pedestrian -1 -1 -5.0735 1206.8104 193.9065 1223.0000 257.4229 1.3002 0.4467 0.4366 12.9897 1.5879 14.8734 -4.3646 -1.6641
Car -1 -1 -6.7987 818.1129 162.3702 893.9342 191.2031 1.5975 1.6621 3.7409 14.2763 0.5931 40.3204 -6.4592 -1.7075
Cyclist -1 -1 -7.8854 460.7659 172.0079 468.7187 204.8643 1.6098 0.3448 1.5606 -7.0533 1.1939 35.4417 -8.0784 -1.7774
Car -1 -1 -7.4339 457.4351 168.1641 502.8351 195.7749 1.7036 1.6329 3.3794 -7.9884 0.9425 45.4637 -7.6049 -1.8980
Pedestrian -1 -1 -3.9433 0.0000 209.8470 67.3238 326.3552 1.1997 0.3803 0.4349 -6.2227 1.5268 7.6361 -4.6051 -1.9565
Car -1 -1 -8.2561 956.5089 162.4322 1017.5969 196.9113 1.7564 1.6344 3.4667 20.3414 0.8362 37.8177 -7.7645 -2.0189
Cyclist -1 -1 -8.0620 1208.1257 175.9328 1223.0000 218.4562 1.7324 0.4845 1.8204 25.8769 1.5465 29.7183 -7.3494 -2.1055
Pedestrian -1 -1 -3.9928 167.9041 198.1637 212.5944 283.2952 1.2290 0.3568 0.4668 -6.2517 1.5003 10.5812 -4.5116 -2.1361
