Car -1 -1 -7.9958 702.4950 177.3026 804.7174 255.1661 1.4561 1.5713 4.0579 2.9435 1.5658 15.7855 -7.8157 7.9090
Car -1 -1 -7.5361 337.9899 181.7335 443.0421 248.4212 1.6433 1.6492 3.9809 -6.0910 1.9180 20.3303 -7.8242 7.8983
Car -1 -1 -4.1319 0.0000 203.1292 260.2935 359.9177 1.4474 1.5597 3.5928 -6.1455 1.9066 9.1534 -4.7101 6.7719
Car -1 -1 -4.5069 443.6884 182.8654 499.9524 219.4521 1.4344 1.6103 4.0497 -5.9861 1.8986 31.4428 -4.6940 6.0043
Car -1 -1 -3.5637 848.3740 154.4820 1064.1294 222.9565 1.6090 1.7268 4.5009 8.3776 1.1770 17.8407 -3.1314 5.5499
Car -1 -1 -4.5771 471.2157 179.5194 512.6401 211.7361 1.5285 1.5936 3.8043 -6.0310 1.8873 36.9508 -4.7383 4.8482
Car -1 -1 -4.5506 488.3223 180.4331 524.8192 206.7756 1.4160 1.5162 3.6711 -5.9681 1.8731 41.6991 -4.6923 4.6591
Car -1 -1 -3.7375 964.4108 129.3413 1241.0000 251.6857 1.8386 1.7214 4.0704 8.1529 1.1844 11.7050 -3.1411 4.1275
Car -1 -1 -4.5870 502.3080 178.2288 535.2255 203.2581 1.5525 1.6438 4.2625 -6.0286 1.9242 47.8023 -4.7122 2.5185
Car -1 -1 -4.0270 1080.5765 149.4684 1241.0000 291.7145 1.4978 1.6061 3.7598 7.9177 1.2513 8.6967 -3.3054 1.9361
Car -1 -1 -4.4073 281.9188 196.8043 401.1261 265.6253 1.3013 1.5452 3.6625 -6.1493 1.9204 16.8000 -4.7537 0.6960
Pedestrian -1 -1 -5.4945 112.7240 165.0984 144.9417 222.2285 1.8901 0.7001 0.5747 -16.2278 1.6332 24.2730 -6.0789 0.6487
Car -1 -1 -4.8214 518.9235 178.7400 546.0943 199.9349 1.5195 1.6365 3.9148 -5.9656 1.9847 54.9767 -4.9293 0.3622
Car -1 -1 -4.5128 721.0531 165.0027 761.8304 192.7536 1.6379 1.7056 4.1760 8.1798 1.1742 44.8414 -4.3338 0.3219
Pedestrian -1 -1 -7.6984 186.1897 169.9634 207.1808 215.2656 1.7558 0.6237 0.6389 -16.2922 1.6435 28.3740 -8.2158 0.2996
Pedestrian -1 -1 -7.7478 426.3753 175.9951 439.6298 207.5042 1.7403 0.6579 0.6079 -9.9121 1.9168 40.2667 -7.9881 0.0071
Car -1 -1 -4.9465 476.2729 169.0075 506.1664 188.8884 1.7281 1.7026 4.3060 -10.7625 1.3935 65.0330 -5.1101 -0.1901
Car -1 -1 -7.9632 712.6442 169.0463 743.1808 192.4952 1.5432 1.6406 3.8803 8.0095 1.2923 49.4642 -7.8039 -1.7937
