Car -1 -1 -4.5323 420.4404 186.7313 510.9776 246.3794 1.4350 1.7621 4.3155 -4.0202 1.8714 20.5353 -4.7239 7.8900
Car -1 -1 -4.3657 273.0250 196.5760 393.9509 261.0660 1.3380 1.6337 3.8339 -6.9069 2.0030 18.3110 -4.7222 6.4164
Car -1 -1 -7.9193 630.1304 177.8757 664.2590 208.0016 1.5596 1.6201 3.9801 1.9787 1.8518 40.0240 -7.8709 6.0903
Car -1 -1 -4.5704 483.4226 184.6749 532.2513 222.4819 1.4369 1.5478 3.4915 -4.2698 1.9611 30.2643 -4.7099 6.0353
Car -1 -1 -4.0645 0.0000 197.6551 174.7162 374.0000 1.5666 1.6276 3.9683 -6.5094 1.8933 7.4917 -4.7625 5.5134
Car -1 -1 -3.4201 723.9238 168.0749 830.2626 203.5063 1.5741 1.7090 4.4412 7.5542 1.3615 33.0335 -3.1976 3.3057
Car -1 -1 -3.3390 718.6229 160.7240 810.1380 197.7986 1.8082 1.7030 4.2156 7.6204 1.2163 36.0614 -3.1328 2.0821
Car -1 -1 -3.2391 695.6845 168.9751 771.7208 197.6475 1.6370 1.6842 4.2315 7.1433 1.4153 42.1807 -3.0729 0.0353
Car -1 -1 -4.7962 466.1604 173.3622 488.0476 190.5586 1.5132 1.6188 4.1553 -12.1757 1.5608 65.8391 -4.9786 -0.9365
Car -1 -1 -2.1396 349.5410 180.6482 408.0228 207.3790 1.5560 1.6592 3.8462 -14.4647 2.0615 44.9558 -2.4495 -1.1291
Cyclist -1 -1 -6.8500 797.6105 164.7251 838.7118 203.9813 1.7367 0.6749 1.6794 9.3267 1.3767 32.4837 -6.5732 -1.1358
Car -1 -1 -5.1335 903.6010 167.1622 961.7126 193.8212 1.4042 1.5503 3.6646 17.7056 1.1041 39.8430 -4.7183 -1.3048
Car -1 -1 -4.8239 383.1594 173.0683 407.7061 191.3416 1.5285 1.6060 3.9759 -18.6503 1.5474 62.5492 -5.1128 -1.5127
Cyclist -1 -1 -7.2554 384.1931 180.3296 408.1588 209.1152 1.6917 0.4368 1.8368 -13.0117 2.1553 43.8332 -7.5427 -2.0345
Car -1 -1 -3.1900 452.2765 182.6728 523.1022 210.0329 1.5024 1.6748 3.9634 -7.1345 2.0873 41.7583 -3.3586 -2.1090
Pedestrian -1 -1 -5.0810 946.1281 133.5585 993.9041 222.8885 1.9682 0.6249 1.0631 8.1390 1.1021 16.4533 -4.6290 -2.1247
