Car -1 -1 -4.3725 307.1897 187.5758 432.9823 260.9225 1.4956 1.6697 3.8517 -5.6862 1.8910 17.4446 -4.6838 7.3963
Car -1 -1 -4.4570 390.5625 185.8725 469.5368 238.0117 1.4558 1.5517 3.6358 -5.6578 1.9014 22.8888 -4.6972 7.1108
Car -1 -1 -4.5019 433.7787 184.7623 494.1410 225.7577 1.4087 1.5485 3.5712 -5.5639 1.8941 27.6324 -4.6993 5.7488
Car -1 -1 -4.5419 464.7604 182.5412 514.9422 215.4328 1.3862 1.6213 4.2126 -5.5909 1.8676 33.7646 -4.7053 5.5831
Car -1 -1 -4.5149 496.2060 179.1273 538.2493 208.1262 1.5360 1.6263 3.9918 -5.2718 1.9113 41.1514 -4.6420 4.9135
Car -1 -1 -7.1699 0.0000 199.2627 176.6394 374.0000 1.5770 1.6178 3.5859 -5.8309 1.8820 6.5286 -7.8788 3.0066
Car -1 -1 -4.8468 662.0944 168.4493 707.4601 205.4832 1.7159 1.6592 4.1772 3.5789 1.5115 35.5481 -4.7478 2.7869
Car -1 -1 -3.3811 790.1642 154.6416 904.6400 192.8810 1.5060 1.6587 4.1492 9.5491 0.7884 29.3923 -3.0701 2.2074
Car -1 -1 -7.0378 1126.2061 133.9425 1241.0000 174.1499 1.5433 1.6597 4.2811 23.1528 0.0494 28.6934 -6.3636 1.8152
Car -1 -1 -8.8564 0.0000 0.0000 1241.0000 374.0000 1.4913 1.6246 3.9665 3.1183 1.6235 1.9002 -7.9003 1.7601
Car -1 -1 -6.9308 1079.5083 137.4682 1204.6556 173.3294 1.5269 1.7067 4.2518 23.2004 0.0199 31.6150 -6.3020 1.6645
Car -1 -1 -6.5646 761.8936 160.4032 856.0201 194.4433 1.5807 1.6299 4.0229 9.3808 1.0022 34.3544 -6.3004 1.4677
Car -1 -1 -7.8994 660.6358 171.0106 693.1290 200.8734 1.6179 1.6507 3.9547 3.7276 1.5177 41.1029 -7.8101 1.4036
Car -1 -1 -2.7727 321.4943 168.7590 398.4666 194.1836 1.5642 1.6760 4.2492 -15.6933 1.3120 45.3070 -3.1046 1.2152
Car -1 -1 -4.7420 715.6145 172.9058 739.9280 195.6825 1.4576 1.4815 3.5595 7.7775 1.4609 48.0429 -4.5828 0.2009
Car -1 -1 -4.5378 527.2612 177.6174 565.1398 204.9266 1.5795 1.6434 4.1100 -3.9257 1.8875 44.5887 -4.6255 -0.0144
Car -1 -1 -6.9842 1054.2742 141.8469 1157.8318 175.5927 1.5587 1.6375 3.9422 23.5282 0.1262 34.3466 -6.3874 -0.1804
Car -1 -1 -8.0297 726.4020 171.2067 769.8672 199.6783 1.4382 1.5832 3.9923 7.2620 1.3547 38.4500 -7.8449 -0.3637
Car -1 -1 -7.8389 634.2526 171.6499 664.5781 202.5513 1.6719 1.6408 3.9051 2.2297 1.6065 41.0434 -7.7855 -0.5236
Car -1 -1 -4.1446 475.7371 167.8505 516.8066 189.1493 1.8766 1.7042 4.2130 -10.3553 1.4355 65.8460 -4.3003 -1.7694
Car -1 -1 -3.5970 650.4053 175.4431 743.5475 210.5989 1.4381 1.5705 3.6643 3.6927 1.5541 31.0631 -3.4803 -2.0848
Car -1 -1 -6.7948 786.6396 159.9505 877.3349 193.6415 1.4490 1.5710 3.5537 9.8348 0.8937 32.1832 -6.5010 -2.1265
Car -1 -1 -8.0414 739.2647 155.7625 783.3909 192.9652 2.1347 1.7870 4.5033 9.0534 1.1537 43.6667 -7.8386 -2.1576
