Car -1 -1 -4.2256 112.7477 197.8886 328.3392 314.3615 1.4928 1.6186 3.4233 -6.1219 1.9585 11.7106 -4.6986 7.6622
Car -1 -1 -4.3638 289.9141 193.4022 417.9482 267.0417 1.4485 1.6002 3.9856 -6.0228 1.9986 17.3198 -4.6944 7.6393
Car -1 -1 -8.0866 698.2388 178.0771 821.6224 263.5005 1.5494 1.6474 3.8886 2.9654 1.6742 15.3090 -7.8999 6.8863
Car -1 -1 -4.5115 403.4713 179.6792 475.7194 232.5012 1.6772 1.6662 4.2680 -5.9901 1.9397 25.6235 -4.7395 5.4892
Car -1 -1 -4.5035 444.4663 180.0255 502.5601 220.2280 1.6435 1.7194 4.2155 -6.0843 1.9862 32.3844 -4.6883 4.0311
Car -1 -1 -4.5822 522.7346 180.6984 550.4272 200.1723 1.4579 1.6922 4.0649 -5.8625 2.1075 57.7287 -4.6833 1.6662
Car -1 -1 -4.5105 557.1139 180.0220 587.9391 199.0423 1.4359 1.6899 4.1583 -3.0130 2.0364 58.2965 -4.5624 0.8225
Car -1 -1 -7.8744 635.7904 176.1989 654.6271 193.4633 1.4778 1.5950 3.8236 3.0966 1.7852 64.4426 -7.8270 0.2405
Car -1 -1 -4.7000 727.3224 173.2913 748.1980 193.2016 1.5514 1.6085 4.0670 10.3447 1.5878 58.4625 -4.5261 0.0219
Car -1 -1 -4.6939 491.4343 181.0346 520.8884 208.7041 1.5207 1.6619 4.4338 -6.2267 2.0377 43.3201 -4.8363 -0.3363
Car -1 -1 -7.9521 673.4318 172.9149 699.7112 193.5842 1.7166 1.8162 4.4200 6.5313 1.7217 62.1527 -7.8482 -0.4955
Car -1 -1 -8.6458 798.5989 166.5333 887.1808 201.6870 1.5551 1.6237 3.9712 10.8653 1.2752 34.0528 -8.3398 -0.9356
Car -1 -1 -7.9925 827.0038 156.8421 851.6866 176.7657 1.8068 1.6781 3.8194 21.3856 0.3544 67.4555 -7.6868 -1.1032
Car -1 -1 -8.5047 1074.5034 154.7756 1139.9044 184.1762 1.9232 1.6852 3.8245 33.7530 0.7403 49.1514 -7.9059 -1.5175
Cyclist -1 -1 -7.3997 499.3581 181.6097 524.2094 215.1622 1.6330 0.5659 1.6801 -4.9914 2.0859 36.4653 -7.5354 -1.9949
