Car -1 -1 -4.5369 405.9345 187.5020 502.7740 252.8911 1.4415 1.7532 4.2889 -4.0139 1.8719 19.0482 -4.7426 7.9611
Car -1 -1 -4.3604 248.2861 196.3893 381.4181 269.1935 1.3966 1.6368 3.9176 -6.8634 2.0185 17.0986 -4.7373 7.3966
Car -1 -1 -4.5792 476.2155 185.9590 527.5167 225.9815 1.4133 1.5394 3.5476 -4.2425 1.9618 28.4327 -4.7266 5.3215
Car -1 -1 -7.9264 629.9082 178.3502 665.4902 207.7499 1.4711 1.6164 3.9639 1.9432 1.7820 38.8536 -7.8773 4.7709
Car -1 -1 -3.9627 0.0000 202.6781 124.5425 374.0000 1.5841 1.6648 4.0346 -6.5420 1.9340 6.4353 -4.7356 4.5293
Car -1 -1 -3.3723 729.3906 166.0609 837.1284 205.3119 1.6815 1.7722 4.3208 7.5268 1.3902 31.7981 -3.1424 4.0651
Car -1 -1 -3.3560 724.4468 159.8948 821.9855 199.3684 1.8649 1.7362 4.3350 7.8090 1.2524 34.9636 -3.1385 0.4406
Car -1 -1 -8.2474 926.7294 145.1865 982.9448 180.9476 1.9956 1.6669 3.6707 20.0289 0.4514 42.1375 -7.8064 0.1963
Car -1 -1 -4.7268 466.1413 173.3658 485.9570 191.6068 1.5782 1.6850 4.3241 -12.0866 1.6255 64.8393 -4.9107 -0.3836
Car -1 -1 -7.0682 399.2838 172.4625 455.2097 195.7278 1.5970 1.6562 3.8248 -13.0519 1.5699 51.5960 -7.3150 -1.0718
Pedestrian -1 -1 -5.9572 387.1873 182.7070 404.5692 212.3834 1.7458 0.6639 0.8246 -12.8002 2.3378 43.0253 -6.2451 -1.4612
Car -1 -1 -8.2742 845.5468 161.3325 888.1739 184.0884 1.6531 1.6321 3.7343 19.2632 0.8158 54.3419 -7.9354 -1.5518
Car -1 -1 -7.3716 300.1302 192.5361 380.0587 234.2985 1.4770 1.5447 3.5484 -10.8485 2.3220 29.1285 -7.7256 -1.8616
Pedestrian -1 -1 -7.6438 732.9359 169.4267 749.7887 207.6447 1.7902 0.6719 0.6268 6.1899 1.6294 34.2156 -7.4668 -1.8796
Car -1 -1 -4.9928 684.1165 171.3328 711.9553 188.1136 1.5279 1.5764 3.8724 8.2089 1.3891 67.7323 -4.8730 -2.0124
Pedestrian -1 -1 -5.5390 959.5048 127.4621 1024.3873 224.2171 1.9718 0.6438 1.0571 8.0351 1.0465 15.3118 -5.0638 -2.0176
