Car -1 -1 -3.7522 967.0908 172.8672 1181.8035 246.6153 1.4508 1.5510 3.5308 9.5442 1.4508 15.0660 -3.1968 5.3308
Car -1 -1 -4.9660 109.0433 186.2809 205.8471 237.2085 1.4304 1.6405 4.3078 -14.8076 1.9049 23.4376 -5.5246 5.2367
Car -1 -1 -3.9295 0.0000 182.9392 89.5724 304.8949 1.8418 1.6684 3.8481 -11.8668 2.0534 13.1935 -4.6521 1.9377
Car -1 -1 -7.1433 1187.9465 176.6338 1241.0000 245.6341 1.3386 1.5208 3.8254 14.4375 1.4222 15.0614 -6.3891 1.3862
Car -1 -1 -4.4171 26.1247 188.6645 121.6187 238.7958 1.3715 1.4585 3.4573 -16.8604 1.9116 22.7931 -5.0486 1.1300
Car -1 -1 -2.6487 159.3808 156.7283 274.5335 195.1238 1.6849 1.7022 4.2624 -17.6880 0.9770 32.5188 -3.1436 0.5334
Pedestrian -1 -1 -7.0207 420.7941 169.4531 450.0319 219.7191 1.7868 0.5898 0.8569 -6.3743 1.6656 26.1689 -7.2578 -0.0253
Pedestrian -1 -1 -7.7123 469.8036 176.0031 484.4156 214.1663 1.6362 0.5478 0.5751 -5.8014 1.7737 31.2819 -7.8947 -0.6469
Pedestrian -1 -1 -4.1244 444.6114 170.5357 470.7735 221.4815 1.7301 0.6042 0.6889 -5.3066 1.6511 24.9349 -4.3325 -0.8695
Car -1 -1 -2.3512 17.3011 176.2233 136.0193 212.1497 1.5722 1.6973 4.5011 -24.3875 1.7315 32.9902 -2.9840 -0.8917
Car -1 -1 -4.3009 78.4055 157.1997 144.5155 188.6757 1.6329 1.6026 3.7334 -27.1811 0.8205 39.4157 -4.9015 -1.3895
Car -1 -1 -6.0017 192.1613 184.8717 312.6683 224.4606 1.4520 1.6086 3.9400 -13.9677 1.9417 28.2845 -6.4570 -1.4995
Pedestrian -1 -1 -8.3706 826.7770 161.6610 854.0198 213.0472 1.6992 0.7188 0.4940 7.6694 1.3288 24.1765 -8.0674 -1.5236
Car -1 -1 -7.5149 296.3719 144.1881 357.4696 187.4691 2.2100 1.7760 4.1706 -15.2323 0.7460 38.9554 -7.8855 -1.8018
