Car -1 -1 -5.1066 780.4893 182.2390 1036.1104 331.6461 1.4413 1.5717 3.5805 3.3612 1.5821 9.0168 -4.7615 7.9747
Car -1 -1 -4.2531 229.2674 188.6180 406.9102 278.4074 1.4477 1.6148 4.0852 -5.6709 1.8099 14.4817 -4.6208 7.6698
Car -1 -1 -4.5189 440.0811 177.8017 497.4356 218.4960 1.5307 1.6005 3.7668 -5.7409 1.7455 29.4839 -4.7100 6.4001
Car -1 -1 -8.1174 712.9619 178.1225 845.1049 262.3361 1.4644 1.5986 3.9517 3.2406 1.5870 14.8143 -7.9071 6.1531
Car -1 -1 -8.0347 673.2814 174.2250 744.3853 224.3769 1.4886 1.6138 3.7274 3.0710 1.5364 23.4236 -7.9067 5.7588
Car -1 -1 -8.0668 665.1136 174.5120 720.9438 214.6789 1.4944 1.5216 3.3278 3.1995 1.5641 28.7219 -7.9576 3.8341
Car -1 -1 -3.9443 0.0000 210.3465 123.7715 374.0000 1.4886 1.6168 3.7753 -5.7177 1.8660 5.3617 -4.7370 3.7203
Car -1 -1 -4.5817 471.6268 176.5778 514.6476 210.1909 1.5200 1.6157 3.3808 -5.6135 1.7078 34.7216 -4.7413 2.8300
Car -1 -1 -5.5899 0.0000 190.0191 122.8637 250.3628 1.4405 1.5854 3.6721 -14.9221 1.9008 18.5311 -6.2610 0.7600
Pedestrian -1 -1 -7.1735 720.1474 156.9752 741.2202 196.1433 1.9057 0.6731 0.8003 5.9181 1.1328 35.6230 -7.0105 0.7369
Pedestrian -1 -1 -6.0689 421.3881 173.4462 430.7554 207.7661 1.8092 0.5161 0.3811 -9.8028 1.8406 38.3103 -6.3181 -0.4907
Car -1 -1 -2.7259 460.6160 169.0262 513.6500 191.3671 1.6598 1.6075 3.6336 -9.3531 1.3751 54.8299 -2.8944 -0.8783
Car -1 -1 -4.3778 291.5339 182.2349 349.2094 212.6614 1.4527 1.5594 4.0185 -15.1103 1.9697 37.7494 -4.7564 -1.3088
Car -1 -1 -3.0207 512.1292 183.5738 564.0505 201.3876 1.4572 1.6210 4.1973 -6.0677 2.3745 60.9083 -3.1200 -1.4797
Car -1 -1 -4.6704 15.7620 187.8179 93.0722 246.6521 1.4880 1.6244 4.0770 -16.4697 1.9774 21.4743 -5.3188 -1.7041
Car -1 -1 -4.4529 107.2587 176.3242 155.1679 201.7652 1.5568 1.6184 3.9808 -31.0710 1.7922 46.8811 -5.0357 -1.9060
