Car -1 -1 -4.2448 66.4457 195.3957 301.4640 323.3827 1.4551 1.5093 3.4589 -6.0167 1.8403 10.5802 -4.7516 7.5142
Car -1 -1 -8.1531 749.5072 182.0531 945.5996 302.9747 1.3804 1.5435 3.7250 3.1159 1.5365 10.3970 -7.8707 6.4788
Car -1 -1 -8.4884 842.9513 184.2284 1241.0000 374.0000 1.4808 1.5230 3.4782 2.9364 1.5833 4.7121 -7.9599 5.6000
Car -1 -1 -5.1010 263.8190 183.4398 310.9620 208.7921 1.4391 1.5316 3.1894 -19.7235 2.1085 43.9939 -5.5204 4.7259
Car -1 -1 -3.9123 0.0000 198.4330 113.2132 374.0000 1.5632 1.6921 3.9675 -5.9541 1.8241 5.3753 -4.7240 3.5325
Car -1 -1 -2.7244 300.3950 176.3379 407.8716 218.2448 1.9461 1.8568 4.5214 -12.3238 2.1191 34.7945 -3.0628 3.0676
Car -1 -1 -6.5918 785.9614 168.6798 882.7551 200.9157 1.5367 1.6552 4.2092 10.8664 1.3374 35.2502 -6.2955 1.9648
Car -1 -1 -2.2868 354.8165 181.1738 418.5784 205.7477 1.4024 1.5812 3.8421 -13.6683 1.9289 44.0026 -2.5867 1.1789
Car -1 -1 -2.6189 149.8861 191.1610 244.0195 222.2054 1.4266 1.5871 3.6498 -19.9738 2.3324 34.9094 -3.1356 0.6973
Pedestrian -1 -1 -7.7748 816.1735 142.1782 854.3134 238.4610 1.9581 0.7012 1.0167 4.7247 1.3339 15.2751 -7.4808 0.6501
Pedestrian -1 -1 -3.9524 1027.5490 149.4258 1067.6858 207.5275 1.8890 0.6906 0.9263 14.4522 1.1270 23.9165 -3.4145 0.5749
Pedestrian -1 -1 -4.5792 851.0980 141.1798 890.3638 240.7256 1.9568 0.6486 0.8984 5.2768 1.3339 14.7309 -4.2422 -0.0132
Car -1 -1 -2.5570 130.6497 168.9217 190.0581 188.8113 1.6753 1.6723 4.0638 -38.4248 1.3438 61.6714 -3.1124 -0.0183
Car -1 -1 -7.8739 652.1099 165.5206 673.7193 187.8044 1.6357 1.5572 3.5884 3.9623 1.0971 54.7951 -7.8024 -0.3298
Car -1 -1 -5.7159 105.9066 193.2981 238.6282 235.8387 1.4747 1.6288 3.9489 -16.1821 2.2559 26.7137 -6.2564 -0.6124
Car -1 -1 -4.7835 226.1007 184.8745 260.7164 210.7142 1.4230 1.5939 4.0863 -22.3764 2.1902 43.9091 -5.2527 -0.9269
Pedestrian -1 -1 -5.7731 744.1744 163.6659 758.4341 192.4576 1.7502 0.7333 0.5759 8.6467 1.1914 44.3266 -5.5820 -1.3057
Car -1 -1 -7.0283 759.1474 176.2366 891.0581 226.9837 1.4051 1.5520 3.7553 6.4370 1.5138 21.7131 -6.7444 -1.6485
