Car -1 -1 -8.0417 688.4984 175.1060 778.4285 237.9488 1.5038 1.6072 4.1224 3.1595 1.5709 19.5000 -7.8843 7.2635
Car -1 -1 -4.3837 293.1440 194.9096 419.8469 266.0204 1.4011 1.6249 4.1575 -6.0477 2.0019 17.5862 -4.7110 7.0564
Car -1 -1 -4.2392 115.0135 202.3665 333.2522 319.5306 1.4404 1.5564 3.6280 -5.9874 1.9891 11.6047 -4.7068 6.4829
Car -1 -1 -4.4334 397.8313 190.0160 479.5172 237.4619 1.4084 1.6622 4.1880 -5.8893 2.0557 25.0943 -4.6622 5.8518
Car -1 -1 -3.7008 973.2037 140.6006 1241.0000 227.3794 1.5117 1.6881 3.9733 9.1401 0.9495 13.4663 -3.1147 5.7249
Car -1 -1 -4.8483 658.0404 176.2143 701.1979 211.0063 1.5688 1.5595 3.7761 3.2640 1.7396 34.8262 -4.7562 5.4518
Car -1 -1 -7.9824 671.8077 174.6078 735.7143 224.1281 1.5656 1.6402 4.2500 3.1200 1.6314 25.0925 -7.8608 5.3308
Car -1 -1 -4.0242 0.0000 216.1763 194.8508 374.0000 1.4172 1.6073 3.7875 -5.9385 1.9471 6.9352 -4.7137 4.5617
Car -1 -1 -4.4818 484.4260 182.7987 529.3416 213.1154 1.5450 1.6030 4.0048 -5.7217 2.1271 40.1920 -4.6228 4.2252
Car -1 -1 -4.5104 446.6788 185.7316 500.6264 224.4763 1.5087 1.5982 3.5640 -5.8512 2.0952 31.0851 -4.6955 4.0556
Car -1 -1 -3.5758 876.1829 150.0891 1040.2206 214.0991 1.5569 1.5712 3.4102 8.7100 1.0029 18.3405 -3.1388 3.6238
Car -1 -1 -3.5625 815.4379 157.1276 968.2601 209.9998 1.4858 1.5754 3.8728 8.1511 1.0435 21.1756 -3.2000 2.9799
Car -1 -1 -4.8275 648.1999 174.1401 686.7458 205.8997 1.6894 1.6987 3.9915 3.1420 1.7651 40.5734 -4.7513 2.9150
Car -1 -1 -6.7799 942.1366 142.5273 1150.3110 220.1819 1.6219 1.5672 3.6246 9.4450 0.9882 15.9095 -6.2524 2.7497
Car -1 -1 -7.7449 109.9031 187.9487 197.2406 249.0270 1.4519 1.6400 3.7795 -12.7209 1.9178 20.2279 -8.3006 2.0120
Car -1 -1 -4.4337 519.3028 180.7917 553.8872 201.8506 1.5017 1.6036 3.9528 -5.5921 2.1306 55.1119 -4.5348 1.2585
Pedestrian -1 -1 -2.5146 0.0000 191.7520 40.1647 311.6157 1.7750 0.5455 0.4911 -9.2468 2.0719 11.0616 -3.1992 0.4798
Pedestrian -1 -1 -7.2038 99.6608 188.7529 133.4896 238.6477 1.6865 0.6408 0.7574 -17.1599 2.2466 25.0369 -7.7999 0.4241
Car -1 -1 -7.7191 644.2650 176.5815 676.1047 200.5689 1.5439 1.6601 3.8978 3.4257 1.8083 49.1625 -7.6505 0.3594
Car -1 -1 -4.8144 623.2448 174.6115 660.8017 207.1011 1.7175 1.6736 4.1976 1.7078 1.8211 40.5204 -4.7731 0.1866
Car -1 -1 -4.1551 128.1224 186.4545 229.3087 230.5219 1.5608 1.6274 3.9068 -17.0920 2.1396 28.7469 -4.6877 -0.8119
Car -1 -1 -5.4737 386.6805 177.2441 449.4418 201.8301 1.4574 1.5786 3.8314 -12.0309 1.7414 45.0429 -5.7336 -1.1190
