Car -1 -1 -4.1675 0.0000 201.3244 250.4429 367.9597 1.4605 1.5189 3.6340 -6.0441 1.8805 8.8037 -4.7555 7.2510
Car -1 -1 -8.2218 771.0150 181.9524 1026.8170 334.2424 1.3938 1.5366 3.5188 3.0810 1.5245 8.6028 -7.8898 7.0470
Car -1 -1 -2.7400 281.0569 176.4587 393.2130 220.4272 1.9379 1.8260 4.4343 -12.4486 2.1074 32.9745 -3.0987 6.1888
Car -1 -1 -8.6916 916.8062 194.5837 1241.0000 374.0000 1.4406 1.5421 3.5882 2.9061 1.5868 2.9928 -7.9696 3.8638
Car -1 -1 -2.5884 116.4612 196.2676 222.6073 230.0118 1.4601 1.5611 3.9287 -20.2076 2.5606 33.1258 -3.1328 3.3030
Car -1 -1 -3.4359 791.2461 168.3156 883.7898 201.0563 1.4811 1.5809 3.7921 10.4520 1.2755 33.4422 -3.1358 3.0945
Car -1 -1 -5.0778 243.1728 185.2280 295.5676 211.5674 1.4167 1.5891 3.6370 -20.0606 2.1743 42.3635 -5.5179 2.2457
Pedestrian -1 -1 -7.7045 835.5317 143.1249 880.0997 248.4433 1.9330 0.6791 0.9777 4.7058 1.3870 13.8326 -7.3837 1.1908
Car -1 -1 -7.3843 1076.1827 156.5770 1182.8009 201.6586 1.4868 1.6076 3.5835 18.2074 0.9497 25.3412 -6.7669 0.3843
Pedestrian -1 -1 -4.6980 880.0417 140.2679 916.7850 249.2658 1.9278 0.6087 0.9580 5.2683 1.3512 13.3197 -4.3295 0.2847
Pedestrian -1 -1 -3.5540 1059.6648 146.9683 1081.5934 207.0033 1.8223 0.5253 0.3875 14.1128 1.0363 22.1896 -2.9937 -0.1630
Car -1 -1 -4.7839 204.9395 184.3461 242.6237 212.6986 1.4923 1.6388 4.2408 -22.5620 2.1967 42.0161 -5.2743 -0.2809
Car -1 -1 -4.9301 673.6676 165.1643 707.2700 188.2909 1.6172 1.6141 3.9033 5.7798 1.0791 52.4824 -4.8213 -0.6366
Car -1 -1 -5.1744 353.8953 181.1178 408.6666 207.5873 1.4484 1.5557 3.7846 -13.5615 1.9574 42.5701 -5.4813 -1.0680
Car -1 -1 -4.7040 16.8089 179.9328 51.9505 206.7609 1.4917 1.5868 3.8349 -34.4412 1.9346 43.1757 -5.3744 -1.0882
Pedestrian -1 -1 -5.7617 540.9989 171.5061 555.5712 198.3809 1.8454 0.5413 0.8488 -4.3050 1.7525 49.9696 -5.8476 -1.4240
Pedestrian -1 -1 -4.3470 0.0000 214.8766 22.8516 311.4001 1.3424 0.4428 0.3827 -8.9593 1.9688 10.5074 -5.0407 -1.8244
Car -1 -1 -7.5132 102.5740 172.0079 147.5377 193.3921 1.5920 1.6397 4.0024 -37.5032 1.5287 55.8577 -8.1025 -2.0280
Pedestrian -1 -1 -7.5699 748.2587 165.3150 763.6164 193.8716 1.6765 0.7881 0.4857 8.6126 1.2336 42.7587 -7.3728 -2.0373
