Car -1 -1 -8.3239 819.8694 186.8002 1241.0000 374.0000 1.4052 1.5676 3.5654 3.0731 1.5585 6.1457 -7.8804 6.5413
Car -1 -1 -2.5377 77.7760 197.7096 186.6534 234.1434 1.4408 1.5859 3.5733 -20.1875 2.5202 30.5065 -3.1185 3.9127
Car -1 -1 -4.0362 0.0000 209.7800 135.3874 374.0000 1.4592 1.5924 3.6815 -6.0020 1.8705 6.1467 -4.7881 3.8880
Car -1 -1 -5.7027 0.0000 199.6013 156.7978 250.3187 1.4122 1.6011 4.2630 -16.5201 2.2612 21.9878 -6.3414 3.2691
Car -1 -1 -3.4752 801.3223 170.6236 903.6294 204.9948 1.4369 1.5607 3.8628 10.3123 1.3433 30.9734 -3.1570 3.1871
Car -1 -1 -4.9689 221.9694 186.8796 269.8133 215.3994 1.4277 1.5268 3.4480 -20.0907 2.2338 39.6859 -5.4352 3.1073
Pedestrian -1 -1 -7.5548 865.5682 141.4369 925.4778 264.5370 1.9066 0.6714 0.9315 4.6008 1.4197 11.7488 -7.1908 1.3145
Car -1 -1 -5.2415 331.3892 182.9914 393.8897 211.8018 1.4614 1.5541 3.7877 -13.6794 2.0446 39.7095 -5.5716 1.1880
Car -1 -1 -4.8607 169.1363 187.8904 216.7246 216.5898 1.3964 1.6591 4.1950 -22.9230 2.2648 39.5270 -5.3835 0.2791
Car -1 -1 -7.4915 247.3749 180.9945 290.6554 203.9738 1.4948 1.5888 3.4426 -23.5938 2.0783 49.9713 -7.9308 0.0142
Car -1 -1 -7.7306 479.0621 167.3914 518.0755 203.3145 2.0907 1.8095 4.6436 -6.8192 1.7725 44.3394 -7.8827 -0.2071
Pedestrian -1 -1 -8.0098 929.2113 143.4183 978.6462 264.2444 1.8178 0.5889 0.6781 5.2985 1.3746 11.2610 -7.5807 -0.2803
Car -1 -1 -7.2336 8.4952 177.8556 69.7741 202.2791 1.5903 1.5976 3.4216 -39.0749 1.9448 49.4415 -7.8999 -0.6374
Car -1 -1 -3.1616 911.9126 171.4470 1016.7335 207.5434 1.4554 1.5895 3.8999 14.9121 1.3983 30.6257 -2.7126 -0.6600
Car -1 -1 -4.3763 0.0000 190.5359 33.3329 220.5928 1.5110 1.5714 3.7301 -34.2367 2.5570 40.6735 -5.0729 -1.3097
Car -1 -1 -6.1359 354.5677 160.7119 422.8556 185.7671 1.6731 1.6803 4.2623 -15.1059 0.8620 49.3271 -6.4317 -1.3221
Car -1 -1 -3.3285 699.5471 170.1309 769.5295 199.2125 1.6103 1.6581 3.6526 6.9695 1.4592 40.8177 -3.1610 -1.3370
Car -1 -1 -4.0523 1095.1780 155.6559 1241.0000 208.2412 1.5559 1.6336 3.9149 17.4708 1.0468 22.6419 -3.4016 -1.8290
Pedestrian -1 -1 -8.1041 749.9962 167.9288 765.1910 201.2548 1.8453 0.7264 0.5049 8.1879 1.5723 40.2239 -7.9051 -1.9103
Pedestrian -1 -1 -7.9690 721.6416 169.0865 737.6943 201.4521 1.7927 0.8278 0.5190 6.6337 1.5837 40.2434 -7.8072 -2.0520
