Car -1 -1 -4.3171 238.1132 195.0301 408.8587 283.5729 1.4372 1.7059 4.3495 -5.7625 1.9661 15.0173 -4.6783 7.5223
Car -1 -1 -8.1948 773.0861 181.1476 1027.1957 332.1770 1.4578 1.6323 3.8516 3.2681 1.5844 9.1087 -7.8617 7.4997
Car -1 -1 -4.4291 362.5845 189.6702 453.7820 248.6878 1.4695 1.5651 3.6511 -5.7669 1.9980 20.8508 -4.6963 7.3989
Car -1 -1 -8.0563 717.0512 177.9814 842.5283 269.1742 1.5662 1.6143 4.1230 3.2245 1.6850 14.6933 -7.8455 6.7266
Car -1 -1 -4.9079 679.3469 182.5249 745.3350 229.0466 1.4081 1.5089 3.6565 3.3449 1.7611 24.4885 -4.7745 6.6627
Car -1 -1 -3.7706 998.4575 154.7130 1241.0000 260.4032 1.4768 1.6143 3.8524 8.1698 1.2230 10.8917 -3.1402 5.7793
Car -1 -1 -4.4100 439.1888 185.5466 507.8584 226.1043 1.4877 1.6725 3.9915 -5.6002 2.0491 29.8492 -4.5944 5.5919
Car -1 -1 -4.0613 0.0000 207.3822 225.7660 374.0000 1.4086 1.6429 4.1775 -5.9915 1.8687 7.5276 -4.7167 5.4534
Car -1 -1 -8.0284 663.2919 181.0361 720.7257 220.6814 1.5091 1.7106 3.9998 3.3304 1.8764 30.3647 -7.9209 5.3534
Car -1 -1 -8.0134 650.1381 178.9926 690.2928 209.8576 1.5495 1.5777 3.6835 3.1567 1.8961 38.8768 -7.9335 4.2423
Car -1 -1 -4.6775 505.1537 180.5861 533.9986 207.0364 1.5220 1.6384 4.1896 -5.6236 2.0264 44.9411 -4.8018 1.6179
Car -1 -1 -8.0445 647.9649 179.5085 684.6492 205.4771 1.4954 1.5891 3.5806 3.3851 1.9216 44.3770 -7.9694 1.3889
Car -1 -1 -6.9733 1200.5194 154.6262 1241.0000 302.5799 1.3911 1.5633 3.7771 8.9624 1.2194 7.8290 -6.1390 0.8298
Car -1 -1 -7.4526 105.7819 189.2818 201.4915 235.2048 1.3688 1.5035 3.4948 -15.5266 1.9720 24.6672 -8.0098 0.5337
Car -1 -1 -5.4746 18.5852 182.8814 182.4113 236.1010 1.4551 1.6287 4.0516 -15.1005 1.7686 21.3791 -6.0839 0.4779
Car -1 -1 -5.6593 0.0000 187.7755 137.2164 246.7266 1.4483 1.5765 3.6093 -14.8333 1.8585 19.0014 -6.3155 0.4569
Car -1 -1 -4.9855 734.2387 169.9760 767.2015 190.4196 1.6396 1.6384 4.0814 11.6254 1.4085 59.9698 -4.7952 0.0888
Pedestrian -1 -1 -7.9990 827.2751 179.7824 851.1369 237.4057 1.6663 0.5855 0.6067 6.7092 1.8738 21.2932 -7.6986 -0.0261
Car -1 -1 -4.9095 413.5056 173.8298 453.8628 200.8049 1.6200 1.6820 4.2588 -11.2660 1.6848 45.7839 -5.1498 -0.7676
Car -1 -1 -7.4549 339.2283 175.8323 388.2271 201.0821 1.4691 1.5477 3.6476 -15.0951 1.6594 44.2986 -7.7818 -1.6377
Car -1 -1 -5.3481 720.8442 170.6983 784.1417 197.6288 1.5749 1.6520 4.1839 8.6737 1.4485 44.4388 -5.1570 -1.6731
