Car -1 -1 -4.9106 570.7581 182.5583 654.4210 234.9535 1.3488 1.6955 4.0897 -0.0779 1.6676 21.5526 -4.9150 7.3214
Car -1 -1 -2.0034 89.5952 202.1862 238.0561 273.4582 1.3997 1.5994 3.7702 -10.7810 2.1718 17.2882 -2.5545 7.1062
Car -1 -1 -2.8966 155.4241 186.1662 259.5672 223.4068 1.5414 1.6193 3.7557 -17.8212 2.1555 32.0338 -3.4011 5.7700
Car -1 -1 -2.2057 248.9790 167.1066 499.2632 304.4169 2.0723 1.8870 4.6397 -4.4018 1.9852 12.9980 -2.5269 5.4059
Car -1 -1 -4.7372 498.9266 182.5536 553.8590 231.6168 1.3426 1.5569 3.4542 -2.6768 1.6664 22.2859 -4.8560 4.2865
Car -1 -1 -6.0248 56.9018 190.4525 165.8219 223.5219 1.4671 1.6452 4.0617 -24.1288 2.3563 35.0147 -6.6248 0.5045
Pedestrian -1 -1 -3.4959 904.2418 162.8888 951.9089 230.6716 1.7482 0.5663 1.0078 8.2790 1.4909 18.9184 -3.0897 0.4925
Car -1 -1 -3.1372 68.9352 186.8285 185.0121 224.8220 1.5630 1.6836 4.3134 -22.0021 2.2376 32.9590 -3.7224 -0.1630
Pedestrian -1 -1 -7.7826 1180.6425 154.7902 1210.6993 215.2255 1.8112 0.6776 0.5963 17.8677 1.2696 22.0729 -7.1089 -0.9339
Pedestrian -1 -1 -5.1886 0.9164 173.4928 20.2221 208.3754 1.8695 0.6340 0.5268 -32.5019 1.9041 39.0796 -5.8792 -1.0921
Cyclist -1 -1 -4.9470 970.5673 162.7246 997.5584 206.6882 1.7789 0.6372 1.5864 15.5144 1.3687 30.0412 -4.4746 -1.5218
Car -1 -1 -2.3426 534.3998 149.7872 606.8102 181.9086 1.7717 1.7403 4.2212 -2.3619 0.4991 41.8657 -2.3988 -1.9911
