Car -1 -1 -8.2535 791.7022 179.8696 1002.4819 309.6625 1.5559 1.5736 3.4419 3.9181 1.6758 10.6020 -7.9096 7.9160
Car -1 -1 -8.0625 746.8167 181.1109 862.0872 261.0140 1.4842 1.6161 3.7770 4.0298 1.6857 15.7163 -7.8169 7.0611
Car -1 -1 -4.4812 410.4565 183.8677 499.9811 242.4726 1.4689 1.6722 3.8108 -4.3804 1.8145 20.7342 -4.6875 6.9268
Car -1 -1 -7.9921 718.2710 178.6782 793.2141 235.1369 1.4808 1.6182 3.8075 4.1459 1.6679 21.2684 -7.8030 6.7106
Car -1 -1 -4.5082 467.4806 181.4489 530.2296 225.8242 1.4672 1.5560 3.6808 -4.0445 1.8046 26.4646 -4.6590 6.2397
Car -1 -1 -8.0088 694.7775 178.5029 757.3763 222.1528 1.4445 1.6171 4.1566 4.1267 1.6680 26.4973 -7.8567 5.5725
Car -1 -1 -4.5535 494.0992 181.9988 545.6402 217.0617 1.3823 1.6023 4.1612 -3.9235 1.8099 31.6526 -4.6763 5.1148
Car -1 -1 -8.4859 940.3610 200.1675 1241.0000 374.0000 1.4406 1.6110 3.8596 3.8434 1.6975 4.8569 -7.8467 5.0257
Car -1 -1 -7.9233 689.1221 176.8739 725.7220 208.2072 1.5142 1.6117 3.5226 4.9294 1.7309 37.1406 -7.7929 4.7064
Car -1 -1 -4.6186 546.1597 177.4112 578.1791 202.2257 1.5528 1.7543 4.0394 -3.1669 1.8682 47.9450 -4.6847 2.4498
Car -1 -1 -7.9579 690.1783 177.2496 736.8610 214.3491 1.4960 1.6158 3.7129 4.4046 1.6986 31.4246 -7.8205 1.8317
Car -1 -1 -8.3224 807.5911 167.1525 865.5288 199.1000 1.8529 1.7192 4.0321 13.6999 1.5219 43.9790 -8.0227 1.3269
Pedestrian -1 -1 -3.8131 1166.4084 150.1508 1239.5823 267.2877 1.8013 0.6585 0.6170 9.3180 1.4519 11.4253 -3.1420 0.1047
Car -1 -1 -3.8814 530.1143 178.0466 587.7593 201.0976 1.5093 1.5694 3.9765 -3.5425 1.8840 50.1187 -3.9520 0.0459
Car -1 -1 -5.0911 961.1364 170.7132 1025.5571 201.6130 1.4842 1.5531 3.8570 19.3462 1.3811 36.6564 -4.6091 -0.2602
Car -1 -1 -4.9258 921.1086 171.7813 967.8975 198.6585 1.4901 1.6230 4.1311 19.4539 1.4303 42.1948 -4.4968 -0.5679
Car -1 -1 -5.0501 425.9319 184.7587 478.0487 215.8252 1.4402 1.4846 3.6058 -8.1499 2.0795 36.8465 -5.2667 -1.6452
