Car -1 -1 -3.6718 621.7840 174.4440 738.0375 210.0998 1.4679 1.7279 4.8787 3.0464 1.5414 31.6789 -3.5774 5.0946
Car -1 -1 -6.0558 385.1940 174.1062 523.0744 230.9719 1.6695 1.6916 3.8444 -4.7455 1.7091 22.1018 -6.2654 4.2966
Pedestrian -1 -1 -5.2197 1072.1068 151.9605 1200.5466 340.5426 1.6997 0.6517 0.8618 4.9802 1.5111 6.9627 -4.6194 3.4216
Car -1 -1 -4.0326 0.0000 212.2270 201.1375 374.0000 1.4045 1.6088 3.7540 -3.6458 1.6927 3.3320 -4.8236 3.3627
Car -1 -1 -3.9517 458.7410 176.5797 568.4207 219.8507 1.5136 1.7062 4.2914 -3.6745 1.6687 27.8599 -4.0821 1.7428
Pedestrian -1 -1 -7.7577 532.1840 171.1319 560.0454 235.1174 1.7099 0.7063 0.5183 -1.7757 1.6636 19.5434 -7.8479 0.6675
Pedestrian -1 -1 -7.4747 384.4393 180.9819 399.1266 210.2464 1.7834 0.6769 0.6446 -13.4952 2.2885 44.5162 -7.7678 -0.3451
Car -1 -1 -4.3842 361.1029 165.4472 398.8354 186.5129 1.6634 1.6873 4.1679 -18.8059 1.0782 59.0760 -4.6913 -1.1925
Car -1 -1 -8.1034 667.8621 153.3620 706.2202 184.3536 2.1092 1.7404 4.1009 5.3918 0.7823 51.2602 -7.9994 -1.7312
Car -1 -1 -7.6520 442.7641 149.0138 475.2672 174.0179 1.9041 1.7309 4.0622 -11.9051 0.0883 56.9813 -7.8571 -1.7466
Pedestrian -1 -1 -5.2789 375.0635 179.9269 393.4265 216.0446 1.7224 0.5948 0.6500 -10.9968 2.0696 35.0173 -5.5814 -1.9035
