Car -1 -1 -1.7312 613.0742 179.1832 697.6066 241.3862 1.4931 1.6535 4.1406 1.0875 1.6869 19.8999 -1.6766 11.6035
Car -1 -1 -1.9579 722.4237 174.0813 994.6406 358.0386 1.6321 1.6046 3.6083 2.4799 1.6497 8.2970 -1.6675 11.1958
Car -1 -1 2.2592 656.3789 176.4826 733.4877 208.1834 1.5014 1.6342 4.1386 4.3227 1.6963 36.6553 2.3766 3.0026
Car -1 -1 1.4993 622.2402 154.6383 644.6323 172.8031 1.4837 1.5995 4.0761 1.9282 -0.0041 61.0128 1.5309 1.6034
Car -1 -1 -1.0175 92.8380 167.0595 145.1749 187.6318 1.4522 1.5609 3.4898 -35.8329 1.0436 52.7094 -1.6145 1.5291
Car -1 -1 2.0524 152.4525 160.2185 194.1310 177.7199 1.4640 1.5721 3.6322 -37.6253 0.4074 62.2152 1.5085 0.0895
Car -1 -1 2.2721 0.0000 161.1133 28.9976 187.1968 1.4716 1.5949 3.7645 -36.6347 0.8095 42.5941 1.5618 -0.1484
Car -1 -1 1.9239 317.2918 180.1279 347.5171 195.9670 1.4652 1.5392 3.7867 -27.0613 2.1945 70.3960 1.5569 -0.4442
Car -1 -1 1.1126 955.6873 183.9432 1025.5670 215.0193 1.4752 1.6118 4.0143 19.7651 2.0864 37.7208 1.5952 -1.1061
Car -1 -1 0.9301 1126.1047 181.2147 1234.2709 220.4037 1.4767 1.5544 3.7853 23.4557 1.8459 29.9129 1.5951 -1.3466
Car -1 -1 2.1212 47.1119 180.3807 119.1265 207.8933 1.5027 1.6260 3.9020 -30.9818 1.9676 42.5163 1.4915 -1.4235
