Car -1 -1 -1.5936 589.1061 182.3818 625.5907 217.2017 1.5610 1.6939 4.2555 -0.2223 2.0608 35.6727 -1.5998 7.9772
Car -1 -1 1.9507 261.7554 183.4872 305.2960 205.5831 1.4663 1.5577 3.7555 -23.3322 2.2557 51.6283 1.5263 3.9980
Car -1 -1 -1.9187 858.4186 139.2467 1023.4217 240.0001 1.9984 1.8384 5.0075 7.3950 1.3322 16.8672 -1.5055 3.6088
Car -1 -1 -0.7930 687.9058 175.6827 794.6133 216.9582 1.4754 1.6294 4.1324 5.0715 1.5924 27.8985 -0.6132 2.8115
Car -1 -1 -1.8029 749.6819 167.3796 789.6201 191.5222 1.5226 1.6117 4.3437 10.4613 1.1777 47.6856 -1.5870 0.5048
Car -1 -1 1.5125 616.4944 179.1390 637.7195 198.2353 1.5953 1.6323 4.1002 1.4602 2.1689 63.7208 1.5354 -0.2168
Car -1 -1 2.2202 37.2780 171.5712 111.9083 200.3842 1.6241 1.6224 3.7055 -31.4991 1.5521 42.5296 1.5827 -1.0091
Car -1 -1 -1.6754 657.9915 174.1567 698.7281 208.8241 1.7048 1.6924 4.0438 3.4751 1.7769 37.6652 -1.5834 -1.8894
Car -1 -1 2.0018 290.6073 185.6318 332.0647 205.6596 1.4672 1.5855 3.8339 -23.6843 2.5166 57.2866 1.6098 -2.0396
Car -1 -1 -2.4086 957.2018 116.8315 1241.0000 340.4037 1.7161 1.6729 4.0057 5.7137 1.2864 7.6635 -1.7680 -2.1715
