Car -1 -1 -1.8742 825.2513 187.1075 1037.6049 320.7520 1.4479 1.5620 3.5790 4.1525 1.5576 9.6978 -1.4696 12.1488
Car -1 -1 1.9732 441.2373 169.7052 497.9730 203.0771 1.7214 1.6479 3.8857 -7.3225 1.1660 38.5410 1.7854 11.5816
Car -1 -1 -1.8102 786.3415 175.9061 913.0278 261.6202 1.6354 1.6705 4.0681 5.1654 1.5493 15.5797 -1.4901 10.1729
Car -1 -1 -1.5501 743.9433 175.3717 787.4384 214.7831 1.4350 1.5555 3.2943 6.2595 1.2498 27.5259 -1.3265 9.2602
Car -1 -1 -1.7053 726.3961 175.0829 765.9332 204.5277 1.5228 1.6023 3.8350 7.6274 1.2441 38.5252 -1.5098 3.3002
Car -1 -1 -1.6240 739.8407 173.1269 780.9130 210.9856 1.6373 1.6395 3.6682 7.0717 1.3199 32.5147 -1.4099 2.2515
Car -1 -1 -1.7019 722.8807 174.5821 757.0516 200.2232 1.5152 1.5918 3.7270 8.2893 1.1668 43.6812 -1.5143 0.5318
Car -1 -1 1.4923 627.7776 179.8371 649.5163 197.5350 1.4768 1.5790 3.6974 2.8874 1.4227 60.8680 1.5397 -0.0702
Car -1 -1 -1.6869 716.9799 172.0523 743.3057 191.7500 1.4757 1.5772 3.8018 9.6942 0.8441 54.9098 -1.5121 -0.1768
Car -1 -1 1.9003 512.9335 175.7704 543.6035 192.8060 1.4859 1.5817 3.8742 -6.8572 1.0746 63.7304 1.7931 -0.7684
