Car -1 -1 -1.9516 824.2014 192.7963 1115.8942 360.7288 1.3870 1.5562 3.6407 3.6815 1.5596 7.9651 -1.5186 12.9393
Car -1 -1 -1.8396 769.9914 179.1565 920.1148 274.1540 1.5824 1.6725 4.2070 4.4547 1.5617 13.9086 -1.5297 10.3365
Car -1 -1 -1.5891 716.8950 176.9698 764.5602 222.3018 1.5443 1.6036 3.4001 4.9019 1.4256 25.8929 -1.4020 10.2131
Car -1 -1 2.0294 369.6032 172.2529 438.6137 210.9144 1.7409 1.6458 3.8503 -9.5577 1.3710 33.8753 1.7544 9.6962
Car -1 -1 -1.6732 708.7962 176.8880 755.6587 216.1609 1.6132 1.6351 3.7005 5.4855 1.4663 30.9435 -1.4977 4.8361
Car -1 -1 -1.6952 692.1523 177.9775 726.9401 204.6922 1.5180 1.5866 3.7395 6.1672 1.3760 42.0574 -1.5496 2.4501
Car -1 -1 -1.7077 682.2046 176.2521 710.6985 198.1995 1.6060 1.6247 3.8787 6.9139 1.2964 53.6788 -1.5796 1.9105
Car -1 -1 1.8391 552.5535 175.9980 581.9688 194.3502 1.6628 1.6839 4.2750 -3.4750 1.2561 66.3253 1.7868 1.8734
Car -1 -1 -1.1996 702.1323 176.8241 761.2234 208.1119 1.5176 1.6105 4.1341 6.5787 1.3408 36.4737 -1.0211 1.7603
Car -1 -1 -2.0510 965.7718 136.2422 1117.9145 205.0220 1.5167 1.5855 3.8465 10.6004 0.5424 17.5560 -1.5078 -1.0113
Car -1 -1 -1.8764 726.2454 166.2070 765.2521 188.2175 1.5187 1.6201 3.9849 10.0767 0.5338 50.8492 -1.6807 -1.1386
Car -1 -1 1.3226 735.9430 159.5005 765.3784 177.2416 1.4879 1.5965 3.9770 12.7658 -0.2942 62.0603 1.5254 -1.2572
