Pedestrian -1 -1 -7.9629 782.9672 151.7437 818.4083 234.2483 1.8902 0.7121 0.7922 4.6400 1.2090 16.9021 -7.7041 0.8725
Car -1 -1 -4.7049 613.2817 165.0446 651.1446 199.3296 1.5101 1.6680 3.9293 1.4282 0.7856 33.6393 -4.6677 0.6633
Pedestrian -1 -1 -8.4099 931.2231 153.2096 1030.0541 296.6818 1.6436 0.6616 0.9237 4.5246 1.3202 8.7203 -7.9489 0.0256
Pedestrian -1 -1 -7.9886 511.1638 166.6356 528.3634 205.5125 1.6653 0.6494 0.7075 -3.5663 1.0289 31.1946 -8.1065 -0.2720
Pedestrian -1 -1 -7.7896 589.1190 168.6205 601.3365 196.8856 1.6356 0.6674 0.8255 -0.3603 0.8904 41.9960 -7.8031 -0.3619
Pedestrian -1 -1 -4.3668 579.9435 158.0411 595.1624 192.9314 1.8618 0.6470 0.6320 -0.7520 0.6102 38.7324 -4.3910 -0.4241
Pedestrian -1 -1 -4.6591 596.9875 158.5420 610.0512 193.4198 1.8582 0.6722 0.6569 0.1091 0.6352 38.6165 -4.6611 -0.5760
Pedestrian -1 -1 -3.9964 0.0000 166.4241 255.9088 373.0000 1.6394 0.6500 0.8182 -2.0983 1.5848 3.0928 -4.5624 -0.7092
Pedestrian -1 -1 -8.0580 733.6967 151.6113 750.6559 189.6895 1.8590 0.7086 0.6017 6.9174 0.4001 35.3771 -7.8712 -1.0083
Cyclist -1 -1 -8.0787 674.0416 165.3108 689.4583 201.5324 1.5711 0.3362 1.5349 3.5476 0.8692 31.9392 -7.9739 -1.1848
Pedestrian -1 -1 -4.6674 528.7853 165.5179 544.3429 208.1030 1.6757 0.5944 0.5783 -2.5971 1.0471 28.5690 -4.7623 -1.1868
Car -1 -1 -8.1065 595.5886 158.5040 633.4170 185.8892 1.7987 1.6591 3.8560 0.8616 0.2883 49.2517 -8.0939 -1.2421
Car -1 -1 -7.9799 1187.0048 152.0766 1237.0000 283.1996 1.4522 1.6525 3.8737 9.3739 1.1270 10.0175 -7.2459 -1.2649
Cyclist -1 -1 -5.0822 1068.7915 154.4062 1117.2369 214.1580 1.7822 0.6761 1.6405 15.2012 0.9745 22.2993 -4.4944 -1.4845
Pedestrian -1 -1 -7.6169 1098.2227 134.3117 1164.0454 288.8531 1.7676 0.5111 0.6427 6.3082 1.2286 8.6204 -7.0048 -1.5327
Pedestrian -1 -1 -8.0544 589.1370 159.0690 602.3434 189.2537 1.8759 0.6811 0.7920 -0.3567 0.4819 45.1015 -8.0671 -1.5348
Pedestrian -1 -1 -3.5556 380.0190 157.6031 420.2661 229.8419 1.8259 0.5284 0.8658 -5.2551 1.2224 18.6362 -3.8320 -1.6987
Car -1 -1 -6.3239 633.3401 174.4692 705.8154 198.9194 1.4383 1.5721 4.2589 4.0499 1.0248 43.1419 -6.2359 -1.8054
Cyclist -1 -1 -3.4228 867.6365 157.0823 923.7416 209.2770 1.8179 0.7033 1.7084 10.3845 0.9679 25.4527 -3.0440 -1.9093
Car -1 -1 -4.7105 988.5248 164.8497 1110.3413 261.6719 1.4483 1.6046 3.7505 7.8385 1.1999 12.7668 -4.1742 -2.0078
Pedestrian -1 -1 -4.8264 918.3163 154.8592 951.6063 232.4185 1.7296 0.5936 0.8121 7.6099 1.1360 16.4954 -4.4053 -2.0079
Car -1 -1 -7.9476 389.1034 175.0651 444.4099 217.1682 1.4202 1.5864 3.8161 -6.8424 1.2036 26.2951 -8.2048 -2.0181
Pedestrian -1 -1 -3.5235 746.0924 151.0943 761.6935 186.6091 1.7964 0.5965 0.5972 7.7740 0.2586 36.6814 -3.3209 -2.0995
Pedestrian -1 -1 -8.0417 573.6532 166.3076 587.5392 194.3188 1.6858 0.7505 0.5484 -1.2646 0.7715 43.5805 -8.0754 -2.1496
Cyclist -1 -1 -8.0699 544.8890 166.0506 566.0134 212.0043 1.6012 0.4194 1.5800 -1.6892 1.0633 25.8472 -8.1396 -2.1504
