Cyclist -1 -1 -4.3811 335.2300 160.4874 440.8234 339.7378 1.7013 0.5429 1.7457 -2.2759 1.5025 7.7023 -4.6654 2.0079
Pedestrian -1 -1 -8.2492 838.7642 156.1902 913.3592 279.1600 1.6800 0.6860 0.9152 3.8634 1.3349 10.2881 -7.9038 1.8376
Cyclist -1 -1 -4.2316 79.4183 153.0720 304.6867 373.0000 1.6800 0.5183 1.8088 -2.7005 1.5230 4.8917 -4.7206 1.8273
Pedestrian -1 -1 -5.0402 722.4001 150.0632 762.6263 226.3193 1.9198 0.7166 1.0482 3.6158 1.1289 18.6545 -4.8566 0.2634
Car -1 -1 -4.7535 587.5493 161.5014 618.8319 188.9854 1.4847 1.5860 4.0023 0.0546 0.4045 40.8385 -4.7571 -0.0242
Pedestrian -1 -1 -4.5309 545.1517 154.1402 559.6024 187.6465 1.8459 0.6509 0.9357 -2.7361 0.3388 40.0745 -4.6035 -0.4673
Pedestrian -1 -1 -4.8197 987.8197 156.0789 1037.0962 278.0780 1.6549 0.5061 0.8236 5.7850 1.3107 10.2213 -4.3210 -1.0597
Car -1 -1 -3.1946 891.5944 167.3480 1130.3895 260.9995 1.4571 1.5475 3.4477 6.9493 1.2375 12.6064 -2.7048 -1.1088
Pedestrian -1 -1 -7.8814 566.7544 155.2413 578.8164 187.4308 1.8653 0.6782 0.8383 -1.6818 0.3438 42.0685 -7.9259 -1.1375
Car -1 -1 -3.3845 806.0775 176.2333 993.6237 245.5924 1.4232 1.5736 3.5056 6.3716 1.3157 15.7482 -3.0111 -1.2891
Pedestrian -1 -1 -4.2257 704.5724 153.2469 721.7632 187.5712 1.8521 0.6909 0.6823 6.0995 0.3278 39.2397 -4.0773 -1.5083
Pedestrian -1 -1 -7.8485 745.8539 160.2903 824.9503 328.8429 1.6589 0.7635 0.6643 1.8541 1.4509 7.4818 -7.6196 -1.5250
Pedestrian -1 -1 -7.6731 690.0580 155.1109 705.1006 189.5726 1.7626 0.6679 0.6556 4.9671 0.4131 37.1536 -7.5460 -1.5372
Cyclist -1 -1 -7.4747 398.8083 168.9973 429.3102 219.4290 1.5890 0.3927 1.6355 -6.1329 1.1955 23.4690 -7.7327 -1.5544
Cyclist -1 -1 -7.9144 636.6448 161.5560 650.7899 198.8175 1.6927 0.5422 1.7320 1.9502 0.7870 33.5009 -7.8617 -1.6009
Pedestrian -1 -1 -2.8908 120.9303 166.6853 154.7154 264.3373 1.6788 0.4988 0.3881 -8.1989 1.4247 12.6470 -3.4619 -1.6460
Pedestrian -1 -1 -3.8789 490.5419 160.1753 512.5240 203.6617 1.7662 0.6541 0.6185 -4.1380 0.9004 29.6215 -4.0214 -1.8523
Pedestrian -1 -1 -2.9859 690.8679 158.1289 700.7767 192.6659 1.7163 0.5275 0.4191 4.7232 0.5551 36.0081 -2.8613 -1.9985
Cyclist -1 -1 -7.4365 363.2370 169.0182 397.8181 222.4613 1.5958 0.4126 1.6099 -6.8605 1.2236 22.2731 -7.7371 -2.0933
Pedestrian -1 -1 -6.1001 353.9052 156.7014 373.2899 228.2118 1.8330 0.5176 0.3931 -6.2212 1.1979 18.6965 -6.4223 -2.1957
