Car -1 -1 -4.5766 440.7772 176.7028 573.6104 281.9644 1.4920 1.6783 4.1050 -1.4620 1.4247 12.2459 -4.6986 2.1809
Pedestrian -1 -1 -4.8900 764.6611 156.6320 818.5936 266.5267 1.7187 0.6877 0.9019 3.0369 1.3304 11.7066 -4.6471 1.1937
Pedestrian -1 -1 -7.4696 491.0720 166.1228 515.2002 214.6584 1.8042 0.6934 0.6997 -3.7301 1.2330 27.1257 -7.6100 0.0759
Pedestrian -1 -1 -4.4072 553.5061 162.9146 567.7955 195.3586 1.9148 0.5924 0.9728 -2.4333 0.8180 42.9379 -4.4684 0.0607
Pedestrian -1 -1 -4.5503 589.4948 162.3549 601.9203 194.9006 1.8978 0.5858 0.9992 -0.3345 0.7815 42.4242 -4.5631 -0.1715
Pedestrian -1 -1 -7.5055 432.2563 168.4618 457.1810 221.6819 1.7094 0.6263 0.6066 -5.1314 1.2911 23.4137 -7.7241 -0.3431
Car -1 -1 -5.3271 580.2100 170.1295 628.6116 192.6556 1.5145 1.5515 3.6464 0.1842 0.7500 50.2324 -5.3283 -0.4038
Cyclist -1 -1 -2.7689 521.3320 167.1363 554.6185 200.4529 1.7944 0.6994 1.6727 -3.4704 1.0210 39.2561 -2.8615 -0.4423
Pedestrian -1 -1 -5.0294 606.7813 162.8560 620.5762 194.5185 1.8610 0.5365 0.9830 0.7256 0.7653 42.7699 -5.0175 -0.6077
Pedestrian -1 -1 -3.4821 591.2853 162.3383 610.7157 193.6603 1.9107 0.5266 1.0824 -0.0252 0.7419 44.2502 -3.4876 -0.7154
Pedestrian -1 -1 -7.5110 523.7750 161.7349 543.5481 203.5021 1.8854 0.6998 0.7268 -3.1109 0.9934 32.8627 -7.6097 -0.7915
Pedestrian -1 -1 -6.5168 1164.4633 120.0661 1237.0000 373.0000 1.7038 0.6077 0.5844 3.7299 1.3744 4.2613 -5.8333 -0.9331
Pedestrian -1 -1 -3.0290 91.1956 153.9948 174.0448 289.9860 1.8320 0.4850 0.9262 -6.6146 1.4621 10.1002 -3.6026 -1.0423
Pedestrian -1 -1 -7.8148 448.8204 169.9666 465.2203 210.7442 1.6884 0.6474 0.8777 -6.0896 1.2112 30.2286 -8.0170 -1.2929
Pedestrian -1 -1 -4.4085 562.3771 163.9874 572.3698 188.8996 1.9143 0.5077 0.9847 -2.6208 0.5685 55.7374 -4.4602 -1.3284
Pedestrian -1 -1 -3.8271 0.0000 142.9967 92.5803 322.3960 1.8760 0.5638 1.2106 -6.6127 1.4741 8.1632 -4.4981 -1.4622
Car -1 -1 -5.5784 0.0000 0.0000 1237.0000 373.0000 1.5303 1.5773 3.8557 1.8871 1.6365 0.6924 -4.4833 -1.6912
Cyclist -1 -1 -7.9608 615.4483 167.5313 632.2272 218.1725 1.6481 0.3807 1.6255 0.7189 1.1940 24.2043 -7.9366 -1.7128
Pedestrian -1 -1 -5.3507 569.5009 163.0916 582.5704 188.7744 1.8847 0.5490 0.8807 -1.8681 0.5337 53.2284 -5.3905 -1.7773
Pedestrian -1 -1 -4.2095 578.7287 162.0786 591.8199 187.8487 1.9010 0.5881 0.9622 -1.1861 0.4683 53.5529 -4.2364 -1.7883
Pedestrian -1 -1 -7.9466 423.3237 165.5799 439.6280 209.6182 1.7691 0.5931 0.5678 -6.9351 1.1299 29.2212 -8.1827 -1.8367
Car -1 -1 -6.9956 0.0000 191.3699 136.8768 303.5364 1.3742 1.6301 4.1154 -9.7322 1.5603 11.3390 -7.6989 -1.8935
Cyclist -1 -1 -6.0443 243.6459 169.6152 387.1433 293.4936 1.6162 0.6635 1.7142 -3.9125 1.4618 9.8175 -6.4202 -1.9043
Car -1 -1 -2.8816 520.0151 170.8418 640.6106 217.6464 1.5084 1.6127 3.8053 -0.7126 1.1653 24.3617 -2.9157 -1.9140
Cyclist -1 -1 -3.4383 492.9883 164.2913 528.6708 201.8522 1.8928 0.6609 1.6966 -4.6551 1.0258 36.8504 -3.5680 -1.9275
Car -1 -1 -6.2480 400.9014 175.8118 530.1508 223.4223 1.4699 1.7108 3.9778 -4.3865 1.2948 23.3278 -6.4370 -1.9612
Cyclist -1 -1 -7.7545 230.0996 173.7449 255.4203 246.5179 1.6302 0.3738 1.6574 -8.4772 1.4571 16.9327 -8.2178 -2.0673
Pedestrian -1 -1 -2.7927 157.2288 170.8348 197.6009 261.6743 1.7240 0.5501 0.5188 -8.2674 1.5222 13.9504 -3.3250 -2.1715
