Cyclist -1 -1 -4.7318 460.8707 169.2380 480.5286 227.7169 1.7370 0.5551 1.6937 -4.0847 1.3733 22.2229 -4.9167 1.7369
Cyclist -1 -1 -4.5078 412.8896 168.2020 446.9103 237.2625 1.7879 0.5445 1.8391 -4.6739 1.4441 19.5244 -4.7450 1.6459
Pedestrian -1 -1 -4.9871 645.4813 167.5896 678.6561 234.4386 1.7270 0.6515 0.8961 1.5661 1.3682 19.0616 -4.9116 1.5086
Car -1 -1 -4.0385 0.0000 212.6279 269.8629 373.0000 1.5452 1.6066 3.7293 -3.0746 1.7656 3.1569 -4.7778 1.1412
Pedestrian -1 -1 -8.6284 755.8115 172.2632 847.8718 303.0926 1.6343 0.7411 0.9255 2.6050 1.5196 9.5594 -8.3750 0.8670
Pedestrian -1 -1 -5.0587 298.8360 160.5032 328.8074 221.8691 1.9574 0.6185 0.9589 -9.4308 1.2881 23.4770 -5.4419 0.0557
Pedestrian -1 -1 -7.6499 369.5509 171.3317 389.8099 215.7740 1.7094 0.6381 0.6501 -8.6550 1.3186 27.9838 -7.9523 -0.2316
Car -1 -1 -6.8311 745.8463 171.6824 874.3112 223.0442 1.4432 1.5280 3.3739 6.1542 1.1678 21.3790 -6.5593 -0.3461
Pedestrian -1 -1 -7.9632 492.1509 165.8634 501.7722 194.5179 1.8735 0.5207 0.9835 -6.9052 0.8512 47.5093 -8.1117 -0.4091
Pedestrian -1 -1 -4.6722 438.7140 164.5726 450.1974 199.5284 1.8756 0.5769 0.9589 -8.5382 0.9675 39.0664 -4.8910 -0.4376
Pedestrian -1 -1 -3.8702 0.0000 177.5983 90.6093 373.0000 1.7741 0.6160 0.7099 -5.0199 1.7434 6.1760 -4.5385 -0.5852
Cyclist -1 -1 -4.8985 1056.9995 174.3334 1158.9860 365.4480 1.5636 0.4476 1.5298 4.5945 1.5056 6.6691 -4.3191 -0.8832
Pedestrian -1 -1 -7.8041 591.6941 163.3765 606.1113 199.8181 1.8277 0.6999 0.7251 -0.1338 0.9189 36.4040 -7.8127 -1.0879
Car -1 -1 -7.8087 354.4319 175.3787 391.8226 207.6105 1.4634 1.5665 3.5012 -10.9304 1.1858 34.5090 -8.1182 -1.1244
Car -1 -1 -7.9438 754.9511 175.6727 838.4232 239.5429 1.4471 1.6636 3.5639 4.7924 1.3156 18.1663 -7.6947 -1.1739
Car -1 -1 -4.7061 534.2462 170.4568 569.7940 203.3217 1.5413 1.6661 4.3316 -2.4781 1.0236 35.9048 -4.7796 -1.2319
Car -1 -1 -5.2610 992.2982 180.9454 1237.0000 287.0016 1.4290 1.5146 3.5286 7.8650 1.4222 11.4696 -4.6758 -1.4464
Pedestrian -1 -1 -4.3809 525.4659 164.4550 537.4425 192.8774 1.9061 0.5099 1.0171 -4.7343 0.7630 48.7265 -4.4821 -1.5433
Pedestrian -1 -1 -4.9207 514.0721 163.6249 525.4908 192.5387 1.9280 0.5749 0.9582 -5.5012 0.7361 48.4463 -5.0381 -1.5857
Pedestrian -1 -1 -6.5140 531.3170 171.4124 544.2834 195.4938 1.7050 0.5056 0.8258 -4.5267 0.9908 51.2305 -6.6066 -1.5862
Pedestrian -1 -1 -5.2302 1215.3397 204.3692 1237.0000 290.5634 1.1381 0.4005 0.3903 8.7143 1.4592 9.8355 -4.5236 -1.6102
Cyclist -1 -1 -4.7809 433.2265 172.7405 449.3628 210.6511 1.6611 0.5974 1.5203 -7.2204 1.2776 32.2891 -5.0043 -1.6557
Car -1 -1 -7.1422 442.0079 173.3105 498.2521 196.3843 1.4986 1.6265 3.8749 -8.8501 0.9667 48.7365 -7.3258 -1.6936
Cyclist -1 -1 -4.8104 1214.6506 119.6779 1237.0000 241.7312 1.8847 0.5649 1.7463 10.6509 0.9307 11.9689 -4.0991 -1.6989
Pedestrian -1 -1 -4.4352 473.8012 164.8081 486.5060 192.9852 1.9610 0.6419 0.9784 -8.5130 0.7993 50.5138 -4.6062 -1.8771
Car -1 -1 -5.2251 1060.0256 170.8633 1227.6099 236.8850 1.4565 1.5771 3.8499 13.2074 1.2224 17.8488 -4.6002 -1.8782
Cyclist -1 -1 -7.8073 377.3317 174.9841 390.7125 220.4557 1.5621 0.3861 1.6387 -7.7407 1.3387 25.5194 -8.1042 -1.9480
Car -1 -1 -8.0621 652.9484 162.3622 703.1277 196.6653 1.5762 1.6317 3.8930 3.6603 0.6971 35.0306 -7.9637 -1.9603
Pedestrian -1 -1 -8.0476 292.4536 167.8199 312.8289 215.1657 1.7670 0.6050 0.6140 -11.3510 1.2568 27.2325 -8.4442 -1.9620
Car -1 -1 -4.4803 471.9299 165.2996 502.0798 187.0912 1.7813 1.6644 3.9786 -9.6123 0.4569 60.7612 -4.6414 -1.9953
Pedestrian -1 -1 -6.3315 108.2043 174.3470 169.6008 319.8480 1.7886 0.7437 0.6361 -6.0530 1.7013 9.3176 -6.9008 -2.0349
Car -1 -1 -6.0004 292.5006 177.8664 410.4459 217.3898 1.4792 1.6771 4.0092 -9.6269 1.3436 27.8264 -6.3357 -2.0795
Pedestrian -1 -1 -8.4556 476.4260 171.6151 489.5335 195.8930 1.7701 0.5936 0.8146 -8.7044 1.0493 52.8714 -8.6229 -2.1206
Car -1 -1 -6.7203 897.8914 172.3405 1107.1033 246.7778 1.4550 1.5440 3.4610 8.1539 1.2766 14.9005 -6.2322 -2.1246
