Pedestrian -1 -1 -4.9084 727.9644 163.8002 785.2772 278.9140 1.6667 0.6774 0.8612 2.2767 1.4111 10.8317 -4.7117 1.4595
Car -1 -1 -4.2921 0.0000 200.0278 484.3192 373.0000 1.4417 1.6688 4.0646 -2.0296 1.6164 4.6931 -4.6876 1.1307
Cyclist -1 -1 -3.2956 458.3201 173.0009 497.6122 211.1541 1.7897 0.6066 1.7740 -5.9025 1.3913 34.2699 -3.4700 0.9325
Pedestrian -1 -1 -3.9784 500.0233 171.2306 525.0103 213.4492 1.8350 0.5845 0.9941 -3.9473 1.3889 31.7963 -4.1060 0.3875
Pedestrian -1 -1 -6.0938 569.5312 171.6701 583.2498 201.3206 1.8180 0.6727 0.7379 -1.5437 1.2154 44.4321 -6.1334 0.3639
Pedestrian -1 -1 -4.3248 431.1501 170.9456 458.8952 227.2422 1.7628 0.5962 0.8401 -5.0202 1.4327 22.9567 -4.5430 0.1474
Pedestrian -1 -1 -8.0322 574.4609 170.5742 586.6452 201.9768 1.8203 0.6199 0.5579 -1.2229 1.1871 41.9774 -8.0662 -0.1155
Pedestrian -1 -1 -7.3718 394.7123 174.8360 420.9695 228.2167 1.6480 0.5935 0.5836 -6.0959 1.4427 22.5259 -7.6384 -0.3357
Pedestrian -1 -1 -4.2480 370.1248 169.1592 396.7500 222.7375 1.7748 0.5832 0.7582 -7.3701 1.3664 24.2174 -4.5456 -0.6071
Pedestrian -1 -1 -4.3724 293.6684 175.5740 331.3075 254.9677 1.7306 0.6448 0.5015 -6.4369 1.6020 15.9232 -4.7563 -0.6491
Pedestrian -1 -1 -8.5676 553.9529 171.1587 571.3437 202.4857 1.7962 0.6100 0.8335 -2.2537 1.2034 41.6976 -8.6263 -0.6868
Pedestrian -1 -1 -7.2303 520.6664 171.5232 537.0202 202.3460 1.7933 0.5581 0.8692 -4.2732 1.2129 42.3087 -7.3354 -0.7293
Pedestrian -1 -1 -7.5001 561.3796 170.9620 575.8530 201.5977 1.8315 0.6023 0.9056 -1.9811 1.2016 43.4665 -7.5504 -0.7983
Pedestrian -1 -1 -5.4346 528.4545 174.0162 540.1490 199.2560 1.8002 0.5367 0.6564 -4.8144 1.2664 51.6546 -5.5321 -1.0625
Pedestrian -1 -1 -5.4785 540.1158 171.9393 553.8526 197.0626 1.8290 0.4613 0.9694 -3.9880 1.1329 52.7894 -5.5585 -1.3439
Pedestrian -1 -1 -4.6636 15.4153 157.6598 59.3100 275.5995 1.8015 0.5211 0.4503 -8.9135 1.4380 11.3062 -5.3254 -1.4151
Pedestrian -1 -1 -7.3255 550.7827 171.7649 563.2702 197.0837 1.8529 0.4980 0.9820 -3.2657 1.1404 53.1200 -7.3916 -1.4572
Cyclist -1 -1 -8.1334 574.4996 172.7291 603.6843 229.4119 1.6535 0.4452 1.6137 -0.4190 1.3981 21.7917 -8.1577 -1.4821
Pedestrian -1 -1 -3.2587 676.1240 167.6458 692.1014 231.9021 1.7424 0.4718 0.3788 2.2334 1.3672 19.7162 -3.1527 -1.5115
Car -1 -1 -8.0384 558.1337 177.1862 590.8141 199.5988 1.4935 1.5967 3.6754 -1.8966 1.2061 49.8385 -8.0812 -1.6840
Pedestrian -1 -1 -7.7042 493.2314 175.6915 509.0154 208.7558 1.6802 0.7152 0.6539 -5.1482 1.3852 36.8322 -7.8472 -1.7919
Pedestrian -1 -1 -7.3743 399.0483 174.6556 420.4709 218.6986 1.6698 0.5702 0.6312 -7.3838 1.4107 27.6041 -7.6385 -2.0052
Pedestrian -1 -1 -3.8161 146.2512 173.9722 232.7258 347.3685 1.7005 0.5656 0.5382 -4.2859 1.6274 7.3996 -4.3321 -2.0632
Pedestrian -1 -1 -4.5901 1171.4841 197.3219 1237.0000 373.0000 1.4044 0.4317 0.5019 3.3246 1.4976 3.8663 -3.9185 -2.0637
Car -1 -1 -6.9535 1108.2421 181.5154 1237.0000 373.0000 1.5275 1.6994 4.4061 5.1861 1.5283 3.3364 -5.9952 -2.1729
Pedestrian -1 -1 -4.5803 386.6927 167.5798 405.5862 215.6583 1.8645 0.6060 0.9142 -8.1175 1.3250 28.3539 -4.8619 -2.1730
Car -1 -1 -7.9380 478.9525 177.8201 517.0084 206.7482 1.4752 1.6720 4.0841 -5.6428 1.2878 38.8127 -8.0864 -2.1845
