Pedestrian -1 -1 -4.1045 359.3008 185.0921 455.8226 338.7998 1.6057 0.6599 0.8837 -2.2039 1.6493 8.0557 -4.3697 1.7677
Pedestrian -1 -1 -4.5371 580.2140 174.5517 608.9775 238.9747 1.7071 0.6429 0.8873 -0.2117 1.5235 19.5233 -4.5532 1.0516
Pedestrian -1 -1 -4.3475 466.8933 179.3401 513.3037 272.3350 1.6778 0.6918 0.5772 -2.0992 1.6394 13.3133 -4.5066 1.0284
Pedestrian -1 -1 -4.3113 543.8007 173.9753 571.6652 230.7732 1.7618 0.6080 0.8348 -1.4087 1.5288 22.7754 -4.3777 0.7458
Pedestrian -1 -1 -8.2004 776.0638 166.1544 825.0333 254.0481 1.8078 0.7028 0.9823 4.1843 1.4927 15.2951 -7.9432 0.6977
Pedestrian -1 -1 -4.5329 691.2095 165.8917 716.0989 222.3869 1.9159 0.6930 1.0177 3.5314 1.3870 24.9510 -4.3990 0.6245
Pedestrian -1 -1 -7.9866 600.6708 172.7054 618.1868 215.2009 1.7835 0.6442 0.7706 0.3186 1.4147 30.5717 -7.9814 0.3769
Pedestrian -1 -1 -4.9238 559.4340 172.5215 582.4301 224.4608 1.8389 0.6332 0.9818 -1.1340 1.5214 25.9884 -4.9723 0.1786
Pedestrian -1 -1 -7.4306 575.4124 174.5980 596.7532 213.8861 1.7243 0.7035 0.7601 -0.6963 1.4216 32.0122 -7.4574 0.1219
Pedestrian -1 -1 -8.0806 675.9662 172.9635 696.5933 209.2759 1.7121 0.7653 1.0198 4.0469 1.3099 34.4196 -7.9695 0.0933
Pedestrian -1 -1 -4.8187 611.2047 173.7688 626.0267 213.4461 1.7268 0.5783 0.6861 0.7374 1.3906 31.6303 -4.8008 0.0731
Pedestrian -1 -1 -8.1444 609.3849 170.1388 626.6262 205.0943 1.8317 0.7462 0.6828 0.8690 1.2366 38.0712 -8.1268 -0.0453
Pedestrian -1 -1 -6.1825 333.8749 176.1013 364.7527 306.2797 1.7196 0.4401 0.3541 -3.4624 1.6490 9.7445 -6.5215 -0.1710
Pedestrian -1 -1 -6.4793 617.2031 176.4497 638.0384 212.2601 1.6474 0.5656 0.8716 1.2010 1.4153 33.3956 -6.4488 -0.1748
Pedestrian -1 -1 -7.9211 625.7139 174.6251 639.2817 214.8360 1.6973 0.5350 0.5939 1.3042 1.4074 30.6249 -7.8840 -0.3222
Pedestrian -1 -1 -7.5128 886.5128 170.0066 938.7543 278.3014 1.6781 0.6218 0.5696 4.9592 1.5007 11.5510 -7.1210 -0.4399
Cyclist -1 -1 -2.9541 524.5240 170.9770 560.6915 207.8314 1.8486 0.6739 1.7364 -2.9880 1.3210 36.4535 -3.0404 -0.5896
Pedestrian -1 -1 -7.9027 753.1287 167.8042 771.9127 217.8157 1.8487 0.6453 0.7535 6.0217 1.3428 26.9786 -7.6903 -0.6126
Pedestrian -1 -1 -4.0590 567.6686 173.2526 585.8697 211.6522 1.7465 0.5752 0.6290 -1.1490 1.3716 33.0938 -4.0985 -0.6233
Car -1 -1 -4.8318 768.0507 173.5250 838.3135 229.0723 1.5811 1.6315 3.6600 6.1601 1.3546 22.3736 -4.5713 -0.6526
Car -1 -1 -8.4274 0.0000 0.0000 1237.0000 373.0000 1.5692 1.5430 3.7068 1.5472 1.6553 0.6078 -7.3769 -0.9388
Pedestrian -1 -1 -7.8546 781.9965 162.1506 810.4539 236.1945 1.9008 0.7083 0.7353 5.0799 1.4046 18.8848 -7.6006 -1.0023
Car -1 -1 -4.5653 666.5421 181.5273 716.7727 215.8660 1.3915 1.6075 4.1376 3.9796 1.3931 31.3190 -4.4451 -1.1741
Pedestrian -1 -1 -8.3464 657.2750 169.9202 674.0130 202.8245 1.7843 0.6376 0.7412 3.5166 1.1565 39.4203 -8.2631 -1.3539
Car -1 -1 -7.3578 0.0000 190.1016 107.4204 324.2561 1.4693 1.6462 3.9819 -8.9398 1.6181 10.2590 -8.0675 -1.3989
Cyclist -1 -1 -3.5950 542.7830 167.4341 573.0811 200.1959 1.8630 0.6554 1.6269 -2.5144 1.0633 41.5358 -3.6600 -1.4016
Cyclist -1 -1 -3.0663 518.3808 176.5061 567.8716 229.7301 1.7423 0.6230 1.5980 -1.9510 1.5793 23.8353 -3.1524 -1.4923
Pedestrian -1 -1 -7.8607 534.9028 176.1657 550.1367 216.9705 1.7031 0.6329 0.5606 -2.5048 1.4808 30.2900 -7.9477 -1.5545
Car -1 -1 -4.9708 726.2834 177.5080 786.3256 213.7427 1.4800 1.5931 3.8351 6.6536 1.3173 31.3001 -4.7681 -1.6545
Pedestrian -1 -1 -7.8570 521.3527 178.7455 538.6619 221.5135 1.6619 0.6703 0.5833 -2.8311 1.5552 28.2387 -7.9612 -1.6556
Pedestrian -1 -1 -3.2660 526.6346 172.5699 539.4575 196.7122 1.8289 0.4707 0.9198 -5.1958 1.1523 54.7492 -3.3651 -1.7149
Cyclist -1 -1 -8.2494 639.9250 177.6554 664.4180 219.1419 1.6088 0.3754 1.6035 1.9933 1.4601 28.6763 -8.1858 -1.7470
Car -1 -1 -6.5069 663.0674 169.5479 748.5196 201.1962 1.6244 1.6887 4.1835 5.4589 1.0112 37.8926 -6.3698 -1.7791
Car -1 -1 -7.4867 601.2949 0.0000 1237.0000 373.0000 1.5811 1.6088 3.8384 0.3210 1.6630 1.1204 -7.2714 -1.8339
Pedestrian -1 -1 -7.8202 691.3307 159.1546 702.9028 192.2496 1.9065 0.6464 0.8142 5.5742 0.6194 41.8355 -7.6934 -1.8438
Pedestrian -1 -1 -7.3871 488.5486 181.8866 530.3809 249.0773 1.5668 0.6201 1.0034 -2.2450 1.5769 17.3322 -7.5194 -1.8985
Pedestrian -1 -1 -4.2558 363.0304 191.4094 394.8378 259.1326 1.4243 0.5117 0.4418 -4.8180 1.6414 15.4400 -4.5591 -1.9095
Pedestrian -1 -1 -2.1553 23.8635 172.4047 117.3619 329.6274 1.7177 0.6721 0.5531 -6.1391 1.6190 8.2593 -2.7852 -1.9865
Cyclist -1 -1 -5.0490 624.2267 166.8510 641.5663 193.2472 1.7905 0.6649 1.6960 2.1756 0.7968 49.6338 -5.0104 -1.9907
Cyclist -1 -1 -4.6100 512.2314 180.6785 533.3066 233.8778 1.6176 0.5238 1.4249 -2.4889 1.5930 22.5569 -4.7240 -2.0069
Pedestrian -1 -1 -6.1966 679.2680 161.8339 691.0826 188.8750 1.8250 0.7406 0.7423 5.7141 0.4977 48.9164 -6.0858 -2.0215
Cyclist -1 -1 -5.0883 754.2872 170.9549 791.8972 229.0605 1.6927 0.5753 1.5170 5.1413 1.3860 21.7192 -4.8638 -2.0585
Cyclist -1 -1 -5.1137 422.2349 181.3759 468.9551 247.5455 1.6403 0.5879 1.6274 -4.0947 1.6378 18.6402 -5.3324 -2.0812
Car -1 -1 -3.6116 0.0000 182.1372 137.9289 373.0000 1.6209 1.6445 3.7823 -7.0773 1.6298 7.2076 -4.3756 -2.1858
