Pedestrian -1 -1 -4.8193 584.8136 173.1890 609.4590 235.7054 1.7100 0.5910 0.8977 -0.1601 1.4832 20.1295 -4.8325 1.2129
Pedestrian -1 -1 -4.2793 552.3820 173.8415 577.4338 226.3555 1.7086 0.5709 0.7502 -1.2345 1.4598 23.8251 -4.3358 1.1952
Pedestrian -1 -1 -7.7149 774.3774 162.7974 812.2552 248.1406 1.8170 0.7006 0.8838 4.1983 1.4194 15.8353 -7.4652 1.0538
Pedestrian -1 -1 -4.2786 398.9762 186.3125 475.1892 313.7244 1.5177 0.6315 0.8791 -2.1087 1.5825 9.0885 -4.5064 0.8909
Pedestrian -1 -1 -5.8944 617.3814 172.9929 639.7156 208.7009 1.6602 0.6807 0.8611 1.2684 1.2649 33.8844 -5.8624 0.8877
Pedestrian -1 -1 -7.8564 603.9545 171.3435 617.5132 212.0359 1.7340 0.5775 0.9355 0.3812 1.3015 31.0792 -7.8493 0.7481
Pedestrian -1 -1 -8.0346 612.0310 170.7966 628.8599 210.0963 1.7385 0.6241 0.7543 0.8333 1.2653 32.1995 -8.0140 0.2609
Pedestrian -1 -1 -7.3845 872.1633 164.0040 920.6199 265.6966 1.6900 0.5955 0.5353 5.0207 1.3999 12.3382 -7.0108 0.1714
Pedestrian -1 -1 -8.0167 583.3054 170.2293 599.0514 209.7987 1.7711 0.5862 0.8097 -0.4838 1.2669 32.6027 -8.0366 0.1615
Pedestrian -1 -1 -6.1533 354.3990 173.3247 387.7954 294.3812 1.7347 0.4590 0.4130 -3.4255 1.6182 10.5567 -6.4657 0.0696
Pedestrian -1 -1 -4.3156 477.6536 176.7899 521.0548 263.1807 1.6563 0.6983 0.5219 -2.0417 1.5666 14.1111 -4.4623 -0.0421
Pedestrian -1 -1 -7.8824 543.0815 170.8329 557.4798 207.3892 1.7536 0.6729 0.6928 -2.4953 1.2422 34.8386 -7.9585 -0.0870
Pedestrian -1 -1 -4.5021 693.2620 163.8882 714.5306 218.1852 1.9342 0.6729 0.5041 3.6777 1.3072 25.9404 -4.3678 -0.1229
Pedestrian -1 -1 -2.7708 658.1068 170.7710 674.5369 202.4817 1.7432 0.6295 0.7336 3.6046 1.1536 39.9320 -2.6864 -0.1612
Pedestrian -1 -1 -7.6494 628.6245 173.0393 642.8018 211.9343 1.6670 0.5083 0.5886 1.4713 1.3047 31.1346 -7.6077 -0.1754
Pedestrian -1 -1 -7.3872 574.0610 171.4283 593.4014 207.9516 1.7248 0.6173 0.8417 -0.8571 1.2494 34.4352 -7.4170 -0.1853
Cyclist -1 -1 -8.0618 683.1574 169.9574 700.9695 207.3668 1.7706 0.4911 1.7678 4.3815 1.2245 34.9008 -7.9430 -0.2228
Pedestrian -1 -1 -6.7682 748.4223 164.2067 771.6721 212.6132 1.8432 0.7526 0.5919 6.1111 1.1851 27.7945 -6.5589 -0.5830
Pedestrian -1 -1 -7.8489 669.4036 170.4897 682.4723 207.6029 1.7626 0.6178 0.9231 3.5761 1.2399 34.6059 -7.7518 -0.7381
Pedestrian -1 -1 -5.1496 565.5001 171.7204 586.7332 219.6729 1.7783 0.6201 0.5550 -0.9768 1.4160 27.0282 -5.1906 -0.7600
Car -1 -1 -8.7322 0.0000 0.0000 1237.0000 373.0000 1.6746 1.5208 3.2304 2.2854 1.5847 1.5362 -7.8353 -0.8548
Pedestrian -1 -1 -6.5241 642.9475 172.7125 654.1902 194.4473 1.8206 0.4939 0.8496 3.9939 1.0843 60.4896 -6.4635 -1.0761
Pedestrian -1 -1 -4.5545 610.7931 168.2732 626.1863 203.3560 1.8688 0.7123 0.8344 0.9179 1.1644 38.7382 -4.5360 -1.2013
Cyclist -1 -1 -7.1375 481.5663 181.8419 550.3984 246.7990 1.5453 0.7647 1.7424 -2.1567 1.5548 18.0342 -7.2602 -1.2172
Pedestrian -1 -1 -3.3402 538.7411 177.1747 561.9745 225.5696 1.6360 0.6200 0.6839 -1.7839 1.4902 24.6753 -3.4168 -1.2741
Pedestrian -1 -1 -4.7861 708.9309 168.4680 721.7548 206.9266 1.8414 0.5776 0.4262 5.4776 1.2177 34.6294 -4.6355 -1.2794
Pedestrian -1 -1 -4.6453 769.8713 179.9448 787.0343 226.9853 1.4311 0.4896 0.4323 5.4258 1.3842 22.1318 -4.4128 -1.3090
Cyclist -1 -1 -7.7241 453.9594 179.6348 476.2650 241.5702 1.6125 0.3981 1.6155 -3.7255 1.5645 19.5210 -7.9156 -1.3207
Pedestrian -1 -1 -7.9564 537.9837 173.8655 555.6363 213.4683 1.6955 0.7007 0.6069 -2.3857 1.3689 31.1160 -8.0374 -1.3388
Cyclist -1 -1 -5.1563 664.1898 173.9522 690.7803 212.0428 1.5976 0.5639 1.4420 3.2439 1.2813 30.9024 -5.0578 -1.4018
Cyclist -1 -1 -2.8366 527.8844 167.8384 562.7512 204.7120 1.8953 0.6817 1.6861 -2.9289 1.1933 37.4414 -2.9192 -1.4253
Cyclist -1 -1 -4.6961 804.2158 178.8649 845.4503 303.3462 1.5526 0.4949 1.5618 2.9888 1.5204 9.7787 -4.4126 -1.6167
Pedestrian -1 -1 -3.5861 771.8815 161.6983 807.7236 231.7580 1.8818 0.7577 0.6887 5.1339 1.3504 19.7334 -3.3401 -1.6207
Pedestrian -1 -1 -7.3348 673.6559 171.0116 689.0415 201.9607 1.7222 0.5525 0.7740 4.4984 1.1387 40.4482 -7.2298 -1.7446
Car -1 -1 -7.6278 707.1254 170.2800 753.5975 200.5721 1.5722 1.6846 3.9775 7.1234 0.9901 39.4433 -7.4553 -1.7516
Cyclist -1 -1 -7.5918 82.8613 178.8414 159.4064 320.3809 1.6368 0.3790 1.6872 -6.1324 1.6067 9.1674 -8.1741 -1.7581
Cyclist -1 -1 -3.4947 541.3871 165.1204 573.8875 197.3890 1.8741 0.6528 1.7996 -2.5830 0.9229 42.3846 -3.5601 -1.8775
Car -1 -1 -4.7944 639.3723 168.1267 660.9690 185.4954 1.5826 1.6559 4.2808 4.5914 0.3638 67.6081 -4.7317 -1.9006
Pedestrian -1 -1 -5.8986 574.5923 170.3046 582.8824 190.0924 1.7796 0.4892 0.6115 -2.0185 0.7725 64.9370 -5.9344 -1.9555
Cyclist -1 -1 -2.7203 485.6078 173.7952 534.2769 221.8026 1.7702 0.7085 1.6761 -3.4665 1.4865 27.0662 -2.8517 -1.9883
Car -1 -1 -6.8679 537.1974 165.3404 611.9225 193.9790 1.6729 1.6884 4.3650 -1.6104 0.7291 43.9245 -6.9092 -2.0067
Pedestrian -1 -1 -8.1057 627.9496 173.2723 644.3364 210.1017 1.6357 0.5913 0.6394 1.5417 1.2706 32.2773 -8.0635 -2.0106
Car -1 -1 -8.4218 639.7764 172.6631 688.2180 199.7088 1.5003 1.4834 2.8285 3.5776 1.0103 41.4454 -8.3413 -2.0415
Cyclist -1 -1 -7.7286 732.1060 168.9346 745.6552 202.3934 1.7231 0.4945 1.7994 7.2572 1.0762 37.9253 -7.5458 -2.0433
Car -1 -1 -2.6646 496.7069 169.3475 550.1299 191.3022 1.6822 1.6619 3.8426 -6.1129 0.7510 56.5025 -2.7768 -2.0682
Cyclist -1 -1 -6.7829 625.2756 169.5458 658.5684 204.0170 1.8071 0.6610 1.6608 2.1549 1.1806 38.3162 -6.7322 -2.0729
Pedestrian -1 -1 -7.4362 527.2615 177.0121 551.4155 226.7990 1.6301 0.5819 0.6716 -2.0920 1.4836 23.9307 -7.5277 -2.1770
