Cyclist -1 -1 -4.5568 466.7470 171.7236 515.1116 285.3594 1.7228 0.5337 1.6924 -1.8220 1.5753 11.7372 -4.7132 2.2227
Pedestrian -1 -1 -4.3079 377.2951 161.1266 452.5985 305.4667 1.8378 0.6653 0.9428 -2.5342 1.5790 9.6614 -4.5638 1.7324
Pedestrian -1 -1 -7.8335 551.0427 169.9839 570.9275 225.0526 1.7080 0.6162 0.6662 -1.2984 1.3513 22.6256 -7.8954 1.5924
Pedestrian -1 -1 -4.8980 802.2814 142.6877 875.5965 307.0472 1.8395 0.6589 0.8627 2.7386 1.4058 8.5047 -4.6011 1.1614
Pedestrian -1 -1 -8.4005 908.0011 135.4641 1026.2921 329.6359 1.8038 0.6119 0.9952 3.5762 1.3769 7.2003 -7.9595 1.0777
Pedestrian -1 -1 -8.0571 519.6379 169.6679 541.8923 221.4394 1.7163 0.5981 0.7858 -2.4196 1.3245 24.2791 -8.1605 1.0646
Pedestrian -1 -1 -4.5157 467.5065 168.7489 489.2106 219.2333 1.8122 0.6296 0.8576 -4.5100 1.3549 26.2211 -4.6896 0.6441
Pedestrian -1 -1 -6.9805 570.7949 166.6367 653.5950 285.7930 1.7054 0.6756 1.0730 0.1217 1.4933 10.8833 -6.9754 0.5978
Pedestrian -1 -1 -8.0094 628.6049 166.7811 645.4462 207.3581 1.7553 0.6363 0.6675 1.5381 1.1189 31.4411 -7.9660 0.5862
Pedestrian -1 -1 -2.9003 96.6744 173.6115 185.0697 325.3922 1.6855 0.5286 0.7594 -5.3793 1.5986 8.3480 -3.4644 0.5846
Pedestrian -1 -1 -2.5395 440.0222 182.6384 479.3181 248.4027 1.5214 0.5077 0.7592 -3.3924 1.5495 17.0131 -2.7388 0.5028
Pedestrian -1 -1 -5.7573 321.7274 190.9929 383.1893 284.2255 1.4879 0.5503 0.7918 -4.1536 1.6501 11.8791 -6.0927 0.3748
Pedestrian -1 -1 -4.8888 491.3850 168.2505 514.2730 218.4034 1.7959 0.6919 0.8110 -3.6269 1.3219 26.2160 -5.0301 0.2858
Pedestrian -1 -1 -7.8991 572.7862 165.1467 589.5148 209.8927 1.8677 0.6714 0.6938 -0.8786 1.1854 30.3550 -7.9329 0.1336
Pedestrian -1 -1 -7.6272 571.5741 168.6387 594.3698 222.4164 1.7314 0.5902 0.7891 -0.6283 1.3178 23.5717 -7.6588 0.0796
Pedestrian -1 -1 -6.1154 564.7036 171.1363 579.9969 204.8902 1.7411 0.6509 0.7005 -1.5195 1.2067 37.4180 -6.1608 -0.0593
Pedestrian -1 -1 -6.3813 119.1970 166.9844 206.0712 308.9243 1.7726 0.6358 0.9245 -5.8515 1.5920 9.5027 -6.9268 -0.1058
Pedestrian -1 -1 -7.4826 840.8403 152.0312 882.8533 243.2062 1.8284 0.5439 0.8880 5.3732 1.2380 14.9197 -7.1478 -0.1794
Pedestrian -1 -1 -2.6806 651.4600 164.1278 677.4491 211.9301 1.7471 0.6080 0.7747 2.3216 1.1125 26.7135 -2.5998 -0.3963
Pedestrian -1 -1 -7.7000 581.2678 169.9663 601.5113 224.9919 1.6993 0.5378 0.7130 -0.3403 1.3435 22.5725 -7.7201 -0.5345
Pedestrian -1 -1 -6.6263 592.3602 168.8668 614.8079 219.7583 1.6972 0.5711 0.6004 0.0436 1.2763 24.3260 -6.6297 -0.7239
Pedestrian -1 -1 -3.6737 506.1806 174.2088 519.8727 199.9289 1.8060 0.6172 0.7536 -6.2543 1.2940 50.9152 -3.8003 -0.8972
Pedestrian -1 -1 -2.7310 0.0000 173.0329 61.1196 314.5953 1.7291 0.6453 0.5299 -7.3921 1.6263 9.1538 -3.4021 -0.9064
Pedestrian -1 -1 -4.9161 456.7963 179.7011 480.3033 231.0214 1.4994 0.5473 0.7423 -3.9998 1.4473 21.4345 -5.1037 -0.9204
Pedestrian -1 -1 -6.5053 805.9924 155.6089 842.9683 240.9596 1.8119 0.5275 0.6582 4.7769 1.2628 15.5346 -6.2169 -0.9984
Pedestrian -1 -1 -4.4013 616.5656 169.6243 629.7324 199.8144 1.8437 0.6109 0.7650 1.3450 1.1186 44.3316 -4.3761 -1.1481
Pedestrian -1 -1 -5.3109 759.2029 192.3662 840.1451 348.1491 1.3459 0.3859 0.7005 1.7701 1.4533 6.6568 -5.0666 -1.2243
Pedestrian -1 -1 -4.9444 440.3974 175.9711 468.5628 242.0015 1.6367 0.5390 0.7544 -3.7757 1.5002 18.2615 -5.1509 -1.2549
Pedestrian -1 -1 -2.5192 268.7441 192.8535 323.8017 292.4096 1.4579 0.5473 0.5563 -4.6781 1.6364 10.9222 -2.9211 -1.2743
Pedestrian -1 -1 -3.1791 635.7040 166.7586 648.3431 205.3614 1.7689 0.5185 0.5601 1.8588 1.0937 33.1787 -3.1287 -1.4097
Pedestrian -1 -1 -7.3602 368.7267 181.5238 413.3191 265.0830 1.6094 0.5632 0.7502 -4.2087 1.6105 14.2605 -7.6479 -1.4230
Pedestrian -1 -1 -8.2884 456.5031 169.1319 472.0585 201.9257 1.8767 0.6727 0.6476 -7.9390 1.1691 41.5685 -8.4810 -1.4312
Pedestrian -1 -1 -7.7739 483.1107 168.7678 497.3869 205.6210 1.8725 0.6745 0.6943 -5.7115 1.2258 36.8708 -7.9316 -1.4972
Pedestrian -1 -1 -4.1656 0.0000 253.0378 61.5801 373.0000 1.1417 0.4090 0.3933 -3.8581 1.6229 4.6032 -4.8423 -1.5768
Car -1 -1 -3.4038 460.1175 175.7181 520.0277 199.6208 1.6406 1.6739 3.8884 -7.8715 1.2437 50.8600 -3.5616 -1.6932
Pedestrian -1 -1 -3.1963 692.5609 161.4828 709.0717 206.8510 1.7473 0.6182 0.5994 3.8484 0.9767 27.9974 -3.0660 -1.7228
Car -1 -1 -7.6290 702.1784 163.8886 767.2933 207.5840 1.5053 1.6027 3.8053 5.0174 0.8990 26.8106 -7.4508 -1.7474
Cyclist -1 -1 -4.2927 248.3022 193.5685 317.3854 288.7066 1.4687 0.4906 1.4953 -5.3429 1.6839 12.0275 -4.7084 -1.7688
Cyclist -1 -1 -4.9166 664.5746 175.2795 698.2139 239.8880 1.5631 0.5412 1.4766 1.9672 1.4131 18.1408 -4.8154 -1.8415
Pedestrian -1 -1 -4.6411 373.8603 184.8602 390.8461 228.9236 1.3465 0.4770 0.4093 -6.8104 1.4522 22.2433 -4.9402 -1.8552
Pedestrian -1 -1 -4.3907 606.3524 170.0397 618.6047 199.8248 1.8405 0.5752 0.7013 0.6943 1.1324 44.8138 -4.3803 -1.8913
Pedestrian -1 -1 -3.0208 651.3206 164.0235 662.2546 208.8405 1.8276 0.5161 0.3932 2.2624 1.1153 29.5842 -2.9502 -2.0041
Pedestrian -1 -1 -3.4759 647.6252 168.4170 663.4617 199.6045 1.8357 0.6567 0.7627 3.2140 1.0657 42.6975 -3.4063 -2.0324
Car -1 -1 -6.3992 592.6683 172.5768 688.0840 208.7264 1.5271 1.7059 3.9741 1.6350 1.1505 31.3349 -6.3526 -2.0625
Cyclist -1 -1 -4.6691 426.9229 175.0074 449.4739 230.8554 1.6152 0.6020 1.5493 -4.9244 1.4279 21.5923 -4.8960 -2.1089
Pedestrian -1 -1 -5.6618 675.6276 163.1757 698.9018 210.7585 1.7667 0.5901 0.6510 3.2166 1.0867 27.1086 -5.5499 -2.1335
Cyclist -1 -1 -7.7907 707.8922 167.9632 723.1075 217.2896 1.6588 0.4298 1.7413 3.9612 1.2040 25.0528 -7.6406 -2.1481
