Cyclist -1 -1 -3.3560 565.2793 179.4684 610.4325 219.4068 1.6943 0.7351 1.8347 -0.6081 1.6085 31.0488 -3.3807 1.1622
Pedestrian -1 -1 -7.3208 512.2502 180.0994 541.2509 232.0621 1.6158 0.6095 0.7747 -2.3962 1.5727 22.8149 -7.4296 0.9649
Pedestrian -1 -1 -4.4066 447.9495 176.5418 486.7514 255.7864 1.7303 0.6423 0.8226 -3.0394 1.6226 16.1305 -4.5955 0.6426
Pedestrian -1 -1 -4.8077 878.7280 167.8467 949.5229 304.1276 1.6909 0.7548 0.8693 4.0343 1.5222 9.4381 -4.4193 0.4035
Pedestrian -1 -1 -3.5226 187.9256 185.5922 246.9725 319.5252 1.6265 0.5525 0.4909 -4.9190 1.6812 9.1118 -4.0117 0.2987
Pedestrian -1 -1 -4.3614 618.1461 175.9824 638.3069 218.3001 1.8051 0.5991 0.9214 1.1508 1.5701 31.1809 -4.3300 0.1099
Pedestrian -1 -1 -4.6871 631.8675 175.6589 642.4449 208.1691 1.8923 0.6045 0.9620 2.1071 1.5524 42.3115 -4.6428 -0.0738
Pedestrian -1 -1 -7.9019 592.3753 179.8253 607.2653 216.4270 1.6844 0.6473 0.8793 -0.0929 1.6076 33.5153 -7.9099 -0.1997
Pedestrian -1 -1 -8.0968 655.1972 175.0928 669.0752 208.2393 1.8915 0.6001 0.8763 3.4993 1.5260 41.4732 -8.0183 -0.2384
Cyclist -1 -1 -7.5424 604.1407 181.1571 623.9203 212.4247 1.6834 0.6141 1.6771 0.6990 1.6651 39.5662 -7.5301 -0.4446
Pedestrian -1 -1 -7.9702 665.5002 174.9281 677.5154 208.0499 1.8940 0.5908 0.8490 4.0440 1.5183 41.5073 -7.8788 -0.4763
Pedestrian -1 -1 -6.1554 661.4564 177.3502 677.6808 207.0632 1.8006 0.4907 0.9340 4.1645 1.5492 43.8699 -6.0664 -0.5916
Pedestrian -1 -1 -5.0342 444.5394 177.7059 472.4276 237.7586 1.7339 0.6451 0.6068 -4.2450 1.6249 21.1648 -5.2352 -0.8776
Pedestrian -1 -1 -6.7185 643.1426 175.3764 657.7843 199.8372 1.8028 0.4882 0.9690 3.6562 1.3514 53.3455 -6.6554 -0.8967
Car -1 -1 -8.4406 636.2678 179.4263 684.9837 201.8346 1.5045 1.6268 3.6549 4.1087 1.3652 50.2200 -8.3644 -1.1239
Pedestrian -1 -1 -4.3240 229.4931 197.2120 253.8822 247.8679 1.7995 0.6275 0.5549 -13.0430 2.3753 26.0061 -4.7904 -1.3999
Cyclist -1 -1 -8.3376 676.0961 177.4728 720.6071 246.3337 1.6422 0.3951 1.5859 2.3642 1.5467 17.9431 -8.2139 -1.6020
Cyclist -1 -1 -7.8119 127.8905 173.5970 159.9718 285.9500 1.7012 0.3682 1.6487 -7.4677 1.5821 11.6828 -8.3761 -1.6546
Car -1 -1 -7.8231 571.1133 182.9813 600.1826 209.8873 1.4948 1.6041 3.8596 -0.8859 1.5856 42.0522 -7.8492 -1.7595
Pedestrian -1 -1 -7.8345 618.8802 175.3989 627.7472 200.5813 1.8086 0.6315 0.7483 1.5991 1.3704 51.9799 -7.8089 -1.8169
Car -1 -1 -5.1797 692.9861 175.0082 840.2892 257.4861 1.6444 1.6681 3.8327 3.5633 1.5155 16.3886 -4.9744 -2.0994
Pedestrian -1 -1 -7.6602 307.3954 176.8130 339.9091 250.8293 1.7115 0.5988 0.6866 -6.6028 1.6037 17.0013 -8.0310 -2.1196
Car -1 -1 -4.9529 686.0206 182.0125 753.0839 223.3856 1.4701 1.6023 3.9735 4.4315 1.4916 27.6244 -4.8005 -2.1221
Cyclist -1 -1 -7.3578 543.8932 179.0582 568.2761 212.2597 1.7262 0.4923 1.8327 -2.4107 1.5994 38.2831 -7.4255 -2.1932
