Cyclist -1 -1 -4.7450 500.6800 169.2723 530.8865 255.4597 1.6900 0.5548 1.7379 -1.8443 1.4508 14.9873 -4.8708 1.7572
Pedestrian -1 -1 -4.8395 755.8714 147.2747 808.3938 273.1696 1.8470 0.6602 0.8815 2.7066 1.3455 11.0108 -4.6094 1.6769
Pedestrian -1 -1 -3.7016 556.1683 166.5718 624.8898 269.8739 1.6676 0.5721 1.0096 -0.2263 1.4272 12.1130 -3.7255 0.8589
Pedestrian -1 -1 -8.2794 867.7853 143.9389 962.5860 304.7388 1.7671 0.6609 0.9606 3.5826 1.3550 8.3869 -7.8925 0.5716
Pedestrian -1 -1 -7.8864 530.5288 167.2191 549.8302 217.4976 1.7442 0.6439 0.9550 -2.1995 1.2492 25.4324 -7.9770 0.5482
Cyclist -1 -1 -2.3882 48.5648 172.2263 182.9422 289.2776 1.7076 0.6074 1.7549 -7.4153 1.5730 10.9212 -2.9792 0.5315
Pedestrian -1 -1 -7.9955 553.0585 164.8583 575.0323 220.5264 1.7955 0.5754 1.0533 -1.2702 1.2592 23.7418 -8.0535 0.3322
Pedestrian -1 -1 -7.5828 820.0173 150.9041 854.6114 232.0329 1.8260 0.5669 0.8399 5.4426 1.1379 16.6748 -7.2771 0.2294
Pedestrian -1 -1 -5.3320 572.0121 165.9820 599.2141 217.5083 1.7374 0.5691 0.8093 -0.5732 1.2146 24.7162 -5.3601 0.2141
Pedestrian -1 -1 -7.9687 598.7742 166.3457 617.0051 216.5456 1.7273 0.5312 0.9182 0.1958 1.2063 25.2025 -7.9662 0.1621
Pedestrian -1 -1 -4.3213 435.3220 161.6731 491.2339 272.8187 1.8068 0.6648 0.8323 -2.3679 1.4852 12.1508 -4.5154 0.1094
Pedestrian -1 -1 -8.5937 566.9254 167.5106 585.5450 202.3348 1.8347 0.5141 0.9074 -1.3532 1.0978 38.3475 -8.6338 0.0896
Pedestrian -1 -1 -3.4536 240.4158 158.9787 310.3571 291.1985 1.8119 0.5412 0.7860 -4.7227 1.5039 10.3083 -3.8794 -0.4574
Pedestrian -1 -1 -5.2485 586.9329 163.7099 612.3815 213.7702 1.8043 0.5479 0.9029 -0.0932 1.1635 26.4189 -5.2571 -0.4575
Pedestrian -1 -1 -3.1388 584.3003 166.2649 611.2344 219.5022 1.7386 0.5891 0.8797 -0.1501 1.2415 23.7570 -3.1502 -0.5450
Pedestrian -1 -1 -7.8281 634.4333 165.4564 648.6596 204.5402 1.7576 0.6342 0.5904 1.8098 1.0364 32.6223 -7.7782 -0.6750
Pedestrian -1 -1 -7.8962 458.1814 170.0080 481.5359 232.2092 1.7006 0.6125 0.5722 -3.6974 1.3869 19.9877 -8.0820 -0.7814
Pedestrian -1 -1 -8.0925 579.5131 160.5893 599.5886 204.1525 1.8777 0.7053 0.8001 -0.5405 0.9767 31.4405 -8.1146 -0.8905
Pedestrian -1 -1 -7.9261 647.2837 157.6373 664.2266 202.4825 1.8976 0.6645 0.7700 2.3060 0.8882 30.7816 -7.8569 -0.9560
Cyclist -1 -1 -7.7762 698.7972 165.4604 712.9632 211.0845 1.6385 0.3991 1.7735 3.8682 1.0629 26.7066 -7.6388 -1.0207
Pedestrian -1 -1 -5.9722 362.1864 185.6997 407.8524 265.4485 1.4762 0.4975 0.7096 -4.1251 1.5576 13.5777 -6.2674 -1.0261
Pedestrian -1 -1 -5.2291 605.5565 168.3167 619.3397 196.7131 1.8426 0.5237 0.9019 0.7267 0.9872 47.1325 -5.2187 -1.0475
Pedestrian -1 -1 -2.5820 654.5588 163.1308 677.2479 208.6230 1.7338 0.6612 0.6209 2.4773 1.0341 27.8278 -2.4991 -1.1008
Pedestrian -1 -1 -2.2807 321.3409 183.3638 369.5338 271.9625 1.5140 0.5149 0.6293 -4.5566 1.5485 12.6704 -2.6250 -1.1136
Pedestrian -1 -1 -7.2844 247.9608 181.1673 366.9746 345.8007 1.5467 0.7118 0.9587 -2.9991 1.5443 7.2852 -7.6687 -1.1160
Pedestrian -1 -1 -4.7904 429.6523 186.3467 449.8398 240.4960 1.3232 0.4542 0.4554 -4.0647 1.4463 17.8892 -5.0160 -1.1630
Pedestrian -1 -1 -3.0581 422.8324 175.4153 462.3519 266.5304 1.6081 0.5781 0.6559 -2.9106 1.5013 13.0095 -3.2795 -1.1947
Cyclist -1 -1 -7.8108 477.0822 176.1295 491.8866 224.5535 1.5115 0.4149 1.5369 -3.7988 1.3443 23.2100 -7.9764 -1.2954
Pedestrian -1 -1 -7.3765 799.5425 151.5276 838.3742 230.8848 1.8292 0.6015 0.7668 5.1256 1.1389 17.0428 -7.0938 -1.3218
Pedestrian -1 -1 -7.9480 396.1614 174.0665 417.2534 224.3461 1.6509 0.6270 0.5589 -6.5240 1.4072 23.9584 -8.2164 -1.3465
Cyclist -1 -1 -4.5218 611.4609 170.7617 635.6072 222.3527 1.6261 0.5370 1.4179 0.7024 1.2881 23.3916 -4.4974 -1.3586
Pedestrian -1 -1 -4.2805 615.7844 168.6140 628.0068 197.1637 1.8291 0.5066 0.7977 1.3321 1.0036 46.4910 -4.2570 -1.3759
Pedestrian -1 -1 -5.9221 677.3791 162.2257 702.6752 204.2660 1.6697 0.5781 0.8665 3.5561 0.9045 28.9856 -5.8061 -1.4224
Pedestrian -1 -1 -6.9844 187.7293 165.9384 257.9059 282.9557 1.7366 0.6068 0.7462 -5.8959 1.5063 11.1206 -7.4679 -1.4559
Pedestrian -1 -1 -7.3881 477.1349 169.3302 502.5720 213.3922 1.7253 0.6055 1.0414 -4.4735 1.2492 28.7158 -7.5464 -1.5039
Pedestrian -1 -1 -4.8119 917.6149 150.0720 965.1490 282.6205 1.6677 0.4887 0.6411 4.3968 1.2730 9.4194 -4.3911 -1.7139
Pedestrian -1 -1 -4.0214 0.0000 238.2735 89.8595 373.0000 1.1573 0.3827 0.4537 -4.2673 1.6047 5.4163 -4.6719 -1.8184
Pedestrian -1 -1 -6.3558 687.7149 159.3226 703.5842 202.1019 1.7585 0.6481 0.6037 3.8952 0.8472 29.8679 -6.2322 -1.8496
Cyclist -1 -1 -8.3060 663.9313 161.1145 692.2670 199.5217 1.7937 0.6151 1.8065 3.6559 0.8419 34.5024 -8.2062 -1.8740
Pedestrian -1 -1 -5.0704 795.0812 204.5406 850.7672 327.4323 1.1907 0.3570 0.5756 2.2120 1.4376 7.3743 -4.7944 -1.9083
Pedestrian -1 -1 -6.9764 223.6132 162.8973 286.5657 282.7989 1.7682 0.5466 0.6770 -5.3482 1.4945 11.0147 -7.4248 -1.9364
Cyclist -1 -1 -7.9112 713.3434 165.3944 726.9473 211.1261 1.6439 0.3893 1.6535 4.3752 1.0653 26.6635 -7.7552 -2.0165
Pedestrian -1 -1 -8.2535 641.7349 163.8638 664.5164 209.3198 1.7143 0.6753 0.6300 1.9539 1.0495 27.4990 -8.1883 -2.0589
Pedestrian -1 -1 -8.4180 490.4224 167.4366 506.9942 201.8412 1.8319 0.6310 0.6538 -5.5407 1.0833 38.7020 -8.5643 -2.0794
Pedestrian -1 -1 -5.0456 665.4177 182.2242 685.8692 229.1504 1.2744 0.4193 0.4935 2.0102 1.2951 19.8056 -4.9510 -2.1011
Cyclist -1 -1 -8.1267 444.9403 168.9646 473.0139 221.8541 1.6983 0.4756 1.6710 -4.7828 1.2962 23.9177 -8.3272 -2.1226
Car -1 -1 -4.2718 518.8268 170.8684 554.8879 189.2075 1.5408 1.6172 3.9288 -5.5481 0.6474 62.4765 -4.3649 -2.1777
