Pedestrian -1 -1 -8.3790 807.7307 147.8600 867.8657 258.3683 1.7957 0.6135 0.8541 3.9413 1.2497 12.1568 -8.0772 1.6167
Pedestrian -1 -1 -4.8351 542.1239 156.0022 573.0164 224.9392 1.8619 0.7327 1.0024 -1.2610 1.1737 19.9626 -4.9025 1.1197
Cyclist -1 -1 -4.4230 548.5465 154.6587 580.1508 209.9093 1.8779 0.6503 1.7508 -1.3163 0.9660 25.3416 -4.4794 0.9906
Pedestrian -1 -1 -4.2685 482.4393 158.2827 517.5060 233.3477 1.7506 0.6067 0.6606 -2.4548 1.2097 17.1570 -4.4137 0.3042
Pedestrian -1 -1 -4.2832 706.3982 150.5158 744.2619 224.2355 1.8812 0.6838 0.8752 3.2271 1.0910 18.8841 -4.1214 0.0904
Pedestrian -1 -1 -7.5453 572.3591 154.3357 609.2546 235.8103 1.7996 0.6326 0.7935 -0.2724 1.2001 16.3363 -7.5670 0.0624
Pedestrian -1 -1 -7.2398 1027.6008 143.6988 1138.0221 324.2275 1.7056 0.7349 0.5622 4.7785 1.3492 7.2339 -6.6780 0.0461
Pedestrian -1 -1 -4.9783 591.8701 157.2732 611.5494 204.4285 1.7765 0.6060 0.6238 -0.0145 0.8642 27.4436 -4.9838 0.0344
Pedestrian -1 -1 -5.5079 68.0997 185.1059 200.0243 373.0000 1.5552 0.4287 0.7679 -3.6173 1.5850 5.4952 -6.0750 -0.0159
Pedestrian -1 -1 -4.6902 619.8523 159.3090 636.0287 204.4847 1.7080 0.6092 0.6857 0.9971 0.8694 27.5169 -4.6593 -0.0338
Cyclist -1 -1 -4.4831 368.0815 160.3288 447.3714 320.8635 1.7442 0.5603 1.6536 -2.3332 1.5149 8.6401 -4.7454 -0.1262
Pedestrian -1 -1 -7.5150 476.5163 164.3659 504.0459 221.0584 1.6866 0.6206 0.7302 -3.3954 1.1773 21.7854 -7.6730 -0.3709
Pedestrian -1 -1 -6.3913 603.8567 159.4250 621.7999 202.7113 1.7030 0.6646 0.6426 0.4300 0.8348 28.6226 -6.3814 -0.3902
Pedestrian -1 -1 -7.9822 536.4453 154.5923 554.5627 198.1958 1.8467 0.6548 0.9670 -2.4329 0.7074 30.9641 -8.0649 -0.4143
Pedestrian -1 -1 -4.5540 569.4500 154.6571 588.9140 201.1737 1.8515 0.6579 0.9084 -0.9150 0.7834 29.0822 -4.5901 -0.6292
Cyclist -1 -1 -7.1186 795.8331 158.2812 841.6992 207.0878 1.7849 0.6913 1.7072 8.1545 0.9362 27.0117 -6.8332 -0.6834
Cyclist -1 -1 -8.2731 656.7370 161.8489 689.5639 207.1158 1.6779 0.6295 1.6329 2.7083 0.9499 27.5010 -8.1809 -0.9169
Car -1 -1 -3.2432 604.1437 168.4992 698.0927 201.1189 1.4805 1.6171 4.2173 2.2561 0.8907 33.4944 -3.1814 -0.9193
Pedestrian -1 -1 -3.2813 805.7886 167.0341 826.2135 229.7574 1.4702 0.4057 0.4079 5.0575 1.1317 17.0670 -3.0025 -0.9951
Pedestrian -1 -1 -3.1512 507.1609 166.4847 535.7231 229.0238 1.6223 0.5460 0.7384 -2.1484 1.2333 18.9508 -3.2678 -1.1088
Car -1 -1 -4.8392 742.4246 163.1645 801.8334 206.6931 1.5099 1.6460 3.8598 6.2908 0.8743 26.9176 -4.6168 -1.2134
Pedestrian -1 -1 -7.6510 511.5523 160.8088 531.9824 208.5769 1.6940 0.6185 0.6305 -2.8834 0.9606 25.8153 -7.7662 -1.2231
Pedestrian -1 -1 -7.6468 664.4618 150.0968 684.1019 194.7178 1.9058 0.6969 0.8321 3.1496 0.5648 31.1815 -7.5518 -1.4036
Pedestrian -1 -1 -3.3052 689.3246 165.8452 703.2672 197.3035 1.7198 0.6413 0.6624 5.2228 0.8641 39.6047 -3.1799 -1.4552
Pedestrian -1 -1 -6.8259 522.3447 161.7790 541.8910 211.5421 1.6801 0.5280 0.4581 -2.4010 1.0147 24.6005 -6.9272 -1.4593
Pedestrian -1 -1 -6.6114 507.7134 163.5110 520.1099 187.5691 1.8128 0.6443 0.7665 -6.6344 0.4572 54.5862 -6.7366 -1.4849
Pedestrian -1 -1 -6.4190 1209.2690 117.8306 1237.0000 252.9778 1.8247 0.5439 0.4176 8.7689 0.9657 10.0402 -5.7191 -1.4908
Pedestrian -1 -1 -7.1137 351.5014 163.8119 395.6460 236.3374 1.6727 0.7055 0.7082 -5.4359 1.2653 17.0365 -7.4234 -1.5393
Pedestrian -1 -1 -4.4090 527.4939 157.6244 544.5772 196.7549 1.9167 0.6247 0.8443 -3.2527 0.7474 35.6629 -4.5042 -1.5722
Pedestrian -1 -1 -8.1592 462.9120 166.1869 493.4000 228.0272 1.6313 0.6462 0.6393 -3.3629 1.2279 19.3822 -8.3340 -1.6269
Pedestrian -1 -1 -7.7992 608.8729 154.0445 623.5777 193.0932 1.8892 0.6820 0.8053 0.7175 0.5611 35.1787 -7.7838 -1.6409
Cyclist -1 -1 -8.3365 667.8837 166.4347 697.3538 210.7071 1.5375 0.3624 1.5449 2.8701 1.0147 25.7305 -8.2316 -1.6546
Pedestrian -1 -1 -7.4637 434.7418 164.6765 488.5566 259.7749 1.6573 0.7149 0.7759 -2.5550 1.3647 12.9683 -7.6600 -1.7314
Pedestrian -1 -1 -5.1681 310.0508 166.7415 342.4867 238.4727 1.6302 0.5396 0.4976 -6.4310 1.2953 16.6920 -5.5358 -1.8323
Cyclist -1 -1 -8.2868 696.2858 164.5750 718.7803 198.6314 1.6304 0.4373 1.6303 5.1821 0.8204 35.2337 -8.1468 -2.0178
Pedestrian -1 -1 -7.3692 783.7651 154.6472 811.3470 211.1767 1.7161 0.6458 0.5441 6.0383 0.9014 22.2263 -7.1120 -2.0419
Pedestrian -1 -1 -7.8481 657.3186 159.1049 670.4957 193.7635 1.7365 0.6582 0.6532 3.1510 0.6146 36.3439 -7.7671 -2.1379
Pedestrian -1 -1 -6.2519 433.5599 164.4214 452.5518 214.4115 1.6715 0.6215 0.6136 -5.3975 1.1009 24.3823 -6.4726 -2.1597
Pedestrian -1 -1 -7.9324 582.6002 157.0495 598.0344 203.3670 1.8018 0.5598 0.5780 -0.4610 0.8510 28.2592 -7.9535 -2.1852
