Pedestrian -1 -1 -8.2587 849.7208 144.2841 940.2017 293.3570 1.7390 0.6937 0.9708 3.5493 1.3056 8.8787 -7.8940 1.5994
Pedestrian -1 -1 -4.3971 455.7135 160.6380 503.5591 264.3284 1.8238 0.6264 0.8685 -2.2528 1.4575 13.1090 -4.5695 1.5671
Cyclist -1 -1 -4.7230 512.6680 166.6009 538.5737 245.2600 1.6996 0.5563 1.6671 -1.7814 1.3782 16.3825 -4.8350 1.3888
Pedestrian -1 -1 -4.8544 742.6317 146.6117 790.2370 261.5240 1.8538 0.6501 0.8595 2.7061 1.2916 12.0398 -4.6434 1.2701
Pedestrian -1 -1 -8.0966 534.7972 163.7644 555.9926 213.1250 1.7448 0.5773 0.8168 -2.0469 1.1183 25.8710 -8.1799 0.9592
Pedestrian -1 -1 -6.9749 554.7315 163.3674 620.0947 263.9410 1.6977 0.6507 0.9613 -0.2879 1.3922 12.6869 -7.0026 0.8965
Pedestrian -1 -1 -7.9292 557.0252 164.8501 576.9678 216.8194 1.7103 0.5875 1.0336 -1.1931 1.1628 24.1906 -7.9831 0.8494
Pedestrian -1 -1 -6.3996 431.6987 175.3281 480.3901 259.9815 1.5847 0.7173 0.8434 -2.8662 1.4698 13.9206 -6.6045 0.2511
Pedestrian -1 -1 -8.3399 596.5698 164.8580 621.5474 212.3835 1.6623 0.5820 0.7978 0.2434 1.0806 25.6138 -8.3355 0.0978
Pedestrian -1 -1 -7.9239 588.6629 164.5541 607.6629 216.6240 1.7227 0.5799 0.7916 -0.1418 1.1625 24.1839 -7.9349 0.0358
Pedestrian -1 -1 -7.7806 634.1668 159.5824 650.7878 199.2137 1.7936 0.6975 1.0211 1.8804 0.8019 33.0596 -7.7291 -0.1170
Pedestrian -1 -1 -4.5937 492.2506 160.6175 512.4763 207.7830 1.9018 0.7189 0.9513 -4.0737 1.0601 29.4483 -4.7350 -0.2802
Pedestrian -1 -1 -4.3743 583.0587 160.0864 601.6804 200.6732 1.7776 0.6094 0.7724 -0.4149 0.8401 31.9246 -4.3921 -0.4299
Pedestrian -1 -1 -4.7678 294.3134 161.7663 340.7661 281.9117 1.8070 0.6437 0.5056 -4.4626 1.5108 11.1684 -5.1456 -0.5082
Pedestrian -1 -1 -6.6653 216.6631 170.0876 275.7177 276.2455 1.6927 0.6600 0.6823 -5.9421 1.5113 11.9281 -7.1243 -0.5938
Pedestrian -1 -1 -7.8255 661.4407 159.9965 678.2590 204.6894 1.7346 0.6451 0.6260 2.6708 0.9004 28.2277 -7.7370 -0.6426
Pedestrian -1 -1 -4.5863 610.0929 165.4880 619.7928 193.5269 1.8556 0.5383 0.9555 0.9145 0.7959 48.0495 -4.5723 -0.7337
Pedestrian -1 -1 -7.2725 284.8629 180.3277 395.7767 329.4648 1.5309 0.6959 1.0451 -2.9120 1.5196 7.9632 -7.6187 -0.7720
Cyclist -1 -1 -2.3353 93.3805 172.3489 214.2274 281.8195 1.7036 0.5753 1.8128 -7.3204 1.5618 11.6824 -2.8906 -0.7905
Pedestrian -1 -1 -3.4365 673.5087 163.0190 690.5287 198.9151 1.7178 0.7179 0.6339 3.8878 0.8337 34.7883 -3.3310 -0.8098
Pedestrian -1 -1 -7.6449 814.5165 147.5757 846.0012 225.6622 1.8480 0.5977 0.7316 5.5307 1.0457 17.4648 -7.3477 -0.8180
Pedestrian -1 -1 -6.1808 377.1310 182.6790 422.2187 260.4637 1.5156 0.5652 0.8163 -4.0624 1.5403 14.3562 -6.4573 -0.8619
Pedestrian -1 -1 -7.7587 648.5986 155.5974 665.7460 199.1481 1.8625 0.6850 0.6594 2.3998 0.7551 31.1025 -7.6873 -0.9511
Pedestrian -1 -1 -6.7143 699.1006 153.2659 731.4217 208.9323 1.8874 0.5624 0.9510 3.8942 0.9305 24.7583 -6.5649 -0.9609
Pedestrian -1 -1 -5.3174 340.9982 182.4032 386.1475 267.0031 1.5289 0.5498 0.6093 -4.4762 1.5469 13.3931 -5.6397 -0.9953
Pedestrian -1 -1 -7.5826 792.9321 148.2805 825.7954 224.5909 1.8496 0.6386 0.6515 5.1348 1.0450 17.8545 -7.3116 -1.1352
Pedestrian -1 -1 -7.8669 572.3665 163.0754 585.3406 197.6953 1.8499 0.6865 0.6711 -1.2261 0.8656 38.7365 -7.9033 -1.3506
Cyclist -1 -1 -4.6622 490.8231 168.4729 507.9279 215.0460 1.6265 0.5465 1.4116 -3.6834 1.1719 25.8147 -4.8076 -1.5136
Pedestrian -1 -1 -7.8154 462.3740 165.5085 486.8172 227.6423 1.7552 0.6717 0.6365 -3.6727 1.3039 20.6540 -7.9944 -1.5647
Pedestrian -1 -1 -7.1266 479.1704 161.6005 492.9330 187.9507 1.9077 0.5622 0.8651 -8.4196 0.4670 52.5205 -7.2897 -1.5962
Pedestrian -1 -1 -4.4022 612.8666 172.6251 632.0453 216.9086 1.4534 0.4831 0.5967 0.6761 1.1626 23.9376 -4.3794 -1.6351
Pedestrian -1 -1 -7.3403 618.8845 164.3908 633.1667 192.8291 1.8601 0.5870 0.8873 1.6361 0.7410 47.5168 -7.3110 -1.6912
Pedestrian -1 -1 -7.6908 644.6165 160.8511 664.0222 206.6209 1.7601 0.6661 0.6223 2.0435 0.9664 28.0032 -7.6237 -1.7822
Car -1 -1 -7.5262 526.1835 170.1321 558.1989 187.4828 1.4835 1.6165 4.0711 -5.1741 0.5113 63.5895 -7.6119 -1.8099
Pedestrian -1 -1 -7.4046 483.3926 163.4394 497.9992 193.8556 1.8762 0.6791 0.6654 -6.8897 0.7622 44.7266 -7.5615 -1.8258
Car -1 -1 -8.0077 617.5486 169.5432 668.4838 206.1976 1.3941 1.5208 3.4461 1.6078 0.9397 29.1143 -7.9580 -1.8838
Pedestrian -1 -1 -7.9424 463.7639 159.2845 475.6566 189.3347 1.8889 0.6817 0.6798 -8.3543 0.4925 45.5720 -8.1276 -1.8932
Car -1 -1 -6.6961 560.4595 165.5454 634.1882 196.5259 1.6570 1.6512 3.7525 -0.2314 0.8038 39.9433 -6.7068 -1.9055
Pedestrian -1 -1 -4.1777 857.7952 171.6849 889.2968 254.6000 1.3838 0.3667 0.3704 4.5949 1.2206 12.2478 -3.8311 -1.9109
Pedestrian -1 -1 -8.1419 435.5789 174.4774 461.0639 237.4269 1.6081 0.5244 0.5083 -4.0223 1.4292 18.6997 -8.3562 -1.9213
Cyclist -1 -1 -7.7430 696.9349 162.7781 714.0212 207.9158 1.6448 0.4609 1.7439 3.9087 0.9630 27.0774 -7.6060 -2.0196
Cyclist -1 -1 -5.1167 698.0013 157.0787 729.3773 202.7375 1.7357 0.6164 1.6203 4.3657 0.8077 28.1693 -4.9694 -2.0841
Pedestrian -1 -1 -5.2118 353.7769 172.0591 383.9980 234.6291 1.7031 0.6104 0.5485 -6.4945 1.4466 19.9621 -5.5278 -2.1237
Cyclist -1 -1 -7.9976 768.7042 155.6731 792.7791 224.0372 1.6981 0.3623 1.6016 4.6085 1.0571 18.6565 -7.7638 -2.1356
Car -1 -1 -8.1563 631.6034 166.8911 685.0928 198.9030 1.5184 1.6194 3.7066 2.7874 0.8257 36.0615 -8.0846 -2.1845
Cyclist -1 -1 -7.8404 691.0137 159.0727 700.5416 199.4789 1.6676 0.3902 1.6292 3.9901 0.7424 30.4809 -7.7163 -2.1854
Pedestrian -1 -1 -5.0952 773.3497 192.7171 825.7011 309.7058 1.2704 0.3733 0.5870 2.1951 1.4037 8.1766 -4.8466 -2.1926
