Cyclist -1 -1 -4.4643 286.9521 158.3556 431.8290 373.0000 1.7530 0.5487 1.7880 -1.7098 1.6160 5.1852 -4.7751 1.5090
Pedestrian -1 -1 -7.9036 555.0054 171.8982 580.9119 235.1603 1.7696 0.6878 0.9693 -1.0005 1.5015 20.6111 -7.9568 1.4324
Pedestrian -1 -1 -4.7813 463.7771 173.4052 492.5903 235.1364 1.8006 0.7789 0.9914 -3.7321 1.5650 21.5277 -4.9562 1.2743
Pedestrian -1 -1 -7.3634 644.0685 169.5615 731.1865 324.2132 1.6910 0.6375 0.9814 0.9767 1.5611 8.4393 -7.2577 1.0632
Pedestrian -1 -1 -2.9736 901.4882 146.4356 985.7747 276.0815 1.8327 0.5997 1.0557 5.0474 1.3377 10.6986 -2.5476 0.5237
Pedestrian -1 -1 -8.1918 653.0726 167.6170 675.4604 214.8395 1.7825 0.6429 0.7387 2.3840 1.2588 27.5543 -8.1115 0.3520
Pedestrian -1 -1 -2.4472 120.5981 188.1359 224.9744 350.0979 1.6026 0.4899 0.8016 -4.4774 1.6748 7.4392 -2.9797 0.2865
Pedestrian -1 -1 -4.3094 136.8149 155.9461 272.6279 373.0000 1.7678 0.5666 0.5733 -2.5256 1.6186 4.5260 -4.8015 0.2534
Pedestrian -1 -1 -4.2957 625.4478 169.4747 647.2310 213.7977 1.7933 0.6578 0.7316 1.4190 1.3071 29.5369 -4.2532 0.2334
Pedestrian -1 -1 -2.2909 500.6904 173.3850 533.3253 231.4486 1.7544 0.5250 0.9175 -2.6419 1.5096 22.2054 -2.4133 0.1800
Pedestrian -1 -1 -8.0888 582.0153 169.2604 608.1642 231.4950 1.8243 0.5835 0.9087 -0.2278 1.4660 21.5690 -8.1046 0.1333
Pedestrian -1 -1 -8.3593 1052.0646 124.3163 1237.0000 373.0000 1.8120 0.5894 1.1380 3.7065 1.4604 5.0218 -7.7538 0.0836
Pedestrian -1 -1 -8.1978 572.1501 169.5707 595.3658 216.4335 1.8178 0.6124 1.0000 -0.7262 1.3554 28.4416 -8.2283 -0.1178
Pedestrian -1 -1 -4.8424 592.9233 173.6796 614.3774 235.1425 1.7094 0.5036 0.8016 0.0253 1.4924 20.4090 -4.8465 -0.1764
Pedestrian -1 -1 -7.9598 480.9868 171.4140 496.7054 213.2309 1.9250 0.6463 0.7382 -5.2681 1.4610 33.5084 -8.1197 -0.2326
Pedestrian -1 -1 -7.1552 886.3062 152.5648 940.6561 264.7655 1.7982 0.6361 0.5278 5.1259 1.3351 11.9166 -6.7623 -0.2401
Pedestrian -1 -1 -6.8984 935.9522 150.9177 1001.9089 266.6338 1.7694 0.5207 0.7633 5.7277 1.3024 11.3024 -6.4440 -0.2805
Pedestrian -1 -1 -4.9669 452.5362 174.2065 467.9484 210.2859 1.8477 0.5721 0.9065 -7.3462 1.4744 37.3207 -5.1650 -0.3063
Pedestrian -1 -1 -5.5870 613.8326 172.8423 633.1135 206.2074 1.8277 0.5232 0.9546 1.2174 1.3536 39.8605 -5.5617 -0.4987
Car -1 -1 -4.6430 520.2838 180.9388 544.0657 202.0496 1.5452 1.5656 3.5943 -5.1977 1.5041 54.3992 -4.7429 -0.6298
Pedestrian -1 -1 -3.0948 412.1468 186.0427 448.1284 269.6841 1.5490 0.5936 0.6432 -3.2988 1.6385 13.6943 -3.3325 -0.6821
Pedestrian -1 -1 -7.9947 590.3804 171.7611 611.9094 225.9128 1.7334 0.6070 0.6762 -0.0417 1.4221 23.3729 -8.0017 -0.6902
Pedestrian -1 -1 -7.9763 604.9719 172.0101 626.4920 227.8578 1.7054 0.5770 0.7433 0.4101 1.4161 22.3369 -7.9635 -0.7332
Pedestrian -1 -1 -4.3151 484.2712 172.5601 515.6818 234.5014 1.8083 0.7127 0.7027 -3.0478 1.5477 21.3994 -4.4602 -0.7904
Pedestrian -1 -1 -7.7581 638.1454 168.8311 653.6436 211.1484 1.8019 0.6091 0.6819 1.9031 1.2628 30.9704 -7.7024 -0.8786
Pedestrian -1 -1 -2.5530 396.5815 184.0657 425.4939 246.0709 1.5364 0.5029 0.5142 -4.8421 1.6028 18.1460 -2.8156 -0.9097
Pedestrian -1 -1 -4.8854 440.0715 185.4191 465.4097 247.0698 1.5017 0.5004 0.7229 -3.7619 1.6026 17.9802 -5.0943 -1.0105
Pedestrian -1 -1 -2.9933 711.7228 163.3356 731.7286 218.0028 1.8273 0.5883 0.5938 4.0591 1.2206 24.3816 -2.8352 -1.0916
Pedestrian -1 -1 -6.1833 934.1622 154.3498 986.2689 259.8669 1.7232 0.4822 0.7499 6.0157 1.2805 12.1323 -5.7369 -1.1153
Pedestrian -1 -1 -4.8234 645.9451 169.5072 665.6072 221.5042 1.7420 0.5985 0.5950 1.8137 1.3407 24.3760 -4.7551 -1.1410
Pedestrian -1 -1 -4.7834 418.4544 176.7296 453.2298 262.1715 1.7104 0.6346 0.9215 -3.4866 1.6155 14.9141 -5.0148 -1.1848
Pedestrian -1 -1 -7.4383 461.9416 174.2864 479.6760 209.7765 1.8355 0.5942 0.9286 -6.8529 1.4627 37.6723 -7.6221 -1.2171
Pedestrian -1 -1 -6.3484 1144.3583 118.6812 1237.0000 373.0000 1.7184 0.5212 0.6764 2.8642 1.4674 3.2867 -5.6759 -1.3854
Pedestrian -1 -1 -7.1984 298.7337 189.7627 357.1573 299.3059 1.5703 0.5253 0.6583 -4.1282 1.6991 10.7469 -7.5630 -1.4076
Cyclist -1 -1 -7.9645 690.3196 171.5332 722.1090 254.3606 1.6751 0.4607 1.7682 2.1896 1.4741 15.4166 -7.8312 -1.4927
Pedestrian -1 -1 -8.2885 661.1487 169.2629 684.6134 221.5520 1.7620 0.6182 0.5599 2.4153 1.3500 24.5730 -8.1968 -1.5079
Pedestrian -1 -1 -7.9751 500.4757 175.1057 513.5785 206.1946 1.8167 0.6575 0.9214 -5.5897 1.4432 42.5053 -8.1102 -1.5095
Pedestrian -1 -1 -4.0937 855.8231 169.2643 890.2750 260.7302 1.5697 0.4379 0.3611 4.7227 1.3603 12.6103 -3.7476 -1.9039
Pedestrian -1 -1 -4.5841 638.5744 163.8373 647.4529 188.8102 1.9020 0.5742 0.9141 3.2166 0.5566 55.2107 -4.5311 -1.9040
Pedestrian -1 -1 -8.3525 618.8239 170.8972 630.8252 194.2296 1.7813 0.7349 0.5781 1.8172 0.9717 55.2642 -8.3248 -1.9977
Car -1 -1 -4.7777 635.2448 178.4274 693.0098 226.7412 1.4599 1.6072 3.6933 1.9540 1.3675 23.5609 -4.7011 -2.0280
Pedestrian -1 -1 -4.6477 643.0256 196.8767 660.9541 250.2031 1.1570 0.3739 0.4448 1.0877 1.5047 15.9706 -4.5863 -2.1307
Car -1 -1 -8.0226 634.9525 175.6656 695.6605 217.6992 1.4837 1.6504 3.7789 2.3299 1.2782 27.3121 -7.9434 -2.1592
