Pedestrian -1 -1 -4.8628 555.6162 176.4892 580.4383 229.4709 1.7993 0.7217 0.9393 -1.1917 1.6295 24.9276 -4.9154 0.9773
Pedestrian -1 -1 -4.4196 536.0685 178.8504 562.0306 236.5887 1.7102 0.5707 0.8390 -1.6100 1.6322 21.7478 -4.4980 0.8657
Pedestrian -1 -1 -4.5687 456.7024 183.3584 500.0557 280.2966 1.6467 0.6684 0.6090 -2.1805 1.6805 12.5291 -4.7433 0.8479
Pedestrian -1 -1 -7.8372 624.1336 177.4076 638.2480 219.4147 1.7299 0.5810 0.9380 1.2314 1.5617 30.0645 -7.8018 0.7820
Pedestrian -1 -1 -4.9811 608.0264 176.2205 627.8969 218.3273 1.7994 0.6540 0.8559 0.6965 1.5741 31.1936 -4.9642 0.6892
Pedestrian -1 -1 -4.5672 694.2162 172.3387 716.3845 228.1057 1.8163 0.6342 0.7347 3.4235 1.5184 23.8373 -4.4314 0.5819
Pedestrian -1 -1 -7.0082 299.2507 188.9956 418.0372 370.1862 1.6211 0.7283 0.8224 -2.4062 1.7005 7.0089 -7.3341 0.3202
Pedestrian -1 -1 -3.9861 576.8525 178.1790 608.2734 245.0841 1.7301 0.6732 0.4912 -0.2694 1.6447 18.9806 -4.0055 0.2538
Pedestrian -1 -1 -7.6726 753.8363 172.3204 774.9863 222.4935 1.8036 0.6590 0.6058 5.9292 1.4740 26.2285 -7.4576 0.1369
Cyclist -1 -1 -8.2394 603.0769 174.4104 627.1081 210.2838 1.8317 0.6541 1.7066 0.6962 1.4699 37.5918 -8.2261 0.1254
Pedestrian -1 -1 -7.6296 597.6157 178.0645 615.9834 219.8790 1.7203 0.6272 0.7145 0.2091 1.5793 29.9722 -7.6279 0.0883
Pedestrian -1 -1 -6.1640 306.2824 183.2224 341.9842 323.4753 1.6972 0.4472 0.3658 -3.5015 1.7200 8.9607 -6.5328 -0.1252
Pedestrian -1 -1 -5.4659 774.4026 168.8052 828.0503 259.4309 1.7894 0.7124 0.7840 4.0407 1.5393 14.6976 -5.2076 -0.1672
Car -1 -1 -4.5480 666.2581 183.3394 720.5387 220.5035 1.4500 1.6387 4.2419 3.9572 1.5342 30.5148 -4.4254 -0.2501
Cyclist -1 -1 -3.5989 537.7225 172.5431 569.8857 206.8667 1.8992 0.6394 1.7010 -2.6819 1.4038 40.4523 -3.6697 -0.5066
Pedestrian -1 -1 -6.9883 702.9325 174.0759 725.9698 213.7935 1.8073 0.5775 0.8895 5.2042 1.4697 33.1660 -6.8390 -0.5720
Pedestrian -1 -1 -8.0708 679.7710 174.7236 698.7374 213.2437 1.7842 0.7043 0.8872 4.1079 1.4706 33.7498 -7.9558 -0.5972
Pedestrian -1 -1 -4.0296 520.3514 174.5654 541.4112 214.9046 1.8402 0.5749 0.8349 -3.2790 1.5242 33.2763 -4.1322 -0.7858
Pedestrian -1 -1 -4.0981 788.9487 162.5699 827.2146 241.5452 1.9470 0.6954 0.6307 5.1921 1.4809 18.1784 -3.8290 -0.7897
Pedestrian -1 -1 -7.1076 894.9172 175.5281 959.5962 289.2946 1.6464 0.7065 0.5409 4.8557 1.5606 10.8282 -6.7006 -0.8506
Car -1 -1 -5.0026 724.9457 180.5206 789.0277 217.8481 1.4792 1.5575 3.9412 6.5019 1.4408 30.4973 -4.7994 -0.8682
Pedestrian -1 -1 -6.6525 640.0386 175.3231 652.0981 197.3618 1.7840 0.4672 0.8694 3.6577 1.2839 58.5053 -6.5954 -0.8775
Pedestrian -1 -1 -7.5694 654.8035 175.8322 669.6150 208.2416 1.7343 0.6486 0.6367 3.2836 1.4312 38.8532 -7.4908 -1.1026
Cyclist -1 -1 -2.9844 562.5361 176.5247 601.5975 218.3670 1.8176 0.5962 1.6471 -0.8627 1.6017 31.6016 -3.0167 -1.2063
Pedestrian -1 -1 -4.8079 774.4005 186.1588 793.0663 237.4305 1.4408 0.4560 0.6070 5.1863 1.5769 20.5794 -4.5694 -1.2645
Car -1 -1 -7.8194 587.8189 176.3155 615.0139 202.0277 1.5525 1.6064 3.7201 0.0375 1.2395 45.2563 -7.8236 -1.2707
Pedestrian -1 -1 -7.8470 669.6045 174.8150 684.5874 213.3307 1.7863 0.6917 0.8033 3.5415 1.4765 33.7517 -7.7485 -1.3027
Car -1 -1 -7.1907 682.2015 178.3351 755.0754 211.5040 1.5900 1.6135 3.8668 5.9577 1.4385 36.3430 -7.0345 -1.4404
Car -1 -1 -4.3065 0.0000 174.2547 52.8289 227.5762 1.4513 1.5740 3.7892 -18.2790 1.2546 21.5933 -5.0080 -1.5377
Cyclist -1 -1 -4.9390 639.9503 181.2771 661.7809 223.2585 1.5814 0.4773 1.6385 1.8873 1.5733 27.9059 -4.8774 -1.7035
Cyclist -1 -1 -3.2991 599.4872 172.8268 629.0136 203.6524 1.8664 0.6744 1.7192 0.7819 1.3414 43.9518 -3.2865 -1.7260
Car -1 -1 -7.5163 671.7542 162.9475 713.8978 186.3884 1.5591 1.6446 4.1584 6.4168 0.3251 50.0051 -7.3941 -1.7554
Car -1 -1 -4.5611 725.8555 177.6548 770.9210 211.3372 1.5596 1.6353 3.8506 7.2691 1.3818 35.3494 -4.3649 -1.7578
Pedestrian -1 -1 -7.7894 516.1056 181.6518 533.1337 226.7838 1.7003 0.6100 0.6336 -2.9476 1.7065 27.3946 -7.9009 -1.7761
Cyclist -1 -1 -4.4291 0.0000 180.6334 70.6785 356.7507 1.6773 0.4414 1.6151 -6.2310 1.6698 7.6723 -5.1005 -1.7902
Pedestrian -1 -1 -6.3646 525.6790 180.1746 546.7474 234.1950 1.6755 0.6668 0.6054 -2.0905 1.6348 22.6614 -6.4609 -1.7925
Car -1 -1 -4.7576 641.4238 175.0486 660.9088 192.3092 1.5424 1.5942 3.7999 4.5849 0.9656 66.1048 -4.6936 -1.9670
Pedestrian -1 -1 -8.0893 497.2975 180.6407 520.6530 230.7275 1.7300 0.6797 0.6427 -3.2761 1.7008 25.2341 -8.2225 -2.0123
Cyclist -1 -1 -8.4564 612.2844 179.6731 641.5016 217.6671 1.6950 0.4754 1.6517 1.1393 1.6137 32.8686 -8.4272 -2.0940
Pedestrian -1 -1 -7.3023 673.5077 169.2725 688.0216 194.8499 1.7033 0.7618 0.6148 5.3441 0.8891 48.3140 -7.1977 -2.1079
Car -1 -1 -7.9588 669.3392 167.0395 696.2680 188.7953 1.5816 1.6151 3.6501 6.1048 0.5303 54.0488 -7.8518 -2.1085
Car -1 -1 -7.1903 518.1707 176.6488 586.3645 210.9969 1.6786 1.5982 3.6726 -2.4945 1.4418 37.0754 -7.2621 -2.1709
Car -1 -1 -4.0510 0.0000 198.5982 67.8943 373.0000 1.5049 1.6310 4.2138 -6.6037 1.7004 5.9770 -4.8705 -2.1729
Pedestrian -1 -1 -4.5767 921.2544 159.0511 958.1398 265.2045 1.8515 0.5137 0.7871 6.0833 1.4606 12.9991 -4.1521 -2.1850
Cyclist -1 -1 -6.2477 660.6752 173.9607 693.0724 210.1741 1.8292 0.6674 1.6289 3.8532 1.4486 36.7239 -6.1490 -2.1931
