Pedestrian -1 -1 -8.4157 988.9346 153.0649 1128.6952 342.9954 1.6792 0.7139 0.9441 4.2534 1.4285 6.8324 -7.8815 1.8703
Pedestrian -1 -1 -3.7343 660.4753 169.8104 690.6183 222.3449 1.6891 0.6810 0.7256 2.4014 1.3137 23.5691 -3.6390 0.3853
Pedestrian -1 -1 -4.2099 352.2653 165.6165 405.8137 285.3411 1.7646 0.5483 0.6236 -3.4259 1.5311 10.9472 -4.5122 0.1513
Pedestrian -1 -1 -5.3996 646.4209 167.5192 662.4152 197.6466 1.8277 0.5177 0.9085 3.2525 0.9796 44.0988 -5.3314 -0.0683
Pedestrian -1 -1 -4.3517 622.7562 166.6019 644.1307 213.0436 1.8151 0.6013 0.8244 1.2567 1.2332 28.5711 -4.3133 -0.1405
Pedestrian -1 -1 -2.4131 400.6697 166.7792 442.1913 242.5785 1.7958 0.5583 0.8130 -4.4084 1.4476 17.4533 -2.6623 -0.4095
Cyclist -1 -1 -3.4489 553.4075 166.8868 604.5686 217.0198 1.8177 0.6188 1.7929 -0.8552 1.2882 26.6386 -3.4858 -0.5091
Pedestrian -1 -1 -7.2121 509.2693 174.7567 538.7557 231.9154 1.6014 0.5941 0.6069 -2.2433 1.4130 20.5376 -7.3248 -0.5239
Car -1 -1 -4.5008 506.2990 178.4521 568.4344 217.5650 1.4086 1.6043 4.0779 -2.4344 1.2993 27.9911 -4.5919 -1.0829
Pedestrian -1 -1 -6.5980 601.7243 173.1893 620.2217 207.5529 1.6936 0.7180 0.7338 0.4634 1.2843 35.8570 -6.5902 -1.0911
Pedestrian -1 -1 -7.9738 584.5026 171.5462 600.8738 211.9103 1.6473 0.5747 0.8566 -0.3856 1.2414 29.7788 -7.9918 -1.2992
Car -1 -1 -7.0544 0.0000 181.6193 39.1527 267.8334 1.4748 1.6022 3.7171 -13.4510 1.4780 14.1853 -7.8092 -1.3289
Pedestrian -1 -1 -8.6119 651.3724 166.7240 671.4109 201.7789 1.8705 0.6117 0.9233 3.2375 1.0822 38.8804 -8.5344 -1.3665
Car -1 -1 -3.2763 510.6201 178.4722 603.9298 213.4269 1.4148 1.5736 3.7330 -1.9014 1.2925 30.2196 -3.3437 -1.3674
Cyclist -1 -1 -6.3695 595.9962 171.2654 629.5913 206.7961 1.7936 0.6326 1.6616 0.5649 1.2771 36.6398 -6.3593 -1.4119
Pedestrian -1 -1 -7.6650 592.9195 173.2356 608.8754 207.8904 1.6594 0.6637 0.6620 -0.0344 1.2639 34.7827 -7.6711 -1.4363
Pedestrian -1 -1 -5.9181 645.3367 168.3045 656.9968 193.9036 1.8131 0.6412 0.6468 3.5659 0.8785 51.3047 -5.8540 -1.4467
Pedestrian -1 -1 -8.0285 594.3769 171.6110 607.4772 201.3524 1.6695 0.6391 0.6296 -0.0338 1.1145 40.6895 -8.0343 -1.4575
Car -1 -1 -4.6122 567.2869 176.7400 602.3039 205.6779 1.4595 1.5214 3.6075 -0.8462 1.2196 38.0840 -4.6393 -1.5386
Pedestrian -1 -1 -4.4609 632.2451 163.8810 646.1708 199.0196 1.9493 0.6602 0.5697 2.1132 0.9721 40.2191 -4.4137 -1.6199
Car -1 -1 -2.5307 558.8760 171.5928 629.7108 198.8230 1.6100 1.6925 4.1436 -0.4609 1.0243 44.3349 -2.5461 -1.7653
Pedestrian -1 -1 -7.7040 199.6060 171.1087 293.8129 373.0000 1.6745 0.5997 0.6830 -2.9581 1.5954 5.9375 -8.1555 -1.7909
Car -1 -1 -7.1929 0.0000 176.5897 109.9319 236.9911 1.6698 1.6242 3.7071 -16.9625 1.5345 21.7127 -7.8554 -1.8181
Car -1 -1 -8.1685 731.9302 169.5699 902.0961 274.4543 1.5664 1.6405 3.9774 3.5552 1.3888 12.7575 -7.9075 -1.9762
Car -1 -1 -3.6370 0.0000 189.2818 311.0292 309.9247 1.4198 1.6650 4.1532 -6.7912 1.5630 10.9528 -4.1870 -2.0279
Pedestrian -1 -1 -7.6796 602.5409 168.5880 615.7582 198.8549 1.7850 0.6881 0.6460 0.4617 1.0236 42.7429 -7.6738 -2.0698
Cyclist -1 -1 -7.8128 711.9470 175.1664 725.2522 229.5596 1.5639 0.3431 1.5637 3.4753 1.3823 21.4539 -7.6594 -2.1004
