Pedestrian -1 -1 -7.9510 548.6553 168.1479 573.5786 227.7757 1.7390 0.6467 0.9644 -1.2435 1.3500 21.4767 -8.0134 1.7483
Pedestrian -1 -1 -4.5338 285.3508 159.4190 379.1989 367.9020 1.8391 0.6832 0.9266 -2.5860 1.6450 6.8527 -4.8887 1.6649
Cyclist -1 -1 -4.5689 404.5917 169.0927 477.0251 342.8935 1.7387 0.5537 1.7429 -1.8112 1.6152 8.0761 -4.7889 1.6181
Pedestrian -1 -1 -6.8624 603.2714 169.4148 688.4716 303.7263 1.6729 0.5513 0.9747 0.5357 1.5230 9.4313 -6.8131 1.4245
Pedestrian -1 -1 -7.9661 512.4691 169.9330 534.6968 223.8617 1.6995 0.6078 0.9165 -2.5432 1.3354 23.1516 -8.0795 1.2988
Pedestrian -1 -1 -4.7640 466.5387 169.4668 486.8245 224.2282 1.7643 0.6130 0.7727 -4.1286 1.3770 23.5887 -4.9406 0.9297
Pedestrian -1 -1 -7.9424 573.0071 165.1223 589.7809 212.1266 1.8766 0.5877 1.0160 -0.8400 1.2231 29.2183 -7.9760 0.7100
Pedestrian -1 -1 -6.4928 570.1118 167.6405 599.8869 223.4662 1.7117 0.5890 0.8209 -0.5460 1.2872 22.4090 -6.5221 0.3938
Pedestrian -1 -1 -4.6620 587.0823 167.4198 606.3372 226.8672 1.7320 0.5377 0.8214 -0.1659 1.3222 21.3487 -4.6749 0.2895
Pedestrian -1 -1 -8.0673 598.2855 168.1472 619.3211 221.4506 1.6843 0.5145 0.7998 0.2042 1.2628 23.1435 -8.0638 0.0515
Pedestrian -1 -1 -7.7071 623.5344 167.3722 641.1829 209.7206 1.7668 0.6569 0.6812 1.2928 1.1777 30.3640 -7.6700 -0.0219
Pedestrian -1 -1 -8.6189 970.5870 128.2748 1134.0829 372.0362 1.8197 0.6278 0.9769 3.6121 1.4231 5.9119 -8.0956 -0.0765
Pedestrian -1 -1 -4.1067 483.0120 169.6452 511.6270 223.9537 1.7344 0.5893 0.7742 -3.4177 1.3562 23.4177 -4.2553 -0.1599
Pedestrian -1 -1 -5.1280 903.7840 128.4335 1039.7698 373.0000 1.8378 0.6398 0.8453 2.8054 1.4547 5.6246 -4.6895 -0.2782
Pedestrian -1 -1 -3.2101 879.1587 141.8485 944.7513 259.4046 1.8999 0.5885 0.9610 5.1409 1.2597 12.0409 -2.8198 -0.2785
Pedestrian -1 -1 -5.5325 193.0419 188.4123 276.2300 321.6926 1.5845 0.5301 0.7671 -4.6045 1.6747 8.9384 -6.0024 -0.3206
Pedestrian -1 -1 -8.1189 660.3992 165.3470 680.9468 214.6143 1.7209 0.5653 0.6695 2.4262 1.1571 25.4707 -8.0300 -0.4206
Pedestrian -1 -1 -6.3136 504.5877 174.6300 517.7601 200.5478 1.7522 0.5499 0.8707 -6.1377 1.2878 48.9051 -6.4428 -0.4800
Pedestrian -1 -1 -3.1455 698.2565 159.1015 720.2178 210.5768 1.8451 0.5756 0.7800 3.8864 1.0426 26.0869 -3.0041 -0.5921
Pedestrian -1 -1 -4.8484 449.0590 170.6109 462.4425 205.2201 1.8694 0.6464 0.5350 -7.9485 1.2814 39.1611 -5.0524 -0.6652
Pedestrian -1 -1 -8.4975 566.4421 171.0378 584.5421 206.4174 1.7825 0.6394 0.6843 -1.3333 1.2556 36.6585 -8.5387 -0.8884
Car -1 -1 -8.0590 572.0811 172.5356 637.5942 219.5719 1.5263 1.5718 3.5762 0.0219 1.2358 25.2215 -8.0633 -1.0240
Pedestrian -1 -1 -6.7159 645.5324 165.6080 661.7817 211.7841 1.8139 0.5736 0.4419 2.0541 1.1900 28.5649 -6.6499 -1.0389
Pedestrian -1 -1 -8.0849 477.9436 168.8979 495.3166 208.0420 1.8826 0.6737 0.7761 -5.6131 1.2768 35.0352 -8.2477 -1.0586
Pedestrian -1 -1 -2.4957 688.4534 161.1643 717.2625 212.6253 1.7791 0.5620 0.8351 3.5490 1.0764 25.3270 -2.3630 -1.0802
Pedestrian -1 -1 -6.3374 638.3141 168.1169 649.9623 207.6668 1.7384 0.5345 0.4833 1.8752 1.1505 31.8423 -6.2841 -1.2796
Pedestrian -1 -1 -8.0659 644.5468 165.4651 665.9727 214.9003 1.7218 0.6289 0.6463 1.8730 1.1637 25.3847 -7.9982 -1.3002
Car -1 -1 -7.7779 567.0119 173.5548 603.7485 205.8623 1.6258 1.6731 4.0062 -0.8098 1.2262 38.1900 -7.8040 -1.3829
Pedestrian -1 -1 -3.2002 347.4868 187.7928 385.3583 279.9443 1.5285 0.5113 0.5860 -4.0741 1.6400 12.3079 -3.5193 -1.4141
Pedestrian -1 -1 -3.7477 352.4051 193.9739 417.8481 311.1671 1.4546 0.5327 0.6302 -2.8799 1.6259 9.4161 -4.0429 -1.4300
Cyclist -1 -1 -7.8149 715.9627 163.7954 732.2319 217.9379 1.6812 0.4659 1.7473 3.9439 1.1319 23.2072 -7.6535 -1.4506
Pedestrian -1 -1 -5.7584 349.9826 170.4310 379.6706 232.2102 1.6566 0.5671 0.5619 -6.4838 1.3603 19.5971 -6.0792 -1.5395
Cyclist -1 -1 -2.6497 482.8518 170.6433 516.4474 203.9228 1.8078 0.6969 1.7082 -5.6200 1.2182 39.6386 -2.7946 -1.5495
Pedestrian -1 -1 -7.8742 463.6985 169.6631 475.2457 203.7500 1.8508 0.6022 0.8835 -7.2634 1.2083 39.4977 -8.0599 -1.5529
Pedestrian -1 -1 -3.6800 191.2215 191.2595 257.5422 306.5592 1.5479 0.5768 0.6206 -5.3588 1.6918 10.1293 -4.1619 -1.6263
Cyclist -1 -1 -4.7632 665.8995 172.5449 690.6481 238.7737 1.5707 0.5225 1.3979 1.8500 1.3589 17.7470 -4.6662 -1.6568
Pedestrian -1 -1 -7.7897 445.3698 164.1858 459.1972 199.2673 1.9832 0.7410 0.5403 -8.4977 1.0046 40.9298 -7.9981 -1.7181
Pedestrian -1 -1 -8.1756 449.2010 179.6274 474.8002 237.2941 1.5376 0.5446 0.5197 -3.8230 1.4882 19.5143 -8.3719 -1.7636
Pedestrian -1 -1 -6.9592 271.1635 191.0771 330.0175 307.0272 1.5287 0.5324 0.5314 -4.1854 1.6660 9.8904 -7.3561 -1.8242
Pedestrian -1 -1 -4.7476 0.0000 236.0119 108.3983 373.0000 1.3200 0.4674 0.4585 -2.6844 1.6024 3.3858 -5.3887 -1.8606
Pedestrian -1 -1 -5.9638 297.7782 157.9601 314.4991 230.4646 1.7783 0.4476 0.2580 -7.3715 1.2015 17.8509 -6.3555 -1.9580
Pedestrian -1 -1 -3.1358 660.0950 166.6164 666.5062 200.3629 1.9004 0.5075 0.3598 3.5039 1.0624 40.7198 -3.0556 -2.0572
Cyclist -1 -1 -2.6332 404.3223 175.0959 464.1254 236.4788 1.6474 0.5967 1.5020 -4.6318 1.4760 19.7703 -2.8657 -2.0990
Cyclist -1 -1 -6.9011 0.0000 181.9557 149.4400 358.0491 1.6871 0.4196 1.6644 -5.8367 1.6932 7.7426 -7.5369 -2.1460
Cyclist -1 -1 -6.3318 421.8358 172.9914 481.9417 232.9430 1.6822 0.6201 1.6623 -4.3382 1.4439 20.6678 -6.5415 -2.1619
Cyclist -1 -1 -2.4957 180.2231 142.2719 291.4914 235.0072 1.8669 0.8309 1.9755 -7.6775 1.0778 15.0429 -2.9658 -2.1924
