Car -1 -1 -4.5825 548.3922 184.8056 597.2411 222.4074 1.5079 1.6276 4.0944 -1.1959 1.6618 31.2860 -4.6256 1.9983
Pedestrian -1 -1 -7.5193 686.3888 184.4557 733.2639 280.6080 1.6211 0.6021 0.7680 1.8672 1.6756 12.6189 -7.3811 1.7746
Pedestrian -1 -1 -3.9036 324.0190 183.2316 405.7346 313.1935 1.7071 0.6815 0.8413 -3.3223 1.7331 9.9809 -4.2231 1.3140
Pedestrian -1 -1 -8.5934 785.3085 168.4144 832.8537 250.6224 1.8474 0.5051 1.0141 4.7811 1.5539 16.7088 -8.3242 1.0801
Pedestrian -1 -1 -4.5811 254.6611 184.0223 308.6190 308.6085 1.7100 0.6331 0.5781 -4.5924 1.7479 10.2409 -4.9992 0.7865
Pedestrian -1 -1 -4.8939 895.2697 170.7481 962.9777 313.2236 1.7443 0.6382 0.8333 4.1584 1.6133 9.2714 -4.4884 0.7131
Pedestrian -1 -1 -7.7832 753.7453 178.2112 807.8570 332.6774 1.7528 0.5851 0.9851 2.1396 1.7161 8.7079 -7.5552 0.5470
Cyclist -1 -1 -7.7962 643.8198 177.2649 668.0817 252.0515 1.8120 0.5319 1.7530 1.3682 1.7099 18.3072 -7.7282 0.4415
Pedestrian -1 -1 -8.2316 668.7671 179.9611 690.5284 223.9261 1.6820 0.6173 0.7128 3.0135 1.6235 27.9084 -8.1303 0.4054
Pedestrian -1 -1 -8.0514 695.2963 179.3846 717.4197 223.9409 1.7142 0.7264 0.6945 4.0644 1.6332 28.0050 -7.9139 0.1432
Pedestrian -1 -1 -8.2705 703.6839 180.9597 764.4828 296.2274 1.7170 0.5935 0.9430 2.0120 1.7096 11.2304 -8.1031 -0.0040
Pedestrian -1 -1 -8.4403 768.6744 168.7784 824.5740 271.0241 1.8488 0.5173 1.0456 3.6286 1.6194 13.5679 -8.1894 -0.0778
Pedestrian -1 -1 -8.5394 733.4666 174.8574 776.7677 256.5146 1.7511 0.5597 0.7891 3.3529 1.6093 15.8844 -8.3402 -0.1088
Pedestrian -1 -1 -3.9479 956.5565 178.8927 1028.8303 320.1819 1.6486 0.5379 0.5536 4.6952 1.6188 8.7258 -3.4724 -0.3320
Cyclist -1 -1 -4.5506 163.2178 182.6403 201.5070 254.8475 1.6421 0.5232 1.7385 -10.0877 1.6715 17.2696 -5.0781 -0.4067
Pedestrian -1 -1 -7.8366 572.6187 176.3715 583.0717 204.3170 1.7911 0.6672 0.6635 -1.5150 1.4624 46.3771 -7.8742 -0.5898
Car -1 -1 -4.8512 709.3517 180.3023 745.7684 206.6206 1.5380 1.6245 4.0168 7.6775 1.4681 44.0077 -4.6846 -0.6886
Cyclist -1 -1 -5.4155 152.6487 178.7727 212.3219 244.7332 1.7375 0.5558 1.5001 -11.3671 1.6661 19.4333 -5.9442 -0.7187
Car -1 -1 -3.6700 660.2021 188.3727 826.1013 250.9370 1.4433 1.5768 3.8814 3.5599 1.6320 18.2748 -3.4858 -0.8896
Pedestrian -1 -1 -4.3034 705.3167 175.0507 720.2066 206.1809 1.7702 0.5551 0.8599 6.4103 1.4036 41.3589 -4.1557 -0.9209
Car -1 -1 -7.6166 673.7134 170.4321 709.1042 196.3289 1.7958 1.6691 3.9934 6.5625 1.0283 51.9742 -7.4966 -1.2573
Pedestrian -1 -1 -7.6636 682.0704 182.5405 700.0807 221.2394 1.6584 0.6830 0.5732 3.8765 1.7044 31.1797 -7.5462 -1.3760
Cyclist -1 -1 -3.3402 699.1295 174.2526 732.4684 207.5246 1.8491 0.7034 1.7401 6.4078 1.4465 40.3137 -3.1887 -1.3853
Pedestrian -1 -1 -7.6301 486.6496 174.0257 498.1284 200.6602 1.7527 0.5976 0.7849 -7.2280 1.2609 47.6827 -7.7847 -1.3930
Pedestrian -1 -1 -8.2199 657.6555 173.9395 671.8460 206.7199 1.8722 0.6342 0.6151 3.6463 1.4405 41.4107 -8.1377 -1.4209
Pedestrian -1 -1 -3.5877 733.3030 176.4939 753.3262 226.3211 1.7709 0.5551 0.5154 5.0813 1.5933 25.8639 -3.4009 -1.4496
Pedestrian -1 -1 -7.6879 719.4478 185.4231 758.4785 283.4285 1.6153 0.5600 0.6722 2.3136 1.6853 12.2832 -7.5114 -1.6843
Pedestrian -1 -1 -7.8053 721.4926 171.5794 734.4042 206.6158 1.8408 0.6406 0.9006 6.7337 1.3198 38.2501 -7.6373 -1.7095
Car -1 -1 -2.6415 485.6559 178.1136 554.9694 207.0001 1.6025 1.6218 3.6229 -4.6600 1.4148 41.2797 -2.7583 -1.7622
Pedestrian -1 -1 -7.9712 741.1103 170.0490 755.7413 206.6763 1.8962 0.6720 0.6574 7.6713 1.3036 37.5425 -7.7761 -1.9350
Pedestrian -1 -1 -5.7023 815.2297 177.9854 835.6638 224.0334 1.7549 0.6560 0.4746 8.6385 1.6213 27.7688 -5.4087 -1.9366
Cyclist -1 -1 -7.7020 549.0182 175.1316 557.6628 201.9010 1.7300 0.3361 1.6124 -3.1513 1.3185 47.2411 -7.7733 -1.9380
Pedestrian -1 -1 -6.5004 741.1756 171.2007 750.6321 207.4120 1.8332 0.5278 0.3639 7.3573 1.3120 36.6336 -6.3086 -1.9562
Pedestrian -1 -1 -8.0060 719.9034 167.6147 755.5137 266.5461 1.9097 0.6035 0.5712 2.6374 1.6423 14.1587 -7.8307 -2.0093
Cyclist -1 -1 -4.9123 1105.5288 129.9999 1177.9877 257.8705 1.9677 0.5595 1.9350 8.9697 1.1758 12.0507 -4.2880 -2.0126
Car -1 -1 -7.7716 681.8726 183.1749 720.3662 214.1203 1.4905 1.6650 3.9578 5.1647 1.5817 36.9372 -7.6388 -2.0182
Cyclist -1 -1 -2.9637 719.9285 174.4257 771.4744 227.9408 1.8562 0.5731 1.7213 5.0935 1.6112 25.4928 -2.7738 -2.0280
Cyclist -1 -1 -7.6502 527.2529 181.9971 539.6179 213.4916 1.6275 0.3488 1.5688 -3.5919 1.6545 37.9431 -7.7491 -2.0296
Pedestrian -1 -1 -4.1700 168.7327 178.4022 213.9144 276.0396 1.7916 0.5364 0.5348 -7.7160 1.7354 13.4553 -4.6879 -2.1032
Car -1 -1 -4.8208 647.6980 181.2834 680.5998 205.9875 1.5402 1.6679 4.1565 4.0525 1.5267 46.8848 -4.7402 -2.1114
Pedestrian -1 -1 -7.2454 727.0492 179.2858 760.6025 242.6711 1.6716 0.6347 0.6465 3.8112 1.6137 19.3970 -7.0594 -2.1410
