Car -1 -1 -4.5888 546.5991 173.9166 582.4732 201.7774 1.4960 1.5777 3.8543 -2.0391 1.0890 40.5475 -4.6437 1.7588
Pedestrian -1 -1 -7.7154 612.6220 163.8537 635.3633 222.3829 1.8038 0.6000 0.9346 0.6887 1.2604 22.6476 -7.6906 1.7391
Pedestrian -1 -1 -8.0555 748.3914 157.7564 774.6086 221.2703 1.8561 0.5783 0.9448 4.7442 1.1627 21.4676 -7.8458 1.3185
Pedestrian -1 -1 -5.0411 696.7441 166.1316 732.4793 238.7785 1.6712 0.5833 0.8544 2.6317 1.3182 16.9976 -4.8951 1.2824
Pedestrian -1 -1 -4.1485 449.2053 169.6024 482.3666 229.6358 1.7408 0.6152 0.8423 -4.0531 1.3963 21.3339 -4.3393 0.3331
Pedestrian -1 -1 -3.6369 722.5791 158.9240 756.0186 219.0872 1.8248 0.5611 0.8484 4.2251 1.1405 22.1855 -3.4560 0.1569
Pedestrian -1 -1 -7.7040 670.2129 164.9002 702.8994 252.4879 1.6829 0.5398 0.7908 1.6549 1.3645 14.2530 -7.5960 -0.1674
Pedestrian -1 -1 -8.6561 730.6187 161.5062 761.9019 217.7654 1.7841 0.5208 0.8758 4.6625 1.1505 23.2878 -8.4658 -0.1804
Pedestrian -1 -1 -8.4365 710.2089 159.1540 748.9519 232.2600 1.8247 0.5306 0.9670 3.2523 1.2674 18.4785 -8.2700 -0.2359
Pedestrian -1 -1 -7.7446 658.5328 170.0190 684.9487 239.1692 1.6197 0.5534 0.8237 1.6613 1.3513 17.2840 -7.6555 -0.2506
Pedestrian -1 -1 -4.3330 202.0089 145.3894 363.8992 373.0000 1.7493 0.6172 0.6839 -1.8045 1.5649 4.0323 -4.7377 -0.3464
Pedestrian -1 -1 -4.4724 435.3274 170.2739 457.2573 227.6787 1.7335 0.5479 0.5279 -4.7694 1.3950 21.9627 -4.6891 -0.3693
Pedestrian -1 -1 -3.4998 672.8741 162.7923 716.7421 244.6013 1.7325 0.5097 0.8126 1.9782 1.3369 15.5562 -3.3808 -0.4331
Cyclist -1 -1 -2.7103 248.4104 180.0855 343.3247 249.2076 1.5592 0.8369 1.8443 -7.0939 1.5279 16.6487 -3.1128 -0.5373
Pedestrian -1 -1 -7.8548 634.9341 164.7533 664.5605 252.8391 1.6974 0.5703 1.0210 0.9187 1.3753 14.3680 -7.7976 -0.5906
Pedestrian -1 -1 -6.3705 323.8287 171.7818 344.1864 215.7212 1.6803 0.4757 0.6992 -10.3853 1.3090 27.8360 -6.7297 -0.6503
Car -1 -1 -6.6716 636.5344 168.2739 734.0168 207.4725 1.6893 1.6691 4.0223 3.7397 1.1196 32.3132 -6.5623 -0.7159
Pedestrian -1 -1 -4.4566 0.0000 116.1421 239.0655 373.0000 1.8481 0.7216 0.9256 -2.0666 1.6231 3.0335 -5.0239 -0.7792
Cyclist -1 -1 -7.6945 974.8321 154.1846 1016.6887 268.0039 1.5996 0.3371 1.5579 5.9082 1.2163 10.8193 -7.2101 -0.8135
Cyclist -1 -1 -4.6139 248.6934 169.9375 290.3170 263.5235 1.7079 0.5820 1.5880 -6.4655 1.4975 13.9551 -5.0461 -0.8699
Pedestrian -1 -1 -5.9215 35.2183 186.3664 141.3050 349.1447 1.5609 0.7194 0.6685 -5.2667 1.6143 7.3450 -6.5328 -1.0460
Pedestrian -1 -1 -4.5366 705.1042 163.8484 725.5591 218.2047 1.7164 0.5607 0.5736 3.6279 1.1594 23.0438 -4.3874 -1.0776
Pedestrian -1 -1 -7.8440 913.4228 151.0109 947.6911 256.4512 1.7296 0.5154 0.7137 5.5465 1.2301 12.2145 -7.4311 -1.3602
Pedestrian -1 -1 -8.0550 703.0762 151.9587 716.7927 183.0161 1.8407 0.6563 0.8205 6.4920 0.0900 43.0013 -7.9108 -1.4577
Pedestrian -1 -1 -3.8957 1027.2808 139.2554 1069.0504 234.3510 1.7729 0.4975 0.4581 8.4623 0.9859 13.6839 -3.3555 -1.6680
Pedestrian -1 -1 -7.9451 697.9046 159.5177 722.5064 232.3272 1.8280 0.5353 0.9235 2.7596 1.2766 18.5098 -7.8044 -1.6682
Pedestrian -1 -1 -3.4406 898.4864 145.5727 954.8379 261.3879 1.7802 0.5345 0.6770 5.0787 1.2286 11.3440 -3.0335 -1.6756
Pedestrian -1 -1 -6.4548 649.0747 166.4932 668.2198 209.4362 1.8438 0.7462 0.7083 2.4679 1.1998 31.2489 -6.3818 -1.6865
Pedestrian -1 -1 -5.7491 478.9982 161.9615 497.2385 202.7248 1.9577 0.5606 0.6861 -5.5125 1.0196 34.8851 -5.9096 -1.7056
Car -1 -1 -2.7133 246.8869 168.6457 374.9117 215.0120 1.6344 1.7153 3.9898 -10.5786 1.1817 26.2661 -3.0978 -1.7092
Pedestrian -1 -1 -6.5829 1164.1705 142.1158 1230.2551 286.6646 1.6643 0.5465 0.4586 7.0746 1.2115 8.6083 -5.9150 -1.7795
Pedestrian -1 -1 -6.7675 987.7310 159.6544 1053.8003 290.2630 1.5731 0.5350 0.5128 5.1482 1.3106 8.9245 -6.2623 -1.7905
Cyclist -1 -1 -7.7647 351.5525 164.8829 367.8993 214.1536 1.7403 0.4198 1.7396 -8.8519 1.1537 26.2669 -8.0918 -1.7907
Cyclist -1 -1 -7.1930 1057.7736 142.6216 1225.5424 287.3179 1.6696 0.7475 1.7821 6.6325 1.2217 8.9006 -6.5719 -1.8858
Pedestrian -1 -1 -7.9478 720.2386 149.8961 733.9387 183.3946 1.7889 0.6627 0.6717 6.7641 0.1014 38.7202 -7.7808 -1.9478
Pedestrian -1 -1 -7.5527 493.3530 170.7472 518.9398 227.3457 1.6968 0.6032 0.6775 -2.9326 1.3749 21.9195 -7.6894 -2.0071
Pedestrian -1 -1 -2.9644 517.3677 169.8897 539.0370 211.0492 1.7407 0.5642 0.8374 -3.1423 1.2500 30.6910 -3.0707 -2.0363
Car -1 -1 -6.3945 0.0000 197.9426 57.5285 368.8965 1.5045 1.6401 3.9521 -9.3651 1.7536 8.7878 -7.2025 -2.0373
Car -1 -1 -2.7449 608.5732 168.8304 741.9416 218.4611 1.6127 1.6862 4.3187 2.5289 1.2015 25.1034 -2.6506 -2.1625
Car -1 -1 -7.3624 498.6942 158.5928 550.1306 192.7502 2.2376 1.7630 4.1749 -5.2212 0.7370 49.3235 -7.4722 -2.1844
