Car -1 -1 -4.5785 548.1575 180.3085 589.5439 211.5292 1.5345 1.6377 4.1250 -1.6482 1.4762 37.4319 -4.6273 2.1060
Pedestrian -1 -1 -8.4885 754.7417 162.9952 796.6586 233.8976 1.8993 0.5857 1.0931 4.7737 1.4041 19.8602 -8.2609 1.5231
Pedestrian -1 -1 -7.7355 625.3480 171.5877 651.5936 233.9516 1.7875 0.6600 1.0579 1.0686 1.5039 21.1645 -7.6910 1.3413
Pedestrian -1 -1 -8.0062 692.9421 169.8676 732.8242 272.2843 1.7406 0.5573 0.8688 1.9064 1.5435 12.6455 -7.8652 1.3311
Pedestrian -1 -1 -4.1905 431.9530 172.2471 469.3297 250.7213 1.8237 0.6224 0.6687 -3.6223 1.6092 17.1068 -4.4016 0.9814
Pedestrian -1 -1 -7.8810 678.9770 176.6611 706.9401 253.5398 1.6284 0.5715 0.8794 1.9495 1.5265 15.6791 -7.7649 0.8121
Pedestrian -1 -1 -7.6701 660.0882 169.3077 701.3724 274.5485 1.7584 0.5675 0.9115 1.3485 1.5553 12.5192 -7.5707 0.7718
Pedestrian -1 -1 -4.6927 703.9964 168.8746 734.5182 261.3765 1.7654 0.5768 0.7971 2.2816 1.5250 14.1510 -4.5412 0.5496
Pedestrian -1 -1 -5.2046 740.7001 166.7044 776.5911 240.3600 1.8236 0.5657 0.8188 3.9527 1.4578 18.2580 -4.9997 0.5489
Pedestrian -1 -1 -5.2156 80.0995 180.0603 139.3087 289.5352 1.6800 0.5744 0.5674 -7.8492 1.6585 11.4078 -5.8132 0.5392
Pedestrian -1 -1 -5.0518 776.0212 170.8613 810.8265 243.2010 1.7003 0.5612 0.8222 4.5828 1.4508 17.3190 -4.8022 0.2591
Pedestrian -1 -1 -5.7979 1013.6306 147.3643 1103.3716 298.4473 1.7739 0.5282 0.7852 5.6058 1.3738 8.9068 -5.2548 -0.1011
Pedestrian -1 -1 -2.5920 291.5972 177.6185 316.3850 227.4014 1.6924 0.4275 0.6615 -10.2438 1.5609 24.6828 -2.9869 -0.1527
Pedestrian -1 -1 -4.6853 401.8878 174.3144 426.6658 247.7541 1.7709 0.5758 0.7943 -4.6592 1.5981 17.7739 -4.9435 -0.1607
Pedestrian -1 -1 -8.0021 731.4764 165.5939 763.8610 246.9905 1.8375 0.6002 0.9006 3.3472 1.4790 16.6783 -7.8125 -0.2750
Pedestrian -1 -1 -7.6623 721.7943 172.1084 740.3248 217.3056 1.7600 0.6177 0.6194 5.1012 1.3946 28.3708 -7.4912 -0.3598
Pedestrian -1 -1 -6.6926 1031.4587 152.4149 1108.3844 309.4919 1.7020 0.5137 0.5593 5.2021 1.3876 8.0775 -6.1406 -0.4396
Pedestrian -1 -1 -7.8621 715.9374 178.1465 739.6804 253.9491 1.5875 0.4872 0.8064 2.6767 1.5179 15.4800 -7.6992 -0.6994
Pedestrian -1 -1 -7.8706 1137.9106 149.6096 1218.7358 323.9038 1.6841 0.6193 0.5423 5.8230 1.3767 7.3426 -7.2228 -0.7373
Cyclist -1 -1 -6.0399 648.9780 178.7230 683.0022 212.0137 1.7112 0.6679 1.6590 3.3645 1.5687 37.5070 -5.9562 -0.9360
Pedestrian -1 -1 -4.2693 694.9264 164.4335 739.3644 239.5188 1.9088 0.7913 1.0412 3.0189 1.4755 18.9147 -4.1186 -0.9468
Cyclist -1 -1 -6.5264 654.8410 171.6226 697.0805 216.1304 1.8459 0.6453 1.6596 3.1128 1.4366 30.2325 -6.4299 -0.9542
Cyclist -1 -1 -5.3692 158.0797 188.1673 267.2161 275.9283 1.5419 0.8582 1.8420 -7.3491 1.6749 13.5029 -5.8651 -0.9932
Pedestrian -1 -1 -7.6804 689.7169 168.2208 721.8159 247.3613 1.8154 0.6506 0.6447 2.4195 1.5113 16.8835 -7.5456 -1.0170
Pedestrian -1 -1 -4.6914 691.6668 179.1978 709.4809 228.6821 1.5398 0.5501 0.4810 3.0967 1.4686 22.6317 -4.5623 -1.1813
Pedestrian -1 -1 -4.2432 1187.9237 154.0662 1237.0000 270.7538 1.6045 0.4428 0.5072 8.6699 1.2280 10.1823 -3.5557 -1.2239
Pedestrian -1 -1 -4.2560 0.0000 243.2654 102.6171 373.0000 1.3361 0.4564 0.4343 -2.6607 1.6370 3.2319 -4.9137 -1.2511
Cyclist -1 -1 -7.4818 653.5088 178.6228 674.7041 210.7127 1.7680 0.6424 1.6494 3.5357 1.6097 40.4595 -7.4003 -1.5143
Pedestrian -1 -1 -3.0563 517.9255 175.9089 540.7701 223.0933 1.7879 0.5975 0.8266 -2.7793 1.5764 27.5255 -3.1613 -1.6334
Pedestrian -1 -1 -5.8266 108.9447 196.5638 211.5728 373.0000 1.5395 0.4849 0.6452 -4.0353 1.6825 6.5162 -6.3697 -1.6679
Cyclist -1 -1 -5.1601 28.5903 181.4270 107.7559 276.7460 1.7095 0.5873 1.5405 -10.0713 1.7088 13.5022 -5.7972 -1.7395
Pedestrian -1 -1 -4.7515 286.6981 174.1170 307.1486 236.1912 1.7788 0.5230 0.6606 -8.9339 1.5677 20.9946 -5.1546 -1.7754
Pedestrian -1 -1 -8.1558 489.9219 169.4569 499.8968 194.2840 1.8434 0.5878 0.5882 -7.9524 0.9491 53.7286 -8.3070 -1.9215
Car -1 -1 -8.7820 0.0000 0.0000 1237.0000 373.0000 1.5264 1.5891 3.7385 2.1975 1.6469 1.0132 -7.7443 -2.0617
Pedestrian -1 -1 -7.2345 101.2865 180.2095 137.1603 243.1903 1.7607 0.6078 0.6054 -13.7145 1.7251 20.3930 -7.8259 -2.0800
Pedestrian -1 -1 -4.2280 285.8447 174.6074 314.8800 225.2430 1.7944 0.5926 0.9571 -10.8946 1.5505 25.9578 -4.6270 -2.1235
Pedestrian -1 -1 -4.8295 788.7084 159.9043 810.2148 219.6185 1.9188 0.5745 0.8600 6.4570 1.2253 23.5483 -4.5698 -2.1281
Car -1 -1 -6.3736 273.6698 184.7029 404.0372 233.8008 1.4857 1.5922 3.8729 -8.6032 1.5977 23.4873 -6.7264 -2.1529
