Pedestrian -1 -1 -8.3148 834.3807 152.9661 971.0404 373.0000 1.6666 0.6333 0.9050 2.2713 1.4625 5.6387 -7.9537 2.0924
Pedestrian -1 -1 -8.0404 729.9053 152.4049 795.6994 301.0611 1.6745 0.6045 0.8164 1.8419 1.3475 8.5041 -7.8391 1.5631
Car -1 -1 -4.6000 527.7416 159.1274 589.4768 207.5092 1.6345 1.8029 4.4489 -1.5118 0.8791 26.5346 -4.6614 1.5071
Pedestrian -1 -1 -8.2549 800.4592 160.8804 900.6490 336.6384 1.6008 0.6053 0.8983 2.3530 1.4137 7.0183 -7.9484 1.4023
Pedestrian -1 -1 -3.8982 0.0000 132.8125 160.8423 373.0000 1.7714 0.6573 0.8439 -2.9511 1.5523 3.7156 -4.5430 1.2470
Pedestrian -1 -1 -7.7209 701.9209 158.6492 757.8275 283.7648 1.6502 0.6583 0.9729 1.7615 1.3495 10.0360 -7.5572 1.0951
Pedestrian -1 -1 -4.7006 774.7966 156.7469 824.8909 284.1814 1.6391 0.6264 0.7905 2.6264 1.3214 9.7028 -4.4485 0.4418
Pedestrian -1 -1 -7.4173 703.7008 150.5997 734.2526 208.1104 1.8436 0.6992 0.8514 3.8334 0.8535 23.5754 -7.2628 0.2148
Pedestrian -1 -1 -8.6651 801.7356 153.3257 844.8427 241.4763 1.6756 0.5515 0.5866 4.2932 1.1407 14.0465 -8.3790 -0.1223
Pedestrian -1 -1 -8.3400 569.7086 149.5439 621.5560 237.4378 1.7996 0.6760 1.0778 -0.1747 1.1459 15.3431 -8.3564 -0.2641
Pedestrian -1 -1 -8.0198 813.6621 143.5606 872.4050 268.6609 1.8024 0.6699 1.0085 3.5962 1.2565 10.8958 -7.7135 -0.7131
Pedestrian -1 -1 -6.8528 729.5065 154.6579 771.8425 237.4396 1.6821 0.6014 0.6395 3.0702 1.1373 14.9937 -6.6595 -0.9919
Pedestrian -1 -1 -7.5911 656.9084 150.5444 682.5909 202.7128 1.8362 0.6930 0.9917 2.4421 0.7471 25.8688 -7.5028 -1.0024
Pedestrian -1 -1 -6.9985 241.8115 161.6519 360.1671 344.5720 1.6895 0.7453 0.7943 -3.0290 1.5069 7.1562 -7.3921 -1.0354
Pedestrian -1 -1 -6.9612 740.0972 148.2292 811.9888 266.6156 1.7781 0.5174 0.9908 2.6854 1.2790 11.2386 -6.7373 -1.2344
Pedestrian -1 -1 -6.8547 739.1743 148.4659 797.4890 248.8169 1.7956 0.6842 0.8092 3.0438 1.2052 13.3153 -6.6395 -1.2424
Cyclist -1 -1 -3.4644 674.0133 154.7749 718.2693 200.1147 1.8304 0.6713 1.6738 3.8643 0.7518 29.4931 -3.3402 -1.4450
Pedestrian -1 -1 -5.0846 257.6801 150.3527 296.4732 233.9330 1.8247 0.6246 0.5794 -7.3116 1.1453 16.1084 -5.5097 -1.4953
Pedestrian -1 -1 -6.5424 725.5146 153.4026 759.0015 231.2341 1.7467 0.7329 0.5797 3.1905 1.1167 16.5089 -6.3597 -1.5994
Car -1 -1 -8.0725 710.4783 161.2883 811.0354 229.3352 1.5171 1.6183 3.7093 3.8018 1.0671 17.8839 -7.8711 -1.6544
Cyclist -1 -1 -4.9746 727.5081 157.9857 748.4139 193.7392 1.7281 0.6095 1.6046 6.7342 0.5918 35.5452 -4.7936 -1.6627
Pedestrian -1 -1 -8.0394 466.4106 150.9224 479.6971 180.9781 1.7649 0.6378 0.7984 -7.6312 -0.0313 42.6866 -8.2199 -1.8006
Pedestrian -1 -1 -6.2262 469.4904 159.8073 492.1266 212.9996 1.7740 0.7472 0.7200 -4.1122 1.0510 24.3693 -6.3967 -1.8219
Pedestrian -1 -1 -7.3384 271.6856 152.5168 310.6326 229.6419 1.8024 0.5766 0.7189 -7.4467 1.1256 17.1751 -7.7471 -1.9042
Cyclist -1 -1 -5.9593 649.4937 161.8383 683.1346 195.9674 1.7518 0.6749 1.6193 3.3795 0.7428 37.5015 -5.8750 -2.1083
Pedestrian -1 -1 -3.2850 794.7084 148.7006 803.9047 197.3339 1.8331 0.4607 0.2701 7.5017 0.5972 27.3196 -3.0243 -2.1561
Pedestrian -1 -1 -6.9449 724.6206 150.5273 741.4200 182.1160 1.7873 0.6381 0.7002 7.5234 0.0350 41.0903 -6.7697 -2.1754
