Pedestrian -1 -1 -8.1722 825.5762 149.6069 948.2838 366.5807 1.6857 0.6799 0.9343 2.3135 1.4387 6.0569 -7.8275 1.8662
Car -1 -1 -4.5748 533.8100 156.9369 594.2130 206.4767 1.7216 1.7218 4.3153 -1.3513 0.8684 27.1854 -4.6290 1.6637
Pedestrian -1 -1 -8.3104 718.2114 161.3307 797.0655 299.1769 1.6043 0.5824 0.9508 1.8641 1.3703 8.8949 -8.1153 1.5649
Pedestrian -1 -1 -8.0993 802.8599 159.4848 880.1906 326.4952 1.6326 0.5940 0.6726 2.3943 1.4181 7.3733 -7.8014 0.7888
Pedestrian -1 -1 -7.9177 707.5558 159.0551 755.4662 279.1682 1.6588 0.6095 0.9430 1.8234 1.3495 10.4197 -7.7542 0.7841
Pedestrian -1 -1 -8.2628 587.2368 150.2448 636.7285 236.0717 1.8178 0.7252 1.0541 0.1819 1.1564 15.8414 -8.2568 0.4425
Pedestrian -1 -1 -4.1368 55.8435 147.1907 220.9757 373.0000 1.7605 0.6392 0.6912 -3.0688 1.5519 4.7360 -4.6937 0.2965
Pedestrian -1 -1 -8.0134 754.7081 147.6638 802.9438 265.8227 1.8205 0.6049 0.8891 2.7869 1.2998 11.5315 -7.7868 -0.2143
Pedestrian -1 -1 -4.7196 772.6287 157.6926 812.8000 281.0207 1.6590 0.5255 0.6972 2.6213 1.3394 10.0631 -4.4766 -0.2336
Pedestrian -1 -1 -7.9250 812.2058 147.3265 858.9487 266.2645 1.7952 0.6347 0.7248 3.6130 1.2800 11.2665 -7.6268 -0.3732
Pedestrian -1 -1 -3.9597 738.4249 148.5023 801.3562 249.1773 1.8445 0.7148 0.9532 3.1756 1.2406 13.7253 -3.7418 -0.4514
Pedestrian -1 -1 -7.8132 690.6978 160.5381 708.8027 204.2544 1.6235 0.6561 0.5855 3.6786 0.8454 27.0215 -7.6842 -0.6358
Pedestrian -1 -1 -8.1148 661.5310 153.8883 687.3553 204.2518 1.7970 0.6764 1.0727 2.6322 0.8122 26.2163 -8.0207 -0.6454
Pedestrian -1 -1 -8.5052 711.9987 151.6842 744.1534 208.7881 1.8588 0.6307 0.9071 4.1861 0.8887 23.9307 -8.3389 -0.7026
Pedestrian -1 -1 -4.6042 704.5993 149.9118 717.2375 182.9835 1.8201 0.6102 0.8838 6.1016 0.0818 40.0372 -4.4587 -0.7383
Pedestrian -1 -1 -6.3031 794.0281 145.1885 843.1527 240.4077 1.8455 0.6268 0.9172 4.2807 1.1423 14.3436 -6.0233 -1.0854
Pedestrian -1 -1 -7.8769 295.2788 149.6418 319.9054 221.3961 1.7511 0.5507 0.8226 -7.4107 0.9742 18.0178 -8.2671 -1.0985
Cyclist -1 -1 -3.6061 682.6880 159.1483 725.8998 202.7795 1.8061 0.6433 1.6981 4.3220 0.8812 30.3143 -3.4707 -1.3871
Car -1 -1 -8.0261 667.6247 164.6642 717.5892 200.5820 1.5273 1.5868 3.7529 4.0418 0.8117 32.4619 -7.9082 -1.3930
Cyclist -1 -1 -6.3232 713.5474 154.7262 747.2716 189.9351 1.7591 0.6326 1.6490 6.5005 0.4217 36.3108 -6.1521 -1.4414
Pedestrian -1 -1 -8.3296 732.5564 155.4639 772.1376 236.9724 1.7146 0.6021 0.6483 3.2119 1.1675 15.5058 -8.1340 -1.6283
Pedestrian -1 -1 -7.0497 280.6442 160.0495 381.6750 322.7438 1.6841 0.7598 0.7169 -3.0201 1.4628 7.9228 -7.4091 -1.6483
Pedestrian -1 -1 -4.1884 272.8506 153.5515 307.1802 228.0514 1.7254 0.5454 0.5422 -7.3742 1.0787 16.9368 -4.5986 -1.6949
Pedestrian -1 -1 -8.1486 469.9231 151.5341 483.8705 180.8623 1.7565 0.6469 0.7268 -7.5442 -0.0390 43.5133 -8.3240 -1.7910
Pedestrian -1 -1 -7.1813 724.1671 152.4106 771.0348 230.8463 1.7859 0.7037 0.8548 3.4019 1.1241 16.9007 -6.9909 -1.8240
Pedestrian -1 -1 -7.6240 684.6171 156.0643 706.9592 203.5409 1.7089 0.6610 0.7596 3.4381 0.7937 26.3266 -7.5004 -1.8699
Pedestrian -1 -1 -6.2137 477.7316 163.8827 493.6665 212.9596 1.6890 0.7382 0.5040 -4.0672 1.0831 25.1133 -6.3776 -1.9231
Pedestrian -1 -1 -7.6624 998.9557 151.0094 1046.8884 254.5261 1.6689 0.5955 0.6023 6.9999 1.1780 12.0035 -7.1492 -2.1041
Pedestrian -1 -1 -8.4386 1034.8240 149.5279 1099.5649 263.8151 1.6473 0.6116 0.5274 6.8321 1.1871 10.6264 -7.8836 -2.1098
Car -1 -1 -4.7190 582.0706 168.2696 619.8318 204.1106 1.4847 1.5650 3.7987 -0.0643 0.9369 31.6663 -4.7260 -2.1436
Car -1 -1 -4.7313 584.2513 166.8358 618.8762 199.8481 1.5112 1.5750 3.9940 -0.0525 0.8402 34.8987 -4.7377 -2.1591
