Car -1 -1 -4.5682 540.5589 167.5833 597.5228 209.2356 1.5131 1.6740 4.1508 -1.2157 1.0079 28.2407 -4.6159 1.8301
Pedestrian -1 -1 -8.2007 802.3788 156.8436 907.4476 353.6665 1.7212 0.6546 0.8663 2.2906 1.5063 6.7266 -7.8902 1.7835
Pedestrian -1 -1 -8.1978 718.1772 162.8935 786.1204 292.2316 1.6263 0.6238 0.8317 1.9260 1.3930 9.4911 -8.0086 1.6463
Pedestrian -1 -1 -4.1739 163.7032 156.0350 325.1196 373.0000 1.7801 0.8352 1.0433 -3.0997 1.5793 6.2395 -4.6249 1.6310
Pedestrian -1 -1 -7.6496 699.4321 164.8016 747.1868 275.1473 1.6083 0.5707 0.8343 1.8232 1.3656 10.9606 -7.4942 1.5028
Pedestrian -1 -1 -8.0315 613.5873 160.8588 647.1878 240.6774 1.7768 0.5928 1.0205 0.6179 1.3179 16.5385 -8.0001 1.2218
Pedestrian -1 -1 -4.4984 49.9385 172.4167 145.9703 360.8547 1.6296 0.6007 0.6292 -4.6630 1.5517 6.6168 -5.1000 0.7619
Pedestrian -1 -1 -8.4697 683.2933 159.5858 708.9414 208.9489 1.8047 0.6077 0.7758 3.4989 1.0039 26.7472 -8.3459 0.6619
Pedestrian -1 -1 -5.2615 1139.1493 146.9334 1237.0000 373.0000 1.6796 0.4986 0.7385 3.9393 1.4748 4.6671 -4.5934 0.5463
Pedestrian -1 -1 -8.7226 774.8303 162.4856 868.8488 318.6406 1.6449 0.5404 0.8618 2.4140 1.4453 8.0753 -8.4467 0.2559
Pedestrian -1 -1 -8.1019 667.9072 160.2480 688.2356 209.0549 1.7792 0.5901 0.6974 2.8076 1.0048 26.5741 -8.0027 0.0482
Pedestrian -1 -1 -8.1736 754.8738 162.7386 805.5599 277.0277 1.6491 0.5945 0.5067 2.5949 1.3791 10.6446 -7.9457 -0.2699
Pedestrian -1 -1 -8.4354 720.2617 160.6760 745.9987 212.3561 1.7320 0.5808 0.6838 4.4624 1.0345 24.5031 -8.2622 -0.3815
Pedestrian -1 -1 -6.7139 740.4465 154.6099 787.5421 247.0920 1.7994 0.6023 0.7292 3.1993 1.2768 14.3500 -6.5037 -0.5161
Pedestrian -1 -1 -7.8770 760.2315 147.5207 800.8306 260.5603 1.8597 0.6454 0.5501 2.9764 1.3013 12.1534 -7.6472 -0.6294
Pedestrian -1 -1 -8.2255 704.4133 155.9034 720.8156 188.1171 1.8365 0.6486 0.8998 6.4116 0.3774 41.4628 -8.0779 -0.6358
Car -1 -1 -8.1289 632.5229 166.0514 674.4444 190.9085 1.4867 1.6018 3.8797 3.2156 0.5628 45.0266 -8.0629 -0.9157
Pedestrian -1 -1 -7.7474 735.4592 161.2094 764.8710 233.8783 1.7274 0.6411 0.6592 3.5882 1.2456 17.4850 -7.5532 -0.9196
Pedestrian -1 -1 -8.4825 660.5073 161.9235 679.8872 195.1803 1.7489 0.7062 0.7745 3.6570 0.7196 38.2898 -8.3928 -0.9668
Pedestrian -1 -1 -6.3764 199.7395 155.9739 235.2993 252.0912 1.8058 0.4507 0.5647 -7.4392 1.3269 13.8396 -6.8671 -1.0090
Cyclist -1 -1 -5.8599 676.2104 165.0596 717.0151 208.2028 1.6603 0.6222 1.4665 3.7245 1.0280 28.2915 -5.7352 -1.0112
Pedestrian -1 -1 -6.9644 801.6306 151.9579 846.0146 241.3245 1.8109 0.5728 0.6708 4.5839 1.2129 14.9497 -6.6770 -1.1267
Car -1 -1 -7.7499 458.3288 172.0333 496.0416 201.5624 1.4837 1.6137 3.5864 -6.5206 1.0083 37.9391 -7.9240 -1.1570
Pedestrian -1 -1 -5.0730 313.1154 162.0270 343.4363 227.0344 1.6978 0.5310 0.7361 -7.3417 1.1897 19.2119 -5.4387 -1.1631
Pedestrian -1 -1 -7.5745 741.3939 162.3920 772.5446 238.1315 1.6769 0.5695 0.5303 3.4869 1.2544 16.2707 -7.3720 -1.3950
Car -1 -1 -6.3999 658.9221 162.6813 725.8438 191.5650 1.5248 1.5711 3.4079 4.8588 0.5315 38.7109 -6.2808 -1.4238
Pedestrian -1 -1 -7.1689 330.5313 169.0310 423.1777 303.5389 1.6354 0.7872 0.8416 -2.9311 1.4845 9.2708 -7.4730 -1.5364
Pedestrian -1 -1 -5.7836 298.6774 159.7384 329.8041 231.6339 1.7706 0.5678 0.5166 -7.2279 1.2352 18.0028 -6.1656 -1.5529
Pedestrian -1 -1 -4.0776 710.0612 152.4114 729.9487 187.5478 1.8244 0.6527 0.8599 6.2388 0.3142 37.8323 -3.9201 -1.6247
Car -1 -1 -8.1504 669.3796 170.2251 724.6568 203.6888 1.4683 1.5285 3.6256 4.3720 0.9739 33.4352 -8.0264 -1.8596
Pedestrian -1 -1 -7.4349 791.9069 147.5404 841.2695 263.0344 1.8414 0.5882 0.6131 3.5142 1.3006 11.8768 -7.1586 -1.8760
Pedestrian -1 -1 -7.5781 697.1205 154.6045 710.0999 183.9327 1.8712 0.6655 0.7008 6.5908 0.1553 46.2859 -7.4422 -1.8882
Car -1 -1 -5.1669 566.8619 172.9878 624.5866 199.6584 1.4196 1.6022 4.0644 -0.3827 0.9667 40.4101 -5.1813 -1.9849
Car -1 -1 -6.7267 649.1304 171.3898 822.4550 238.2300 1.4662 1.5926 3.7141 3.1137 1.2449 17.0205 -6.5538 -2.0625
Pedestrian -1 -1 -7.7417 566.6437 154.1231 579.5270 188.0547 1.9486 0.6752 0.7028 -1.6412 0.3766 41.6262 -7.7856 -2.0854
Car -1 -1 -4.7996 478.6748 170.7058 530.9208 213.7324 1.4573 1.5515 3.6938 -3.6213 1.0921 26.3036 -4.9401 -2.0874
Car -1 -1 -7.9842 544.0027 152.6774 577.2407 179.6945 1.7147 1.6852 4.0252 -2.7620 -0.1261 48.0135 -8.0460 -2.1408
