Car -1 -1 -4.5957 566.2267 170.0111 599.5999 195.7499 1.4926 1.5994 3.9552 -1.0808 0.8265 43.6955 -4.6253 0.9963
Pedestrian -1 -1 -8.0166 672.3318 159.9129 704.7269 240.2688 1.7075 0.5651 0.8428 1.8552 1.2493 15.6994 -7.9062 0.9045
Pedestrian -1 -1 -7.5965 621.7159 163.3916 647.6798 216.7234 1.7437 0.6704 0.8786 1.0903 1.1520 24.0039 -7.5568 0.4607
Pedestrian -1 -1 -5.5118 681.6001 158.4057 712.8912 213.6877 1.8309 0.5662 0.9112 3.2138 1.0665 24.3236 -5.3870 0.3287
Pedestrian -1 -1 -4.5161 431.9787 156.0879 511.0233 324.6047 1.7994 0.7076 1.0021 -1.5017 1.5287 8.1762 -4.6983 0.3104
Pedestrian -1 -1 -3.3745 861.0368 143.9467 899.6454 239.2668 1.8274 0.6983 0.5538 5.4430 1.1080 14.1515 -3.0187 0.1562
Pedestrian -1 -1 -2.0993 382.4900 164.7715 419.4478 245.0050 1.7738 0.6141 0.5486 -4.5842 1.4045 16.2925 -2.3748 0.1112
Pedestrian -1 -1 -2.6560 723.7728 155.4679 760.5583 222.4659 1.8062 0.5646 0.8308 3.8538 1.1049 19.8446 -2.4718 0.0096
Pedestrian -1 -1 -4.6972 744.1004 153.4918 764.7491 214.0813 1.8894 0.6315 0.8564 4.8471 1.0165 22.8868 -4.4959 -0.1083
Pedestrian -1 -1 -8.1810 652.6937 163.6679 670.3463 205.0690 1.8379 0.6382 0.5684 2.6796 1.0466 32.2431 -8.1038 -0.1936
Cyclist -1 -1 -8.1337 910.6225 160.6999 964.3481 262.9715 1.5553 0.3483 1.5594 5.4084 1.2396 11.7205 -7.7152 -0.2574
Cyclist -1 -1 -5.4935 301.3465 175.1464 416.1083 269.1886 1.5879 0.8737 1.8983 -4.4186 1.4812 12.9427 -5.8219 -0.2596
Pedestrian -1 -1 -8.0906 701.8354 164.3608 729.4976 229.4491 1.6255 0.5662 0.5931 2.8631 1.1980 18.2598 -7.9425 -0.3022
Pedestrian -1 -1 -7.8398 666.6797 163.4305 681.6851 204.6038 1.8324 0.6651 0.6877 3.2628 1.0285 32.3464 -7.7451 -0.3328
Pedestrian -1 -1 -7.7885 477.8745 165.6118 495.2650 215.4929 1.7684 0.5802 0.6372 -4.1477 1.2055 25.8122 -7.9513 -0.3413
Pedestrian -1 -1 -4.4036 248.9369 174.0415 354.9555 373.0000 1.6383 0.5897 0.8475 -2.5353 1.5810 6.0325 -4.7928 -0.4073
Pedestrian -1 -1 -4.7614 628.4084 159.6206 662.7712 241.0574 1.7440 0.6983 1.0400 0.9263 1.2760 15.9040 -4.7095 -0.4258
Pedestrian -1 -1 -4.3754 721.2197 161.7666 739.7215 211.2841 1.7979 0.5290 0.5256 4.7273 1.0818 26.4398 -4.2053 -0.4304
Pedestrian -1 -1 -4.5117 701.4522 155.8366 728.1949 223.4239 1.8333 0.6359 0.5577 3.1039 1.1377 19.8552 -4.3638 -0.6765
Pedestrian -1 -1 -7.6392 496.8880 165.1684 518.3843 215.9092 1.7768 0.6096 0.7841 -3.3581 1.2053 25.5694 -7.7736 -0.7805
Pedestrian -1 -1 -5.9838 508.7201 162.0154 517.2498 197.5455 1.8679 0.5075 0.3150 -4.6893 0.8437 38.0410 -6.1106 -0.9345
Pedestrian -1 -1 -3.5723 867.6336 151.2633 908.4990 232.8128 1.6775 0.4868 0.6477 5.9550 1.0561 15.0402 -3.2064 -1.1620
Pedestrian -1 -1 -6.6734 668.2154 163.6481 693.6049 234.7887 1.6510 0.4654 0.4497 1.8362 1.2373 16.9585 -6.5724 -1.1621
Pedestrian -1 -1 -5.4202 695.5930 166.7657 716.3693 210.0600 1.6249 0.5189 0.5958 3.9568 1.0722 27.3504 -5.2830 -1.2212
Car -1 -1 -7.2515 1162.0601 160.9560 1237.0000 373.0000 1.5080 1.6484 4.1071 5.8800 1.4151 4.2067 -6.3363 -1.2916
Car -1 -1 -2.9158 217.1839 180.9003 383.6739 236.8332 1.4593 1.6254 3.9865 -8.2301 1.4442 19.8753 -3.3090 -1.5137
Cyclist -1 -1 -7.7160 648.7867 165.9281 670.0416 218.2892 1.6666 0.4852 1.6914 1.9004 1.1714 23.7420 -7.6421 -1.5241
Pedestrian -1 -1 -5.9641 542.4573 164.4591 563.0972 203.3700 1.8169 0.6466 0.8140 -2.3095 1.0215 33.9556 -6.0365 -1.5960
Cyclist -1 -1 -7.7038 906.2495 146.7161 942.1624 242.4017 1.6821 0.3925 1.6626 6.0102 1.0712 13.4367 -7.2956 -1.7992
Car -1 -1 -7.8870 719.9503 156.9685 750.5810 191.5026 1.9781 1.6524 3.8069 7.9969 0.5731 43.1480 -7.7097 -1.9461
Pedestrian -1 -1 -2.0744 214.6983 203.2226 330.2497 373.0000 1.4298 0.4846 0.5824 -2.2586 1.5873 4.8155 -2.4995 -2.0467
Pedestrian -1 -1 -6.5909 659.0249 163.6097 672.4178 192.9817 1.8958 0.5962 0.7186 4.1866 0.7411 46.7347 -6.5070 -2.0571
Pedestrian -1 -1 -4.8093 817.4091 218.9707 863.6592 340.5197 1.0924 0.3662 0.4626 2.2300 1.4658 6.8812 -4.5128 -2.0844
Pedestrian -1 -1 -7.4288 672.1056 163.5320 700.5730 228.2123 1.6735 0.5611 0.5783 2.2109 1.2091 18.9778 -7.3197 -2.1716
Pedestrian -1 -1 -7.7806 491.9864 158.0286 506.7622 199.1615 1.9768 0.6677 0.6522 -4.9622 0.8490 34.8719 -7.9259 -2.1940
