Pedestrian -1 -1 -5.0031 632.2706 161.1531 662.1555 231.4023 1.7337 0.5297 0.8430 1.1171 1.2321 18.1996 -4.9480 1.2972
Pedestrian -1 -1 -7.7445 655.3679 162.7215 681.1653 223.7989 1.6833 0.6437 0.8409 1.8599 1.1662 20.2716 -7.6594 1.1130
Pedestrian -1 -1 -7.5113 378.0688 170.3924 437.9727 287.9020 1.6877 0.6346 0.8021 -2.9228 1.5288 10.7412 -7.7766 0.7113
Pedestrian -1 -1 -4.3909 494.3250 163.0555 540.5432 249.9476 1.7705 0.7108 0.9490 -1.8014 1.3952 15.1720 -4.5125 0.6044
Pedestrian -1 -1 -7.9666 572.4196 163.6755 603.8354 232.4206 1.7095 0.6922 0.9654 -0.3853 1.2668 18.3888 -7.9925 0.5804
Car -1 -1 -4.6092 545.1711 168.6701 573.3982 191.5815 1.4968 1.5545 3.7682 -2.8205 0.6586 48.8428 -4.6714 0.4864
Pedestrian -1 -1 -7.4904 618.0272 161.0340 648.2413 227.1196 1.7319 0.5295 0.9106 0.8267 1.1961 19.3480 -7.4535 0.4791
Pedestrian -1 -1 -8.5370 690.9145 160.5817 722.3494 217.6968 1.7319 0.5561 0.8405 3.2294 1.0981 22.2856 -8.3999 0.4405
Pedestrian -1 -1 -4.3990 852.5533 137.8612 972.2584 373.0000 1.7936 0.6288 0.8552 2.3428 1.4917 5.5116 -4.0199 0.3264
Pedestrian -1 -1 -5.9624 981.9855 117.9363 1104.2562 320.8823 1.9426 0.6218 0.9376 4.5070 1.3349 7.4330 -5.4383 0.1807
Pedestrian -1 -1 -7.6947 603.1324 160.7884 626.1579 212.4894 1.8591 0.7006 1.0117 0.4688 1.1147 26.3882 -7.6822 0.0904
Pedestrian -1 -1 -4.1140 664.9756 166.6392 686.3464 209.4616 1.6580 0.5413 0.6939 2.8999 1.0830 28.2527 -4.0177 -0.1625
Pedestrian -1 -1 -5.0252 464.8415 170.5053 511.2618 251.8242 1.6460 0.6945 0.9753 -2.4373 1.4240 15.1325 -5.1876 -0.2808
Pedestrian -1 -1 -3.1634 436.2137 184.3387 468.6586 259.6416 1.4417 0.5187 0.6094 -2.9701 1.4993 14.0993 -3.3729 -0.4402
Pedestrian -1 -1 -7.8723 679.8702 160.8593 698.7073 217.9976 1.7302 0.5550 0.8078 2.6775 1.1057 22.1808 -7.7587 -0.4754
Pedestrian -1 -1 -7.0766 159.3773 195.7195 264.1614 368.8515 1.4861 0.5441 0.6578 -3.6274 1.6257 6.6226 -7.5676 -0.5160
Pedestrian -1 -1 -6.1700 470.1754 164.0469 498.5872 230.6656 1.7664 0.5617 0.6992 -3.1802 1.3041 19.3452 -6.3361 -0.5990
Pedestrian -1 -1 -5.8989 382.2832 165.3302 394.8447 214.7206 1.8293 0.4906 0.2893 -7.9814 1.2308 26.8629 -6.1902 -0.8196
Cyclist -1 -1 -7.9591 798.7220 166.0635 822.1030 236.6417 1.5667 0.3392 1.5764 4.8226 1.2246 16.7511 -7.6881 -0.8611
Pedestrian -1 -1 -7.7796 300.8766 190.2011 357.2654 321.0934 1.5035 0.5948 0.5879 -3.3207 1.6136 8.6659 -8.1417 -0.9308
Cyclist -1 -1 -7.9835 931.5924 159.7649 974.9209 266.2266 1.5718 0.3855 1.5878 5.5235 1.2515 11.4204 -7.5473 -0.9704
Pedestrian -1 -1 -3.1914 632.1256 161.4321 657.8511 221.0137 1.7236 0.6546 0.7172 1.2428 1.1436 21.1089 -3.1385 -1.0434
Pedestrian -1 -1 -4.5448 707.8775 152.4906 724.1675 194.1554 1.9795 0.6358 0.9336 5.5231 0.6015 34.6711 -4.3929 -1.0766
Pedestrian -1 -1 -8.2482 690.9216 159.0010 718.8100 212.2003 1.8395 0.6655 0.9237 3.6209 1.0619 25.3696 -8.1130 -1.1266
Pedestrian -1 -1 -4.1364 374.3919 185.5565 431.6250 303.4408 1.4898 0.4818 0.5940 -2.6525 1.5459 9.4583 -4.4086 -1.1541
Pedestrian -1 -1 -6.1077 613.0775 166.5365 629.7269 204.7440 1.7910 0.5543 0.7051 0.9354 1.0899 34.0140 -6.0854 -1.2239
Pedestrian -1 -1 -3.5362 773.1081 152.3280 809.5036 220.5010 1.8585 0.6026 0.8037 5.2316 1.0637 19.9401 -3.2879 -1.3208
Pedestrian -1 -1 -4.3302 472.1677 162.8418 490.4807 205.6309 1.8819 0.6729 0.4800 -5.3471 1.0616 31.8987 -4.4999 -1.3764
Pedestrian -1 -1 -8.1821 521.3658 165.4645 540.7534 203.5186 1.7790 0.7304 0.6847 -3.3499 1.0296 34.0445 -8.2845 -1.6176
Pedestrian -1 -1 -8.0679 502.5265 165.2548 523.2842 210.0341 1.8076 0.7130 0.6807 -3.6499 1.1522 29.4367 -8.1952 -1.6235
Pedestrian -1 -1 -5.8929 216.9226 192.0589 301.3968 337.7215 1.4872 0.6236 0.6280 -3.7047 1.6061 7.7091 -6.3340 -1.6382
Pedestrian -1 -1 -7.5220 650.3156 161.8828 667.3114 201.6018 1.8461 0.6525 0.5581 2.6863 0.9346 33.7719 -7.4483 -1.6631
Pedestrian -1 -1 -4.7656 163.5359 173.5567 205.8921 299.6554 1.6751 0.4720 0.7128 -5.8361 1.5702 9.9698 -5.2896 -1.6789
Pedestrian -1 -1 -7.7421 662.0453 166.1367 681.3400 210.5875 1.6681 0.6621 0.7047 2.6585 1.0919 27.3686 -7.6513 -1.8777
Pedestrian -1 -1 -7.7457 34.8931 194.5833 216.0894 373.0000 1.5699 0.7246 0.6253 -2.5195 1.6479 3.8013 -8.3075 -1.8946
Pedestrian -1 -1 -5.7802 527.5231 168.0315 541.7688 201.8395 1.8011 0.6782 0.5011 -3.5999 1.0838 38.6797 -5.8773 -1.9650
Pedestrian -1 -1 -8.2842 344.5245 192.6526 405.1028 311.0466 1.4246 0.5456 0.5658 -2.9239 1.5728 9.1103 -8.5924 -2.0153
Pedestrian -1 -1 -5.3291 762.9012 150.6188 798.5498 222.6953 1.8642 0.5942 0.7408 4.7105 1.0660 19.0333 -5.0949 -2.0978
Pedestrian -1 -1 -6.5865 848.3064 159.2615 870.1405 230.9844 1.6619 0.4841 0.3496 6.0207 1.1471 16.8914 -6.2541 -2.1102
Cyclist -1 -1 -8.0147 668.8674 165.0773 693.5515 232.0418 1.6181 0.3520 1.6018 1.9686 1.2218 18.1678 -7.9135 -2.1480
Pedestrian -1 -1 -2.7223 219.8031 194.1109 345.6835 373.0000 1.5351 0.5521 0.6430 -2.2823 1.6298 5.0752 -3.1330 -2.1561
