Pedestrian -1 -1 -8.1566 387.5806 170.0119 450.4285 297.8250 1.6479 0.6451 0.6927 -2.5232 1.5004 9.7257 -8.4098 1.7067
Car -1 -1 -4.4772 414.2752 172.7150 519.0645 238.4177 1.4817 1.6455 4.4616 -3.3412 1.2842 18.4715 -4.6589 1.5771
Pedestrian -1 -1 -2.4243 462.5948 157.7586 535.8503 272.9763 1.7997 0.5745 1.0708 -1.7193 1.4295 11.7510 -2.5721 1.5439
Pedestrian -1 -1 -8.6245 678.4771 169.1221 801.6987 373.0000 1.6023 0.6143 0.8380 1.1114 1.5068 6.1086 -8.4582 1.4072
Pedestrian -1 -1 -2.3107 479.0857 154.2504 583.5840 328.2844 1.8159 0.5950 1.0758 -0.8478 1.5323 8.0745 -2.4181 1.1269
Pedestrian -1 -1 -8.5194 614.2487 163.3667 677.9478 287.9127 1.7303 0.5526 0.7894 0.5965 1.4791 10.4617 -8.4696 0.3916
Pedestrian -1 -1 -7.8179 309.0325 159.3062 346.0975 254.5619 1.8397 0.6679 0.6359 -5.4758 1.4116 14.2821 -8.1833 0.3379
Pedestrian -1 -1 -5.0051 429.6263 172.3169 468.9257 261.2834 1.5947 0.5367 0.6765 -2.8648 1.4307 13.3019 -5.2188 0.3210
Pedestrian -1 -1 -2.6369 521.9551 167.3997 580.2582 302.5922 1.6955 0.5160 0.5832 -0.6998 1.5194 9.3646 -2.7154 0.1415
Pedestrian -1 -1 -8.4467 640.3715 164.3487 750.0823 337.6011 1.6836 0.6725 1.0431 0.9179 1.5177 7.5987 -8.3366 -0.0926
Pedestrian -1 -1 -8.4530 590.9009 162.9258 614.7135 209.6085 1.7893 0.6131 0.7456 0.0301 1.0778 28.0144 -8.4570 -0.3737
Pedestrian -1 -1 -8.0184 415.4919 170.1606 448.7776 253.7889 1.6269 0.5605 0.5587 -3.4244 1.4069 14.3406 -8.2542 -0.4100
Pedestrian -1 -1 -2.2752 517.7883 156.6751 578.0686 261.4807 1.8522 0.7058 0.8798 -1.0326 1.4141 13.2556 -2.3570 -0.4335
Pedestrian -1 -1 -6.0156 50.2751 169.5841 108.9286 273.1022 1.6583 0.5035 0.6742 -8.6468 1.4681 11.8612 -6.6405 -0.4619
Pedestrian -1 -1 -4.7767 493.6770 161.9854 515.5203 216.8600 1.8733 0.6868 1.0048 -3.4133 1.2075 25.0837 -4.9157 -0.4898
Pedestrian -1 -1 -5.2829 551.3654 162.5807 621.7495 290.2938 1.7371 0.6112 0.9096 -0.2705 1.4804 10.3181 -5.3142 -0.5508
Pedestrian -1 -1 -8.4711 578.8888 163.6282 600.6737 210.1122 1.7716 0.5639 0.6599 -0.4741 1.0908 27.8102 -8.4931 -0.6363
Pedestrian -1 -1 -8.0118 272.4226 168.5860 287.1433 198.5059 1.8205 0.7261 0.6854 -19.7873 1.0348 44.1937 -8.4355 -0.7873
Pedestrian -1 -1 -4.6684 677.4925 162.2117 693.9939 209.9343 1.8473 0.6223 0.5516 3.2827 1.1010 28.1268 -4.5584 -0.8594
Pedestrian -1 -1 -7.9985 572.0592 160.3322 583.3937 189.4799 1.8309 0.5947 0.8749 -1.5037 0.5013 45.6054 -8.0361 -0.8934
Pedestrian -1 -1 -8.2437 609.9115 164.9867 630.6332 208.7618 1.7256 0.6038 0.7039 0.7308 1.0750 28.7536 -8.2236 -1.0208
Car -1 -1 -7.0545 328.3661 168.2934 411.3599 200.3886 1.5442 1.6438 4.0433 -11.7692 0.9090 36.7330 -7.3674 -1.1227
Pedestrian -1 -1 -5.6444 12.5498 164.4344 78.3292 281.0053 1.7185 0.6021 0.5356 -8.4650 1.4676 10.8951 -6.2988 -1.2855
Pedestrian -1 -1 -4.7427 697.2637 162.2306 714.4117 208.8642 1.8154 0.6455 0.5975 4.0877 1.0656 28.2949 -4.6056 -1.4333
Pedestrian -1 -1 -4.2351 642.2815 166.9294 669.8752 223.4872 1.6943 0.6422 0.5918 1.6405 1.2583 21.9388 -4.1665 -1.4988
Cyclist -1 -1 -6.4071 345.7821 160.0347 407.5175 224.3454 1.8589 0.6743 1.6853 -6.7320 1.2389 21.4211 -6.7133 -1.6210
Cyclist -1 -1 -4.5953 531.6635 161.5957 547.7324 199.9512 1.7890 0.5602 1.9051 -2.9632 0.8609 34.4642 -4.6854 -1.6707
Car -1 -1 -2.4746 218.1010 174.1154 327.0424 214.2111 1.5732 1.6347 3.8776 -13.4682 1.2838 29.4334 -2.9055 -1.8014
Car -1 -1 -8.2419 552.7120 168.6679 616.5391 209.7752 1.5654 1.5235 3.0442 -0.7476 1.0771 29.0554 -8.2725 -1.8055
Pedestrian -1 -1 -7.2412 238.9537 166.9286 337.4655 321.4934 1.6850 0.7412 0.7551 -3.6382 1.5268 8.2756 -7.6498 -1.8061
Cyclist -1 -1 -3.0605 330.3505 167.3216 367.0144 204.5977 1.7843 0.6575 1.6358 -12.2817 1.1058 34.9119 -3.4014 -1.8094
Pedestrian -1 -1 -8.1461 269.2424 171.5308 283.5984 207.1413 1.8221 0.5892 0.3848 -16.7905 1.3122 37.0933 -8.5735 -1.8872
Car -1 -1 -7.9193 265.0043 169.6019 296.0629 195.3001 1.5679 1.5609 3.6076 -20.4761 0.8421 45.7869 -8.3426 -2.1214
Pedestrian -1 -1 -7.6629 277.9521 173.3999 292.6526 206.1652 1.7727 0.6240 0.6583 -17.2763 1.3346 39.2544 -8.0801 -2.1873
