Pedestrian -1 -1 -8.1962 529.9876 168.1206 582.9081 267.3021 1.8075 0.7008 1.0130 -0.9116 1.5643 13.6956 -8.2671 1.9835
Car -1 -1 -4.5630 538.4815 180.2027 608.2162 231.3564 1.5172 1.6736 4.3130 -0.8484 1.4792 23.5398 -4.6039 1.9220
Pedestrian -1 -1 -8.3515 862.2476 166.8084 936.0792 304.2132 1.7204 0.5749 0.7958 3.8397 1.5372 9.4251 -7.9800 1.5453
Pedestrian -1 -1 -8.2134 710.7393 173.4335 792.2663 320.7870 1.6718 0.6803 0.8844 1.7350 1.5809 8.6438 -8.0270 1.3894
Pedestrian -1 -1 -6.2441 695.7582 174.7916 743.5143 258.4248 1.6647 0.5318 0.9440 2.3741 1.5317 14.6488 -6.0918 1.2137
Pedestrian -1 -1 -4.8118 898.3105 169.7389 991.5903 373.0000 1.6646 0.5585 0.8008 2.6201 1.5804 5.6547 -4.4013 1.1970
Pedestrian -1 -1 -8.7052 819.0130 176.5608 911.5084 329.3679 1.6286 0.5719 0.8048 2.9290 1.5767 8.1474 -8.3761 0.7406
Pedestrian -1 -1 -5.7893 700.7119 176.4663 754.3602 266.8128 1.6259 0.6138 0.7923 2.3120 1.5359 13.4119 -5.6274 0.5920
Pedestrian -1 -1 -8.0406 670.5474 172.3749 690.7563 223.8848 1.7435 0.5478 0.7931 2.6963 1.4351 24.7324 -7.9384 0.4762
Pedestrian -1 -1 -5.3004 763.2640 172.0539 821.5929 278.7753 1.6701 0.5669 0.7956 3.0576 1.5229 11.7113 -5.0560 0.4057
Pedestrian -1 -1 -8.4435 942.4071 158.6873 1129.1348 373.0000 1.7038 0.6490 0.6704 2.4099 1.5846 4.1432 -7.9497 0.1665
Pedestrian -1 -1 -8.5416 751.7719 171.1316 873.5131 358.1938 1.6910 0.6416 1.0188 2.0051 1.5980 7.0902 -8.2817 0.1036
Pedestrian -1 -1 -7.9634 814.5159 171.1908 867.8577 302.8734 1.6670 0.5777 0.7463 3.1120 1.5372 9.5151 -7.6611 0.0490
Pedestrian -1 -1 -8.4797 817.2095 162.0660 870.0536 272.4754 1.8643 0.6539 0.5806 4.1667 1.5368 12.5068 -8.1699 -0.0684
Pedestrian -1 -1 -5.2480 732.9689 170.0182 749.7407 208.2198 1.8540 0.6217 0.5312 6.8475 1.2970 35.2177 -5.0625 -0.2171
Pedestrian -1 -1 -8.0852 684.3624 172.2117 704.7040 223.7364 1.7481 0.5189 0.8080 3.1832 1.4334 24.8013 -7.9641 -0.3606
Pedestrian -1 -1 -4.8237 205.4906 170.1549 241.7973 265.0752 1.7105 0.5393 0.5365 -7.0487 1.5067 13.3181 -5.3079 -0.5754
Car -1 -1 -4.7699 445.5565 179.0106 486.0973 214.5412 1.5422 1.5956 3.9524 -6.3466 1.4344 33.2905 -4.9620 -0.6144
Pedestrian -1 -1 -8.2362 693.5378 174.9025 722.8809 229.8427 1.6792 0.5760 0.9855 3.3072 1.4780 22.5023 -8.0973 -0.6797
Pedestrian -1 -1 -6.0243 650.0226 175.4273 661.0563 195.0386 1.8190 0.4821 0.9354 5.0830 1.2554 67.0055 -5.9539 -0.9164
Pedestrian -1 -1 -6.0926 294.4367 176.8143 322.0652 249.1083 1.6496 0.4889 0.5120 -6.8404 1.5432 16.6812 -6.4816 -1.0355
Pedestrian -1 -1 -4.9004 562.8871 171.7705 577.6316 211.8020 1.8760 0.5892 0.6196 -1.4918 1.4203 34.0330 -4.9490 -1.0987
Car -1 -1 -8.3540 656.1559 173.7258 708.2769 203.4574 1.7337 1.5861 3.6530 4.8863 1.2805 43.8790 -8.2488 -1.3566
Pedestrian -1 -1 -7.1344 677.8757 171.8588 699.4526 211.5215 1.8048 0.5728 0.8508 4.0173 1.3664 33.1856 -7.0200 -1.4021
Pedestrian -1 -1 -7.9314 466.7603 174.7903 476.3270 199.4485 1.8138 0.6396 0.7381 -9.6199 1.3202 53.2770 -8.1142 -1.4532
Pedestrian -1 -1 -5.4777 471.4958 166.6581 489.3127 199.3318 1.7944 0.5168 0.8695 -6.7300 0.9795 39.9169 -5.6487 -1.4970
Pedestrian -1 -1 -5.2619 618.3233 174.5617 629.3348 197.3466 1.8129 0.4967 0.8745 1.8175 1.2607 57.6568 -5.2356 -1.6297
Cyclist -1 -1 -4.4489 756.4188 177.0275 777.9662 214.4454 1.6571 0.5991 1.4789 7.5174 1.4593 32.6070 -4.2292 -1.7500
Pedestrian -1 -1 -3.8670 760.7339 169.8608 779.6028 214.1768 1.8405 0.5226 0.5682 7.0745 1.3574 30.1994 -3.6440 -1.7694
Car -1 -1 -7.4796 581.1266 173.6743 613.6258 192.3845 1.5947 1.6053 3.7866 -0.2938 0.9275 63.2799 -7.4892 -1.8325
Car -1 -1 -4.2889 590.3129 178.7706 621.3395 195.8239 1.6274 1.5938 3.9312 0.5045 1.3666 70.6721 -4.2868 -1.8424
Pedestrian -1 -1 -5.8108 725.5132 174.1620 744.7806 213.3037 1.7378 0.5750 0.6651 6.0021 1.4123 32.3227 -5.6338 -1.8854
Pedestrian -1 -1 -2.9498 212.6705 170.8394 243.9893 255.7937 1.7456 0.5069 0.4965 -7.8625 1.5272 15.0736 -3.4289 -1.9029
Pedestrian -1 -1 -5.6252 787.5736 169.4071 810.0157 213.7746 1.7959 0.6035 0.6581 8.0907 1.3068 29.5216 -5.3651 -2.0217
Pedestrian -1 -1 -2.7226 114.8616 164.7809 172.9544 281.1187 1.7775 0.6882 0.5411 -7.2622 1.5227 11.3547 -3.2868 -2.0226
Pedestrian -1 -1 -3.9624 747.3489 169.5399 764.0315 205.0283 1.8514 0.6479 0.5665 8.1314 1.2277 37.9033 -3.7576 -2.0838
Pedestrian -1 -1 -7.7726 703.6082 173.8505 718.4542 214.0719 1.7653 0.6134 0.5325 4.8466 1.4299 31.8557 -7.6280 -2.1304
Car -1 -1 -7.6830 705.5734 164.5315 739.2371 190.6870 1.7403 1.6782 3.9765 8.4600 0.6113 49.9490 -7.5209 -2.1318
Car -1 -1 -4.5473 675.2263 173.2254 699.6625 192.1585 1.7210 1.6499 4.1035 8.1477 0.9686 67.4971 -4.4326 -2.1482
