Pedestrian -1 -1 -7.7274 308.8704 158.8728 351.0153 253.5357 1.8238 0.7031 0.6874 -5.4171 1.3885 14.2562 -8.0899 1.4068
Pedestrian -1 -1 -2.4660 469.2718 156.0298 544.2410 272.6031 1.8278 0.6062 1.0771 -1.6008 1.4291 11.7994 -2.6035 1.3751
Pedestrian -1 -1 -2.5858 522.3905 164.9673 607.8672 303.5170 1.7012 0.5670 0.9481 -0.5168 1.4989 9.2949 -2.6457 1.1697
Pedestrian -1 -1 -8.7517 693.4980 166.0456 828.2343 373.0000 1.6390 0.6341 0.9276 1.2939 1.5198 6.1314 -8.5585 1.1644
Car -1 -1 -4.6244 431.5928 171.2059 512.0153 237.1359 1.4919 1.6593 4.3742 -3.2487 1.2595 18.5071 -4.8010 1.1610
Pedestrian -1 -1 -8.3262 391.9774 162.6817 463.1122 298.3336 1.7344 0.5654 0.9434 -2.4106 1.4945 9.7259 -8.5688 0.9665
Cyclist -1 -1 -4.4291 531.6436 158.8278 553.3760 197.1239 1.8150 0.5888 1.7830 -2.8678 0.7407 34.9768 -4.5153 0.8493
Pedestrian -1 -1 -8.3073 564.0922 159.4599 629.1052 288.8513 1.7666 0.6000 0.8898 -0.1283 1.4663 10.3399 -8.3252 0.7332
Pedestrian -1 -1 -8.5693 648.8268 162.9610 768.9103 337.6125 1.6733 0.6871 1.0945 1.0528 1.4964 7.5282 -8.4412 0.6629
Pedestrian -1 -1 -5.4216 497.8073 157.5978 590.5723 328.9871 1.7961 0.5593 0.9343 -0.7002 1.5463 8.0541 -5.5117 0.4434
Pedestrian -1 -1 -8.3414 530.5407 157.8900 580.5187 260.5721 1.8272 0.6609 0.7129 -0.8944 1.4077 13.2600 -8.4130 0.3357
Pedestrian -1 -1 -8.4593 626.1833 160.4340 684.0692 287.1123 1.7734 0.6644 0.5143 0.7322 1.4792 10.4480 -8.3968 0.3325
Pedestrian -1 -1 -7.9544 435.4168 171.3741 471.6626 260.5923 1.6099 0.5999 0.5879 -2.7925 1.4278 13.3334 -8.1625 -0.1349
Pedestrian -1 -1 -8.2169 418.3599 167.7296 455.3549 252.9341 1.6593 0.5610 0.5510 -3.3362 1.3917 14.3743 -8.4464 -0.1966
Pedestrian -1 -1 -5.0419 574.7713 163.2717 588.0557 192.2814 1.8190 0.5574 0.9608 -1.2695 0.6761 45.5892 -5.0745 -0.4474
Pedestrian -1 -1 -5.5071 25.3587 162.8154 93.4286 278.7679 1.7217 0.6081 0.5703 -8.3381 1.4450 11.0057 -6.1495 -0.5272
Cyclist -1 -1 -6.1101 331.6197 167.4258 370.7412 204.7019 1.7994 0.6786 1.7189 -12.2440 1.1203 35.1518 -6.4479 -0.5719
Pedestrian -1 -1 -7.9436 275.8973 170.1357 288.4873 199.1208 1.7732 0.6526 0.6594 -19.7268 1.0780 44.3913 -8.3645 -0.5772
Pedestrian -1 -1 -3.0377 59.0796 162.3750 118.8514 269.1010 1.7195 0.5216 0.7615 -8.5791 1.4120 11.9871 -3.6540 -0.6127
Pedestrian -1 -1 -4.6075 680.6174 159.7012 698.5038 205.8071 1.7946 0.6520 0.5169 3.4513 0.9465 28.2832 -4.4922 -0.8147
Car -1 -1 -2.3940 283.6353 169.9273 376.1894 202.8645 1.5919 1.6931 4.3935 -13.7419 1.0328 36.3250 -2.7582 -0.8191
Pedestrian -1 -1 -8.3095 589.8220 163.1985 613.3467 210.2534 1.7925 0.6980 0.6406 -0.0178 1.0957 27.8056 -8.3152 -0.9205
Pedestrian -1 -1 -2.5753 497.1692 164.1168 521.2422 216.1377 1.7844 0.6054 0.6030 -3.2381 1.1885 25.0409 -2.7077 -0.9348
Pedestrian -1 -1 -7.5070 619.5997 167.9997 638.4095 211.5278 1.6444 0.5299 0.6639 1.0380 1.1348 27.5437 -7.4748 -1.0656
Car -1 -1 -8.1336 274.3733 172.0363 340.3446 212.0363 1.5751 1.5911 3.7187 -12.4402 1.2028 30.2359 -8.5259 -1.0995
Pedestrian -1 -1 -7.4404 647.5596 166.5128 675.1465 222.5957 1.6808 0.6640 0.5822 1.8022 1.2321 21.9418 -7.3646 -1.1153
Cyclist -1 -1 -7.4511 698.2237 161.8090 724.8016 206.0266 1.7038 0.4583 1.6083 4.3550 0.9454 28.4849 -7.3058 -1.1215
Pedestrian -1 -1 -3.9855 422.3682 158.6658 460.6807 221.4254 1.8669 0.6881 0.9482 -4.9096 1.1881 21.9495 -4.2081 -1.1498
Pedestrian -1 -1 -4.0531 701.4886 159.2934 727.0850 208.9289 1.7574 0.5293 0.8100 4.0471 0.9716 25.9050 -3.9047 -1.2599
Pedestrian -1 -1 -7.8959 613.9479 163.5380 630.3133 208.9624 1.7978 0.6225 0.6765 0.8051 1.0872 28.7736 -7.8733 -1.3784
Cyclist -1 -1 -4.7712 743.6945 165.7528 764.1523 221.8374 1.6651 0.5102 1.5432 4.6560 1.1981 22.1269 -4.5714 -1.5429
Pedestrian -1 -1 -3.7552 685.5677 153.4205 705.7839 195.3709 1.9572 0.6427 0.7052 4.4415 0.6474 33.9627 -3.6310 -1.7258
Pedestrian -1 -1 -7.1556 242.3792 172.2838 341.5127 321.6012 1.6395 0.7463 0.7595 -3.6335 1.5390 8.3589 -7.5603 -1.7355
Cyclist -1 -1 -5.5023 276.7736 174.4910 310.2270 208.8289 1.7513 0.6492 1.5977 -15.9668 1.3940 37.2291 -5.9100 -1.7706
Cyclist -1 -1 -2.9824 601.4215 166.4718 640.9008 207.0061 1.7560 0.6650 1.6540 0.8566 1.1052 31.5948 -2.9606 -1.8125
Pedestrian -1 -1 -3.7690 673.9411 169.3737 695.8786 220.4125 1.5852 0.4573 0.5158 2.6004 1.2090 22.6367 -3.6611 -1.8188
Car -1 -1 -8.2226 560.4048 168.3250 619.8444 209.7771 1.5830 1.4954 2.7367 -0.5166 1.0803 28.9831 -8.2454 -1.8205
Pedestrian -1 -1 -3.5634 679.2617 151.4581 694.1002 190.4909 1.9779 0.6367 0.5383 4.3548 0.4558 36.7861 -3.4512 -1.9178
Pedestrian -1 -1 -7.2894 715.4872 159.0157 737.4500 205.7349 1.7772 0.6112 0.6001 4.8095 0.9223 27.7531 -7.1244 -1.9285
Car -1 -1 -2.8735 136.8882 180.4581 294.1089 232.3437 1.4960 1.6263 3.9409 -11.6820 1.4664 21.9373 -3.3631 -2.0067
Pedestrian -1 -1 -6.0585 910.9464 156.9843 938.4326 239.7500 1.7715 0.5728 0.4390 7.0441 1.2473 15.7359 -5.6490 -2.0427
Cyclist -1 -1 -7.9909 606.2003 170.2959 620.5978 209.4609 1.6031 0.3797 1.5961 0.4777 1.1448 30.2189 -7.9804 -2.0585
Car -1 -1 -6.6889 603.2092 173.7849 755.0676 225.5862 1.4473 1.6319 4.2146 2.2782 1.2322 21.4838 -6.5897 -2.0697
Pedestrian -1 -1 -5.9589 358.6148 162.4424 388.9792 221.8916 1.7449 0.6663 0.6888 -6.8125 1.1860 21.4224 -6.2684 -2.0868
Cyclist -1 -1 -4.3755 279.0743 172.8344 299.3383 205.2572 1.7497 0.5725 1.4738 -17.1717 1.2822 39.5207 -4.7880 -2.0936
