Pedestrian -1 -1 -8.5865 687.8889 166.3496 802.1315 337.9358 1.6275 0.6559 0.9877 1.4095 1.4845 7.4059 -8.4108 1.7496
Car -1 -1 -4.5846 442.8740 167.3939 527.3311 237.2754 1.6161 1.6502 4.2342 -2.9459 1.2904 18.7541 -4.7436 1.2598
Pedestrian -1 -1 -8.2270 423.0345 166.7775 489.7292 299.2184 1.6989 0.6247 0.8232 -2.0206 1.5107 9.7299 -8.4323 1.2594
Pedestrian -1 -1 -5.5185 587.3382 163.9627 654.1089 290.0950 1.7126 0.5366 0.7990 0.2233 1.4752 10.2253 -5.5030 0.8641
Pedestrian -1 -1 -2.4373 495.1424 156.1611 569.3528 272.0113 1.8200 0.5721 1.1078 -1.1885 1.4226 11.8341 -2.5409 0.6664
Pedestrian -1 -1 -7.9769 590.1520 165.1989 607.8344 210.6071 1.7070 0.5770 0.7945 -0.1196 1.0946 27.4353 -7.9863 0.3644
Pedestrian -1 -1 -8.6107 645.2104 163.1847 717.3133 287.9557 1.7074 0.5514 0.9151 1.0948 1.4574 10.3605 -8.5138 0.2836
Pedestrian -1 -1 -2.6940 567.7884 168.3931 619.5486 303.1908 1.6766 0.4711 0.5163 -0.1447 1.5142 9.2556 -2.7151 0.2769
Pedestrian -1 -1 -7.7276 316.4065 161.1063 358.9196 255.3591 1.8023 0.7015 0.7433 -5.2340 1.4129 14.1768 -8.0807 0.2589
Cyclist -1 -1 -4.6777 543.5704 159.3618 558.9679 198.1471 1.9157 0.7257 1.8555 -2.5424 0.8225 36.4218 -4.7518 0.2442
Pedestrian -1 -1 -2.3645 525.3455 153.7694 630.6314 328.6295 1.8153 0.5795 1.0739 -0.3229 1.5281 8.0316 -2.4095 -0.2057
Pedestrian -1 -1 -5.1674 448.8138 171.9539 486.8770 261.1271 1.6014 0.4991 0.5493 -2.5122 1.4306 13.2696 -5.3565 -0.2161
Pedestrian -1 -1 -8.1680 438.9641 165.8303 475.9334 253.0867 1.6975 0.5576 0.6252 -2.9277 1.3933 14.3843 -8.3707 -0.2801
Pedestrian -1 -1 -3.2677 551.2584 157.1707 604.9653 260.0024 1.8207 0.6854 0.8964 -0.4790 1.3906 13.1313 -3.3090 -0.3299
Pedestrian -1 -1 -8.8261 735.4799 160.3488 873.9653 373.0000 1.6654 0.5708 0.9367 1.6048 1.5079 5.9142 -8.5783 -0.3305
Pedestrian -1 -1 -2.8509 0.0000 158.4057 46.0210 289.9128 1.7487 0.6991 0.5427 -8.2097 1.4422 9.9783 -3.5320 -0.4683
Pedestrian -1 -1 -4.3926 682.6117 161.4730 702.0872 207.6349 1.8235 0.6478 0.5102 3.6192 1.0327 28.7447 -4.2735 -0.5872
Pedestrian -1 -1 -4.0289 80.2277 164.0886 136.5981 266.2096 1.7096 0.5411 0.6013 -8.5081 1.4187 12.3480 -4.6277 -0.6358
Pedestrian -1 -1 -5.2067 49.7249 163.5187 110.2962 275.2578 1.6971 0.5459 0.6134 -8.2358 1.4247 11.2897 -5.8314 -0.7205
Pedestrian -1 -1 -4.8029 585.9603 162.9871 596.1683 192.7274 1.8631 0.5558 0.9684 -0.6560 0.7034 45.5123 -4.8221 -0.8983
Cyclist -1 -1 -2.8316 282.5269 170.8073 331.9331 216.7696 1.8379 0.6489 1.7394 -11.9313 1.4106 29.1170 -3.2224 -1.0748
Cyclist -1 -1 -7.7546 710.3347 164.3606 724.5012 207.4600 1.6733 0.4096 1.6668 4.6288 1.0082 28.7467 -7.6014 -1.2956
Pedestrian -1 -1 -4.6274 632.2924 166.8378 650.0704 210.0438 1.6480 0.6342 0.7039 1.5200 1.0891 27.7901 -4.5784 -1.3426
Pedestrian -1 -1 -7.0616 693.5753 147.4654 710.3081 187.4121 1.8786 0.6604 0.4544 4.7689 0.2783 34.1816 -6.9288 -1.4465
Pedestrian -1 -1 -5.5322 283.9911 170.6016 297.2645 199.6361 1.7956 0.6056 0.4749 -19.3736 1.1217 44.7880 -5.9433 -1.4820
Cyclist -1 -1 -7.0793 647.7295 166.2326 702.3276 221.6070 1.6557 0.6727 1.7317 2.2660 1.1997 22.2942 -6.9844 -1.5009
Cyclist -1 -1 -6.2508 346.2548 167.9258 381.2357 203.5965 1.7406 0.6176 1.6289 -11.7709 1.0785 35.5817 -6.5731 -1.5418
Car -1 -1 -7.7693 493.7164 163.7102 522.7127 187.5094 1.5661 1.6544 4.0822 -6.3520 0.3955 49.3467 -7.9015 -1.7524
Cyclist -1 -1 -4.5627 489.8446 156.9769 501.0049 182.8348 1.8095 0.5526 1.6571 -7.5220 0.0934 51.0975 -4.7129 -1.8323
Pedestrian -1 -1 -7.9088 376.1268 156.3262 391.7332 196.9339 1.9185 0.6747 0.7045 -10.4255 0.7294 34.3846 -8.2059 -1.8340
Car -1 -1 -6.1034 317.8326 171.6046 394.5193 201.7925 1.4845 1.5631 3.4535 -12.3668 0.9981 36.3558 -6.4340 -1.8366
Cyclist -1 -1 -7.1818 362.8588 161.2762 415.0678 224.5666 1.8448 0.6347 1.6509 -6.4612 1.2558 21.8219 -7.4715 -1.9028
Car -1 -1 -8.0911 674.8068 142.8880 723.1138 183.4776 2.0735 1.6918 3.8517 5.1875 0.1012 38.7017 -7.9635 -1.9210
Pedestrian -1 -1 -7.8111 620.2864 165.0608 636.8716 207.5829 1.6980 0.6475 0.6364 1.0805 1.0419 29.0270 -7.7793 -1.9330
Cyclist -1 -1 -2.7298 649.7585 164.3794 705.4587 218.7298 1.7112 0.6476 1.6774 2.4387 1.1726 23.3084 -2.6318 -1.9590
Pedestrian -1 -1 -6.6778 347.2278 182.2362 384.6997 259.5018 1.4192 0.4545 0.5376 -4.4832 1.4340 13.5482 -6.9971 -1.9817
Pedestrian -1 -1 -5.9785 507.2257 165.5157 530.3500 217.3442 1.7584 0.6428 0.6303 -2.8687 1.2165 24.7447 -6.0979 -2.0191
Pedestrian -1 -1 -5.9240 83.2088 160.6125 109.3290 237.1284 1.7969 0.5008 0.3575 -12.0969 1.3069 17.1564 -6.5361 -2.0318
Pedestrian -1 -1 -5.7073 0.0000 165.2137 58.1621 281.3355 1.6708 0.5378 0.5180 -8.5373 1.4371 10.6278 -6.3776 -2.0637
Pedestrian -1 -1 -4.7389 344.9794 182.7061 368.5470 241.2005 1.3305 0.5045 0.4052 -5.7031 1.3594 16.6281 -5.0698 -2.0801
Cyclist -1 -1 -7.6430 663.1427 168.9798 692.6802 232.6982 1.5808 0.4368 1.6760 1.9696 1.2707 18.6857 -7.5447 -2.1151
Pedestrian -1 -1 -4.4325 668.6761 154.1974 683.3530 186.6120 1.8552 0.6410 0.8475 4.3230 0.2927 41.6244 -4.3344 -2.1210
Pedestrian -1 -1 -8.0046 601.2252 164.1466 619.4394 208.9976 1.7098 0.5946 0.7465 0.3187 1.0486 27.7958 -7.9983 -2.1300
