Cyclist -1 -1 -4.5303 346.6679 160.7754 418.0637 289.5324 1.7687 0.7230 1.7330 -3.2857 1.4847 10.7692 -4.8254 2.2618
Car -1 -1 -4.3926 119.8981 184.7026 349.1003 317.7339 1.4567 1.5860 4.0451 -4.8565 1.5116 10.0724 -4.8375 2.0916
Pedestrian -1 -1 -5.0320 628.1263 151.9509 668.4033 231.3989 1.8401 0.7008 0.9188 1.0726 1.1562 17.1719 -4.9758 1.5864
Pedestrian -1 -1 -7.9908 344.4792 168.0332 369.8949 221.3203 1.7238 0.6683 0.9718 -8.1322 1.2886 23.8218 -8.3215 1.5334
Pedestrian -1 -1 -5.1345 51.5826 157.2505 154.9926 333.8024 1.7827 0.5922 0.9265 -5.4223 1.5385 7.7472 -5.7353 1.2178
Pedestrian -1 -1 -8.0949 481.3477 167.6909 505.5242 213.6988 1.6801 0.6885 0.9168 -4.0553 1.1762 26.7880 -8.2488 -0.2646
Pedestrian -1 -1 -8.0510 85.5992 172.4181 189.6451 373.0000 1.6548 0.5814 0.8067 -3.9010 1.5865 5.9491 -8.6178 -0.4246
Pedestrian -1 -1 -4.8137 603.7609 154.2644 621.6040 202.6229 1.9270 0.6220 0.9709 0.4310 0.8421 29.1368 -4.8040 -0.5149
Pedestrian -1 -1 -6.5478 497.1501 169.9671 519.0930 216.7972 1.6369 0.6346 0.6263 -3.3428 1.2342 25.5223 -6.6819 -0.6935
Pedestrian -1 -1 -4.0291 0.0000 171.8370 105.0213 373.0000 1.6256 0.5404 0.7860 -4.6901 1.5521 5.9183 -4.6841 -0.7947
Pedestrian -1 -1 -4.9030 502.1448 165.3526 525.2303 218.6706 1.7290 0.6054 0.8443 -2.9382 1.2058 23.7896 -5.0297 -0.8836
Pedestrian -1 -1 -2.6090 82.4764 166.6521 166.7596 302.1782 1.7149 0.5617 0.7344 -6.2621 1.5277 9.3876 -3.1902 -1.0969
Pedestrian -1 -1 -7.5168 536.8227 159.5188 551.5125 188.7185 1.7683 0.7016 0.7138 -3.4979 0.4372 43.9349 -7.6006 -1.1551
Pedestrian -1 -1 -7.9557 467.0102 168.0168 487.8734 214.3985 1.6729 0.6586 0.9560 -4.5959 1.1870 26.4588 -8.1311 -1.1787
Pedestrian -1 -1 -5.9137 0.0000 158.1300 66.4762 311.0684 1.8180 0.6028 0.7619 -7.2789 1.5409 8.9409 -6.5884 -1.1841
Pedestrian -1 -1 -4.4872 432.8534 166.8074 445.3171 198.5732 1.8496 0.5236 0.9385 -9.5556 0.9942 42.2964 -4.7130 -1.2266
Pedestrian -1 -1 -5.3684 0.0000 157.1683 74.4918 350.8145 1.7522 0.5570 0.9334 -5.7357 1.5328 6.8784 -6.0508 -1.2569
Pedestrian -1 -1 -8.0434 528.8353 173.2829 559.9567 232.9384 1.5860 0.7165 0.7221 -1.5906 1.3680 19.5419 -8.1289 -1.2663
Cyclist -1 -1 -7.5945 612.2828 173.7460 633.8057 220.5160 1.5579 0.3659 1.5486 0.7281 1.3000 24.7216 -7.5705 -1.3908
Pedestrian -1 -1 -8.2516 513.2527 168.3285 542.2523 228.3795 1.6973 0.6709 0.5458 -2.1571 1.3255 20.7047 -8.3594 -1.4714
Pedestrian -1 -1 -7.6396 546.5015 158.6805 560.8781 190.2827 1.7749 0.6871 0.6822 -2.7070 0.4934 40.7304 -7.7104 -1.5013
Car -1 -1 -7.4588 384.1574 169.2511 428.6931 194.6549 1.6679 1.6049 3.8236 -13.2804 0.8637 49.1599 -7.7262 -1.5472
Pedestrian -1 -1 -7.9864 392.7289 171.2200 405.0027 198.4773 1.7792 0.6960 0.6515 -13.3403 1.1082 47.3261 -8.2646 -1.5525
Pedestrian -1 -1 -8.1035 574.2593 169.5182 601.3077 230.2259 1.6781 0.6236 0.6239 -0.4212 1.3474 20.2415 -8.1293 -1.5811
Pedestrian -1 -1 -4.3198 612.4941 156.4635 636.3860 206.0015 1.7775 0.6002 0.8451 0.8225 0.8796 26.2837 -4.2939 -1.5877
Cyclist -1 -1 -2.9587 561.2471 160.7781 648.5363 246.1881 1.7171 0.6596 1.7250 0.0419 1.3011 14.9210 -2.9614 -1.7958
Pedestrian -1 -1 -2.9918 420.0421 173.3571 429.9518 193.7167 1.7896 0.4812 0.7887 -15.5444 1.0736 63.4178 -3.2362 -1.8707
Car -1 -1 -2.5120 0.0000 188.3573 101.8746 313.3792 1.4891 1.6750 4.2908 -9.6602 1.5942 9.8090 -3.2820 -1.9318
Pedestrian -1 -1 -8.0097 1004.5788 148.1995 1050.0265 241.2967 1.7288 0.6656 0.5195 8.0691 1.1110 13.7007 -7.4910 -1.9459
Pedestrian -1 -1 -7.9484 541.6971 163.0869 559.4667 207.3286 1.8251 0.6813 0.6189 -2.1449 1.0658 29.9962 -8.0242 -2.0842
