Pedestrian -1 -1 -8.0189 476.4214 167.1621 537.8642 302.2023 1.6771 0.6510 0.9267 -1.3048 1.4997 9.4608 -8.1582 1.9918
Car -1 -1 -4.5488 457.6577 171.0464 545.6984 234.9111 1.5200 1.6697 4.2231 -2.5764 1.2717 19.2296 -4.6854 1.9796
Pedestrian -1 -1 -8.6769 829.6710 164.7565 971.4088 373.0000 1.6109 0.6490 0.7601 2.2126 1.4950 5.4898 -8.3161 1.9078
Pedestrian -1 -1 -2.6027 541.2809 157.1748 619.3509 273.0667 1.8116 0.6112 1.1234 -0.3908 1.4320 11.7666 -2.6409 1.3315
Pedestrian -1 -1 -8.6461 588.6733 159.8470 699.8547 332.3341 1.7295 0.6642 1.0331 0.4031 1.5131 7.8069 -8.6023 1.2285
Pedestrian -1 -1 -7.8126 345.6682 159.0673 385.5211 255.8760 1.8156 0.7070 0.7024 -4.5954 1.3955 13.9065 -8.1316 0.8522
Pedestrian -1 -1 -8.8475 762.0560 158.2927 892.5315 348.8188 1.6774 0.6026 1.0349 2.1040 1.4738 6.9125 -8.5683 0.7898
Pedestrian -1 -1 -8.2537 538.5846 165.6825 571.3955 216.3398 1.6837 0.7332 1.1253 -1.6207 1.1584 24.5428 -8.3241 0.6317
Pedestrian -1 -1 -5.8761 590.2890 158.8428 656.0969 262.3804 1.7875 0.6260 1.0182 0.3508 1.3969 12.8976 -5.8549 0.5226
Pedestrian -1 -1 -4.8004 489.5833 168.4715 525.9875 263.0911 1.6599 0.5982 0.5790 -1.7369 1.4320 12.9505 -4.9366 0.1975
Pedestrian -1 -1 -5.3232 637.0468 155.8763 714.2004 291.2685 1.7930 0.6755 0.9019 0.9810 1.4543 10.0722 -5.2343 -0.2263
Pedestrian -1 -1 -8.3042 703.4698 162.3034 764.0352 290.3612 1.7118 0.5534 0.7505 1.7901 1.4559 10.0402 -8.1379 -0.2600
Car -1 -1 -7.4506 315.8770 168.8909 383.3672 203.9123 1.4401 1.5524 3.4505 -10.9136 0.9219 31.3100 -7.7884 -0.3924
Pedestrian -1 -1 -5.5398 629.3446 168.6000 706.3338 310.8034 1.6623 0.4496 0.8665 0.7619 1.5122 8.8671 -5.4625 -0.4011
Pedestrian -1 -1 -8.3829 477.6903 164.5629 527.6646 253.4458 1.6986 0.6101 0.8985 -2.0086 1.3755 14.2693 -8.5257 -0.7441
Pedestrian -1 -1 -4.5407 694.3325 158.8020 715.0102 204.0561 1.8390 0.7049 0.9321 4.2606 0.9169 29.7420 -4.4047 -0.7451
Pedestrian -1 -1 -7.8770 644.9218 161.5893 661.9720 207.1254 1.7678 0.6484 0.6420 2.0186 0.9952 28.2221 -7.8113 -0.7754
Pedestrian -1 -1 -4.7032 891.4095 149.1059 918.8386 230.2840 1.8635 0.5836 0.7610 7.1261 1.1204 16.9537 -4.3160 -0.7957
Pedestrian -1 -1 -2.5168 112.4380 164.6533 179.9211 261.3468 1.7080 0.5201 0.8954 -8.2560 1.4110 12.9761 -3.0797 -0.8999
Pedestrian -1 -1 -5.5260 91.5708 165.3181 155.4303 271.6939 1.7107 0.6169 0.6306 -7.9576 1.4511 11.9099 -6.1103 -0.9706
Pedestrian -1 -1 -7.3402 715.2650 161.3917 740.1656 205.7267 1.7468 0.7013 0.7645 5.0477 0.9549 28.8194 -7.1734 -0.9735
Pedestrian -1 -1 -8.4974 631.9701 164.9147 652.3711 207.0469 1.7026 0.6072 0.5803 1.6493 1.0327 29.4384 -8.4470 -1.0726
Car -1 -1 -7.8764 658.7510 170.7915 707.4167 215.4065 1.4335 1.5581 3.7329 2.7513 1.0899 25.0038 -7.7730 -1.1654
Pedestrian -1 -1 -5.1070 465.1807 159.8134 493.8347 215.6600 1.8488 0.6546 0.9096 -4.1620 1.1313 24.3398 -5.2796 -1.2347
Cyclist -1 -1 -6.0826 311.5246 169.1313 347.1027 204.3784 1.8488 0.7028 1.6630 -14.4506 1.2002 38.1608 -6.4473 -1.3430
Cyclist -1 -1 -2.6386 369.0147 167.8235 400.8528 200.3948 1.8294 0.6685 1.6101 -12.3074 1.0614 40.8387 -2.9345 -1.3468
Car -1 -1 -7.3550 507.1479 163.2218 555.9668 186.8450 1.5707 1.6455 4.0692 -4.7959 0.3554 49.9555 -7.4550 -1.3830
Car -1 -1 -6.8348 593.5883 166.4986 697.1799 207.9408 1.5159 1.6314 3.7123 1.6963 0.9676 27.8777 -6.7796 -1.4101
Pedestrian -1 -1 -6.6250 607.4771 163.4591 632.1589 209.9960 1.7093 0.5544 0.7766 0.6597 1.0470 26.7699 -6.6057 -1.4604
Cyclist -1 -1 -5.0390 500.8582 157.3266 515.7836 181.9771 1.7433 0.5816 1.5779 -6.6861 0.0337 51.6361 -5.1719 -1.4765
Pedestrian -1 -1 -6.6292 706.2119 154.8546 718.0339 193.4196 1.8412 0.5216 0.4070 5.3167 0.5693 34.5908 -6.4827 -1.5470
Cyclist -1 -1 -3.0743 653.8953 165.0225 714.5521 228.7527 1.6871 0.7058 1.5976 2.2229 1.2514 19.5024 -2.9676 -1.5742
Pedestrian -1 -1 -7.9715 558.8397 159.1217 571.6689 193.4541 1.8674 0.6159 0.7564 -1.9967 0.6504 39.4970 -8.0266 -1.6245
Pedestrian -1 -1 -7.8436 738.1177 164.0522 753.7838 207.4799 1.6923 0.5996 0.4989 5.6718 1.0127 28.2968 -7.6526 -1.6366
Pedestrian -1 -1 -8.0766 682.9854 153.7345 696.4532 185.3527 1.8292 0.6216 0.7718 5.1545 0.2230 41.9738 -7.9599 -1.6383
Pedestrian -1 -1 -4.7747 761.1026 146.2386 782.2808 202.8517 1.9304 0.6505 0.9508 5.8960 0.7285 25.0160 -4.5505 -1.6920
Car -1 -1 -8.0928 687.5212 149.0613 735.2761 189.3347 2.0768 1.6883 3.7752 5.9055 0.4042 39.0018 -7.9484 -1.6951
Car -1 -1 -4.3137 532.2694 168.7963 565.5125 186.9032 1.6195 1.6440 4.0346 -4.7856 0.4830 66.4232 -4.3902 -1.7580
Pedestrian -1 -1 -6.1604 602.2421 159.2990 617.5522 188.6413 1.8334 0.5021 0.9109 0.5383 0.4463 45.1927 -6.1534 -1.7700
Pedestrian -1 -1 -4.0754 860.4698 150.8810 898.2433 227.9135 1.8240 0.5385 0.7145 6.7060 1.0995 17.4295 -3.7183 -1.7938
Car -1 -1 -7.9157 318.3979 169.2768 353.1085 198.9935 1.5722 1.5748 3.6322 -14.8248 0.9257 39.9848 -8.2735 -1.8225
Cyclist -1 -1 -7.6066 27.7585 161.2631 94.5313 283.7619 1.6803 0.3931 1.6601 -8.0518 1.4034 10.6955 -8.2456 -1.9326
Pedestrian -1 -1 -8.1581 362.7537 172.2448 396.6548 239.6727 1.5655 0.6575 0.4713 -5.3029 1.3512 17.0590 -8.4605 -1.9874
Car -1 -1 -4.7208 355.3846 170.1956 400.4939 209.9014 1.4681 1.6083 3.8122 -8.9442 1.0505 28.6212 -5.0261 -2.0339
Car -1 -1 -6.8788 555.7550 171.7908 639.0505 200.9242 1.4786 1.6172 4.2822 -0.1892 0.9861 38.3417 -6.8887 -2.0920
Pedestrian -1 -1 -7.3880 666.5044 166.4359 693.9371 218.7969 1.6228 0.6606 0.6088 2.4619 1.1563 22.6967 -7.2864 -2.1190
Car -1 -1 -3.2357 527.4283 175.4231 618.6879 210.5897 1.4674 1.5987 3.7963 -1.2760 1.2141 31.0297 -3.2815 -2.1401
Pedestrian -1 -1 -6.8463 722.7029 150.0677 751.7269 201.2603 1.8679 0.5686 0.8915 5.0104 0.7214 26.6403 -6.6672 -2.1932
