Cyclist -1 -1 -4.5408 330.9878 163.0013 410.0762 296.0258 1.7110 0.7810 1.7168 -3.2579 1.4737 10.1432 -4.8499 2.4336
Car -1 -1 -4.3772 98.1261 183.9572 341.4951 324.2435 1.4872 1.5849 4.0964 -4.9036 1.5287 9.8195 -4.8355 2.3018
Pedestrian -1 -1 -7.9901 51.0035 170.0869 159.4276 373.0000 1.6480 0.6238 0.7944 -4.0686 1.5646 5.8029 -8.5870 0.8855
Pedestrian -1 -1 -5.1915 628.6691 151.7469 664.2913 229.3719 1.7833 0.6299 0.5971 1.0192 1.1003 16.9044 -5.1374 0.4736
Pedestrian -1 -1 -5.1824 20.9791 156.9429 132.4500 341.2927 1.7994 0.6708 0.7562 -5.5074 1.5604 7.4829 -5.8063 0.0889
Pedestrian -1 -1 -8.0731 479.2299 168.2232 502.2323 215.1722 1.7032 0.6417 0.9737 -4.1325 1.2219 26.6299 -8.2307 -0.0434
Pedestrian -1 -1 -6.3477 0.0000 171.3186 101.2983 373.0000 1.6350 0.5946 0.8661 -4.7010 1.5599 5.8620 -7.0083 -0.1535
Pedestrian -1 -1 -6.1471 387.0157 173.1066 401.1239 199.8760 1.7378 0.6484 0.8095 -13.5612 1.1930 47.0128 -6.4315 -0.7045
Pedestrian -1 -1 -4.7155 431.6639 166.4966 441.3534 198.7058 1.8665 0.5466 0.9218 -9.6779 0.9972 42.1380 -4.9449 -0.7103
Pedestrian -1 -1 -8.0978 461.1520 169.0640 484.7449 215.5751 1.6707 0.6171 1.0354 -4.7516 1.2244 26.4021 -8.2793 -0.8650
Pedestrian -1 -1 -7.9929 337.1122 168.7030 361.4415 221.1058 1.6926 0.6325 0.9381 -8.3738 1.2797 23.7639 -8.3334 -0.8686
Car -1 -1 -6.2156 14.5650 181.8535 198.8089 239.9840 1.4953 1.6180 4.1422 -13.7683 1.5066 20.2422 -6.8121 -0.8794
Cyclist -1 -1 -6.0774 295.5822 169.2420 353.2928 216.1993 1.6847 0.8213 1.8469 -10.1536 1.2453 26.3278 -6.4472 -1.1797
Pedestrian -1 -1 -7.1660 77.9628 167.2535 159.8127 304.5368 1.7231 0.6812 0.5619 -6.3018 1.5449 9.3299 -7.7528 -1.2002
Pedestrian -1 -1 -7.8887 511.4526 166.3992 537.2466 228.2765 1.7287 0.7049 0.5885 -2.2269 1.3073 20.4116 -8.0012 -1.3917
Cyclist -1 -1 -8.0439 325.1906 171.0953 346.0333 213.1636 1.6137 0.4433 1.7559 -10.5467 1.2150 28.4199 -8.4013 -1.4093
Pedestrian -1 -1 -4.7912 601.8622 151.9061 619.6990 202.1617 1.9817 0.6391 0.9105 0.3494 0.8151 28.8032 -4.7842 -1.4490
Pedestrian -1 -1 -8.4669 496.0441 163.8415 526.2710 219.8147 1.7925 0.6042 0.8443 -2.9857 1.2274 23.5190 -8.5970 -1.4966
Car -1 -1 -7.3390 0.0000 182.4929 61.4936 267.0355 1.4777 1.6352 3.8046 -12.9712 1.5012 14.6320 -8.0607 -1.5407
Pedestrian -1 -1 -8.3075 568.7905 163.7713 599.7498 226.9369 1.7152 0.6324 0.6581 -0.5126 1.2343 19.9443 -8.3381 -1.5611
Pedestrian -1 -1 -7.2685 285.2382 159.5237 320.1745 216.9315 1.9017 0.6505 1.0014 -10.1419 1.1742 24.3491 -7.6645 -1.5926
Pedestrian -1 -1 -7.6166 561.4442 160.2689 601.0691 250.4247 1.7083 0.6811 0.4560 -0.4280 1.3066 13.9029 -7.6522 -1.6409
Car -1 -1 -6.7100 707.2360 159.0594 880.2037 222.7316 1.4545 1.5692 3.7632 4.5997 0.9425 17.5165 -6.4619 -1.9836
Pedestrian -1 -1 -2.8189 414.4015 172.0768 424.1561 192.5211 1.7918 0.5815 0.6857 -16.0124 0.9657 63.2712 -3.0707 -2.0039
Pedestrian -1 -1 -6.8092 495.3790 168.8968 522.3958 217.6741 1.6950 0.7105 0.6836 -3.3054 1.2574 25.4519 -6.9422 -2.0647
Pedestrian -1 -1 -8.1584 1008.1998 161.2559 1057.6311 253.7432 1.6881 0.6663 0.5043 8.0135 1.3192 13.4298 -7.6343 -2.0911
Pedestrian -1 -1 -4.4740 50.9569 172.5916 88.6473 247.0716 1.7787 0.6123 0.6188 -13.0210 1.5665 17.5590 -5.1102 -2.1355
Car -1 -1 -6.2783 385.7033 173.7276 443.9123 197.4117 1.5440 1.6084 3.7105 -12.4622 1.0374 48.0721 -6.5356 -2.1785
Cyclist -1 -1 -3.3784 525.7595 155.5280 554.6053 185.9068 1.8315 0.6827 1.6405 -3.7420 0.2658 43.8931 -3.4678 -2.1822
