Car -1 -1 -4.5244 458.4377 171.6956 549.6512 234.9416 1.5123 1.6714 4.2364 -2.5242 1.2784 19.3375 -4.6577 2.0159
Pedestrian -1 -1 -8.6203 835.4878 164.4565 983.6607 373.0000 1.6115 0.6403 0.8035 2.2359 1.4959 5.3979 -8.2505 1.9400
Pedestrian -1 -1 -5.5832 604.4598 158.1604 708.2495 333.0070 1.7478 0.5982 0.9476 0.5319 1.5152 7.7237 -5.5228 1.8083
Pedestrian -1 -1 -8.1132 479.2940 163.0739 544.8100 302.7422 1.7147 0.6298 0.9007 -1.2259 1.4891 9.3552 -8.2458 1.5916
Pedestrian -1 -1 -8.6867 775.3739 159.6740 893.8418 348.6933 1.6639 0.6155 0.8901 2.1577 1.4725 6.8635 -8.3988 1.4288
Pedestrian -1 -1 -2.7882 553.7229 157.2796 624.0883 272.0063 1.8023 0.6299 0.9962 -0.2429 1.4225 11.7434 -2.8140 1.4084
Pedestrian -1 -1 -8.4766 547.4560 161.9024 576.8513 215.2811 1.7642 0.6357 0.8106 -1.3554 1.1169 24.2561 -8.5369 1.2061
Pedestrian -1 -1 -8.1773 608.4829 163.2058 629.2604 210.1707 1.7205 0.5887 0.6642 0.6223 1.0507 26.7207 -8.1593 0.0395
Pedestrian -1 -1 -8.1568 345.4596 162.6336 394.2202 257.1842 1.7474 0.6826 0.7979 -4.4950 1.3993 13.7987 -8.4716 0.0105
Pedestrian -1 -1 -5.5173 708.1797 164.1034 773.1716 288.5701 1.6632 0.6418 0.6204 1.8957 1.4314 10.0383 -5.3411 -0.1106
Pedestrian -1 -1 -4.9123 495.1280 167.3458 531.8637 262.7186 1.6787 0.5674 0.5009 -1.6349 1.4302 12.9724 -5.0408 -0.1538
Pedestrian -1 -1 -2.5374 627.1713 165.3694 717.0576 310.3171 1.6820 0.5463 0.9604 0.8160 1.4955 8.8513 -2.4541 -0.2210
Pedestrian -1 -1 -7.1890 489.8605 164.0982 536.0507 253.3237 1.7201 0.6036 0.7126 -1.7986 1.3852 14.3084 -7.3172 -0.2475
Pedestrian -1 -1 -4.6896 698.1646 157.0179 714.4854 202.1642 1.8476 0.6596 0.6885 4.3346 0.8460 29.7903 -4.5514 -0.3759
Pedestrian -1 -1 -2.5537 601.5765 158.7469 661.5010 262.1131 1.7782 0.5643 0.9107 0.4939 1.3874 12.8516 -2.5216 -0.6592
Pedestrian -1 -1 -4.9106 472.2704 158.4945 495.3229 214.5724 1.8815 0.6494 0.6980 -4.0489 1.1100 24.5432 -5.0775 -1.0148
Pedestrian -1 -1 -5.3445 99.3334 165.2453 158.1540 271.7985 1.7235 0.5183 0.6808 -7.9237 1.4612 11.9814 -5.9242 -1.0700
Car -1 -1 -6.1293 319.2137 170.4905 411.1559 206.1606 1.4745 1.5707 3.5451 -10.0656 1.0197 30.7602 -6.4480 -1.1650
Pedestrian -1 -1 -7.6838 720.4537 162.8905 740.3477 206.0361 1.7115 0.6754 0.7631 5.1842 0.9736 28.9672 -7.5133 -1.1688
Pedestrian -1 -1 -8.4913 622.3485 162.4895 645.6558 209.2118 1.7274 0.5849 0.6782 1.1997 1.0249 27.0023 -8.4524 -1.2180
Car -1 -1 -7.7361 510.8237 163.0657 541.0068 187.4664 1.6341 1.6474 4.0632 -5.2184 0.3996 50.1461 -7.8441 -1.2990
Pedestrian -1 -1 -8.2061 656.0938 161.1928 719.0472 289.0887 1.7203 0.6836 0.6616 1.1494 1.4478 10.0664 -8.1011 -1.3389
Pedestrian -1 -1 -4.2913 886.4453 148.3976 922.2333 229.3464 1.8708 0.5311 0.7436 7.1542 1.1063 17.0504 -3.9046 -1.3490
Pedestrian -1 -1 -4.0542 558.4974 158.1724 576.8188 192.2213 1.8683 0.6639 0.8072 -1.8799 0.5884 39.9368 -4.1058 -1.4690
Car -1 -1 -7.9230 318.7742 172.3326 353.3224 201.5215 1.5443 1.5462 3.5278 -14.7868 1.0594 39.9301 -8.2804 -1.5715
Cyclist -1 -1 -8.4967 676.3998 164.9215 723.0833 218.4675 1.6990 0.6195 1.7001 3.1948 1.1734 23.6845 -8.3692 -1.5918
Pedestrian -1 -1 -7.5754 699.1479 152.2302 716.1049 189.0883 1.9035 0.7619 0.5275 5.5364 0.3921 37.4941 -7.4346 -1.5946
Pedestrian -1 -1 -4.2627 706.6374 150.2078 726.0989 191.0590 1.9283 0.6233 0.8355 5.4990 0.4515 34.4283 -4.1103 -1.6234
Cyclist -1 -1 -3.2644 648.6383 165.0765 712.4954 228.3517 1.6861 0.6779 1.6471 2.1001 1.2489 19.4981 -3.1638 -1.7269
Pedestrian -1 -1 -4.4356 862.4421 148.8980 893.5430 227.1893 1.8606 0.5434 0.7008 6.7092 1.0863 17.5144 -4.0799 -1.7273
Pedestrian -1 -1 -8.6040 604.4457 161.3683 621.6048 190.9027 1.8324 0.5821 0.9531 0.7298 0.5834 45.1153 -8.5928 -1.8725
Pedestrian -1 -1 -5.7369 125.4463 164.2149 180.3401 260.6429 1.7233 0.4852 0.6981 -8.2032 1.4150 13.0837 -6.2934 -1.9580
Pedestrian -1 -1 -3.5469 721.1243 155.1706 744.3217 204.4199 1.8009 0.5672 0.6741 4.8391 0.8385 26.6211 -3.3738 -2.0485
Cyclist -1 -1 -5.9412 312.7625 171.7042 349.0094 206.0054 1.8043 0.7055 1.6627 -14.3675 1.2892 38.1549 -6.3041 -2.0671
Car -1 -1 -4.2142 534.9223 169.2370 571.0648 186.8731 1.5758 1.6217 4.0184 -4.4021 0.4798 66.3486 -4.2850 -2.0702
Cyclist -1 -1 -7.7125 367.2565 172.8095 394.0043 242.9628 1.5857 0.3886 1.6199 -5.2680 1.3899 17.0677 -8.0129 -2.0969
Cyclist -1 -1 -8.0730 733.3302 168.1777 756.7967 212.4465 1.6946 0.5706 1.5448 5.6210 1.1850 28.2787 -7.8837 -2.1219
Pedestrian -1 -1 -1.8762 100.3353 170.7289 255.5629 373.0000 1.6390 0.7150 0.8379 -3.0002 1.5731 4.9929 -2.4013 -2.1286
Car -1 -1 -6.4569 738.6340 169.9521 851.9421 209.0960 1.4257 1.5840 3.9011 7.2182 1.0055 27.1067 -6.2041 -2.1290
Pedestrian -1 -1 -3.7196 550.9713 165.2358 596.9601 263.3935 1.6726 0.4772 0.6526 -0.5264 1.3961 12.6246 -3.7660 -2.1407
Car -1 -1 -7.7318 463.2982 165.9667 516.8141 207.4226 1.5479 1.6482 4.1516 -4.4263 0.9683 28.9244 -7.8873 -2.1528
