Cyclist -1 -1 -4.4461 390.5804 165.2530 454.4411 288.1823 1.7990 0.5451 1.7520 -2.8447 1.5618 11.3937 -4.6912 1.9159
Pedestrian -1 -1 -7.6530 176.8609 162.3161 271.0264 344.8873 1.8110 0.7030 1.0091 -4.0626 1.6214 7.7068 -8.1304 1.6622
Cyclist -1 -1 -4.4516 252.9695 166.9240 374.9107 373.0000 1.7351 0.5484 1.6959 -2.4687 1.6273 6.2212 -4.8218 1.4334
Car -1 -1 -4.6044 488.5869 170.3700 530.3077 209.2318 2.0524 1.8631 4.4667 -5.0846 1.4647 40.1898 -4.7346 0.8073
Pedestrian -1 -1 -8.1927 728.1701 165.1507 763.2419 233.4125 1.7648 0.5955 1.0376 3.7963 1.3426 19.1289 -8.0047 0.5843
Pedestrian -1 -1 -6.1104 588.9650 175.2287 602.4815 199.6620 1.8259 0.5613 0.9365 -0.4110 1.3572 54.0329 -6.1230 0.4668
Pedestrian -1 -1 -8.4394 659.5258 173.7029 690.7944 235.3232 1.6189 0.5513 0.6761 1.9433 1.4145 19.2998 -8.3457 0.4579
Pedestrian -1 -1 -8.0289 672.7891 159.7374 746.6592 326.1788 1.7557 0.6614 0.8570 1.1375 1.5268 8.0202 -7.8985 0.3980
Pedestrian -1 -1 -8.1492 413.8036 176.3575 442.4508 233.9244 1.7084 0.6694 0.6940 -5.2892 1.5562 21.7871 -8.3899 0.3522
Pedestrian -1 -1 -8.2528 606.3205 162.7690 682.9625 330.8123 1.7290 0.6042 0.6933 0.4081 1.5370 7.8209 -8.2085 0.2704
Pedestrian -1 -1 -6.5374 395.3327 176.2770 415.4484 217.2360 1.8477 0.5455 0.7734 -8.9758 1.6124 32.8347 -6.8075 0.1058
Pedestrian -1 -1 -7.0231 801.7177 146.1115 865.6219 260.1613 1.9081 0.5988 0.8866 3.9868 1.3166 12.4782 -6.7253 -0.1226
Pedestrian -1 -1 -3.3297 935.0272 150.7259 950.8286 232.1291 1.7900 0.4514 0.2323 7.5852 1.1138 16.0425 -2.8995 -0.2144
Pedestrian -1 -1 -2.9894 815.1986 151.7917 873.1608 247.2559 1.8612 0.5199 1.0443 4.8492 1.2826 14.4710 -2.6768 -0.2440
Pedestrian -1 -1 -3.9370 743.3984 164.0545 772.0503 216.4348 1.8863 0.6908 0.7638 5.7119 1.2585 26.3681 -3.7308 -0.3735
Pedestrian -1 -1 -6.4277 527.4123 175.5819 542.7766 203.4398 1.7995 0.5262 0.9278 -4.3146 1.4173 46.7681 -6.5243 -0.3901
Pedestrian -1 -1 -6.2568 381.9311 180.1599 402.8850 219.4601 1.7153 0.4998 0.8777 -9.2368 1.6571 31.7063 -6.5433 -0.4404
Pedestrian -1 -1 -7.5234 752.3723 168.3160 790.3685 246.3925 1.6460 0.5724 0.8366 3.6686 1.3686 15.6501 -7.3023 -0.4948
Pedestrian -1 -1 -5.9540 602.2032 176.7527 621.6491 210.3135 1.7011 0.5177 0.8773 0.5304 1.4607 36.7997 -5.9449 -0.5289
Pedestrian -1 -1 -5.2651 745.6461 166.3643 782.3809 237.1248 1.7216 0.5594 0.7887 4.0180 1.3539 17.9427 -5.0532 -0.7826
Car -1 -1 -5.8355 242.1829 188.8176 387.9490 242.4895 1.4051 1.5030 3.4434 -7.9060 1.6172 19.9096 -6.2143 -0.8661
Pedestrian -1 -1 -8.1922 696.9944 173.0236 728.8463 237.1789 1.6026 0.6228 0.6347 2.8017 1.3914 18.3152 -8.0478 -0.8701
Pedestrian -1 -1 -4.4106 3.8248 176.0664 48.8937 263.3026 1.7806 0.5879 0.5906 -12.0716 1.6702 15.0437 -5.0837 -0.9230
Pedestrian -1 -1 -3.8810 575.5717 174.8733 588.1625 197.3731 1.8252 0.4686 0.9690 -1.5760 1.2875 58.7773 -3.9127 -1.1083
Pedestrian -1 -1 -5.6970 5.4255 184.0920 20.1842 212.7018 1.7589 0.5167 0.5068 -36.4556 1.9205 44.4956 -6.3856 -1.1740
Pedestrian -1 -1 -2.0272 49.9287 182.4316 68.4299 212.7829 1.7786 0.6997 0.5600 -32.1253 1.8345 42.5602 -2.6759 -1.2814
Pedestrian -1 -1 -6.6382 785.7017 152.9401 829.5802 256.3140 1.8722 0.5396 0.6282 3.7698 1.3556 13.3065 -6.3727 -1.3410
Pedestrian -1 -1 -6.7644 401.0859 165.8725 417.3297 194.0732 1.9257 0.5100 0.9555 -13.2517 0.8586 49.5643 -7.0293 -1.3770
Cyclist -1 -1 -4.8388 631.5216 177.2713 645.3242 207.8817 1.6838 0.5797 1.4894 2.0639 1.4514 40.2801 -4.7931 -1.4406
Pedestrian -1 -1 -7.4728 724.6680 166.5228 747.8363 213.8215 1.8193 0.6034 0.9094 5.2708 1.2436 28.1761 -7.2947 -1.5754
Car -1 -1 -7.8134 294.9632 182.8231 356.0443 236.1356 1.5518 1.6804 4.2829 -8.8879 1.5994 23.3195 -8.1791 -1.6702
Car -1 -1 -7.4736 390.0070 166.2613 433.5186 193.9088 1.8959 1.6868 3.9067 -13.4770 0.8509 51.2997 -7.7341 -1.6832
Pedestrian -1 -1 -7.4350 433.2936 178.1848 450.2652 213.6209 1.7534 0.6404 0.6018 -7.9864 1.5896 35.9017 -7.6575 -1.7442
Pedestrian -1 -1 -2.7484 837.4500 154.8101 868.7433 207.9587 1.9347 0.5898 0.9445 9.3227 0.9635 26.6819 -2.4204 -1.7863
Car -1 -1 -3.6958 0.0000 167.0622 59.8026 231.8874 1.6033 1.6257 3.6655 -17.3829 1.2467 19.7563 -4.4158 -1.8100
Pedestrian -1 -1 -5.8736 631.2847 168.9398 647.1733 195.1891 1.9425 0.5784 1.0414 2.8391 1.0129 53.6477 -5.8259 -1.8373
Car -1 -1 -4.6074 314.5162 173.9583 346.6236 197.6887 1.4794 1.5692 3.9521 -17.6287 1.0093 46.8932 -4.9700 -1.8441
Cyclist -1 -1 -4.8934 391.0104 177.8923 421.3980 237.4105 1.6750 0.5568 1.6959 -5.7797 1.5740 21.1009 -5.1630 -1.9030
Pedestrian -1 -1 -3.0977 913.4388 154.6456 956.6385 280.7097 1.6936 0.7196 0.5327 4.6452 1.3335 10.0913 -2.6815 -1.9657
Car -1 -1 -7.2399 0.0000 191.2526 178.9099 302.2042 1.4742 1.6097 3.7237 -8.8223 1.6600 11.7560 -7.8786 -1.9731
Pedestrian -1 -1 -8.3263 703.2294 171.3389 736.4363 234.9086 1.6426 0.5853 0.7501 3.0927 1.3806 19.0091 -8.1725 -2.0085
Cyclist -1 -1 -7.4524 307.8387 179.7948 358.9437 256.6752 1.6466 0.4295 1.7734 -6.0819 1.6106 16.2800 -7.8102 -2.1095
Pedestrian -1 -1 -4.4132 174.6403 210.2835 213.1651 295.2473 1.1608 0.3562 0.4689 -5.8617 1.5833 10.2619 -4.9270 -2.1289
Pedestrian -1 -1 -8.3548 648.9402 176.8027 664.5368 205.7146 1.7200 0.7766 0.5245 3.3208 1.4406 43.1337 -8.2835 -2.1322
Cyclist -1 -1 -8.0406 524.3574 179.3579 532.4041 199.9888 1.6550 0.3514 1.6035 -5.9246 1.4831 58.4444 -8.1462 -2.1762
Pedestrian -1 -1 -4.5120 659.7307 165.8255 673.7928 201.6800 1.9925 0.6416 0.8219 3.6743 1.1216 40.4043 -4.4269 -2.1836
