Pedestrian -1 -1 -7.7879 425.6047 170.3811 463.2805 264.5795 1.7213 0.6397 1.0269 -3.0177 1.5187 13.6821 -8.0066 1.2672
Pedestrian -1 -1 -7.6554 524.9139 172.0160 542.5418 214.6952 1.7301 0.5863 0.7641 -2.7979 1.3460 29.5287 -7.7542 1.1033
Cyclist -1 -1 -4.8877 613.2399 171.2656 633.8184 213.8206 1.7474 0.5497 1.8171 0.9062 1.3275 30.4366 -4.8633 1.0330
Pedestrian -1 -1 -4.8760 707.8797 166.0238 748.3647 257.5726 1.7335 0.6221 0.9577 2.4284 1.4410 14.0810 -4.7138 0.4502
Cyclist -1 -1 -4.4624 579.6767 167.4074 608.0939 225.2881 1.8105 0.5283 1.7107 -0.2582 1.3701 23.3626 -4.4786 0.1810
Cyclist -1 -1 -5.0049 564.2007 169.6233 590.0679 213.3454 1.8199 0.6028 1.8101 -1.0745 1.3259 30.8548 -5.0446 0.1306
Pedestrian -1 -1 -7.4933 751.2339 166.9430 773.6220 215.6226 1.7685 0.6113 0.6775 5.9281 1.2400 26.5465 -7.2808 -0.1087
Pedestrian -1 -1 -5.7154 461.6510 178.4218 479.7604 209.0044 1.8434 0.5061 0.9629 -7.9528 1.6579 43.7125 -5.8994 -0.1617
Pedestrian -1 -1 -8.1921 672.0538 167.2970 716.6470 258.1429 1.7097 0.5831 0.9194 1.7614 1.4430 14.0310 -8.0750 -0.4243
Pedestrian -1 -1 -5.0839 770.3275 151.9537 798.7850 214.4030 1.9854 0.5938 0.9240 5.9122 1.0465 23.3342 -4.8435 -0.5394
Pedestrian -1 -1 -8.3010 738.1743 162.5615 764.7961 212.0812 1.9046 0.6111 1.0781 5.8669 1.1766 28.2259 -8.1030 -0.6783
Pedestrian -1 -1 -8.1682 725.7960 165.3948 750.9213 215.7422 1.7924 0.7137 0.6759 4.9183 1.2194 25.9558 -7.9879 -0.8022
Pedestrian -1 -1 -6.8143 640.5372 174.4187 651.8051 194.1685 1.7727 0.5154 0.8757 4.0745 1.1368 64.9055 -6.7568 -0.8748
Pedestrian -1 -1 -6.2467 763.9312 152.9438 786.7803 212.0031 1.9652 0.6037 0.7349 5.8577 1.0154 24.2909 -6.0176 -1.0219
Car -1 -1 -8.2030 1103.1428 191.0822 1237.0000 373.0000 1.5310 1.5808 3.7178 2.6110 1.5860 2.0563 -7.3653 -1.2692
Pedestrian -1 -1 -6.2658 663.8054 175.1901 676.6664 201.2581 1.7294 0.5240 0.8492 4.6034 1.3108 47.9604 -6.1757 -1.3113
Cyclist -1 -1 -8.0073 457.1977 179.5603 483.6971 242.5773 1.5433 0.4166 1.6149 -3.4072 1.4963 18.4226 -8.1931 -1.3321
Pedestrian -1 -1 -1.6674 0.0000 190.1967 19.6805 260.0632 1.6149 0.4686 0.3984 -14.1212 1.8248 16.9865 -2.3587 -1.4762
Pedestrian -1 -1 -4.9182 457.7074 184.7538 477.3766 230.4425 1.3754 0.5044 0.4700 -4.1292 1.4769 21.9835 -5.1070 -1.4792
Pedestrian -1 -1 -2.6872 561.4637 169.0222 566.6936 191.4662 1.9084 0.4486 0.2790 -3.1620 0.8472 61.3396 -2.7434 -1.7033
Pedestrian -1 -1 -4.5609 64.3844 169.4280 105.5105 247.8307 1.7980 0.6698 0.8534 -12.2491 1.5217 17.0057 -5.1831 -1.7186
Cyclist -1 -1 -2.7870 318.6238 169.1831 390.6261 235.8482 1.8425 0.6320 1.8076 -6.9545 1.5026 20.1893 -3.1201 -1.7823
Pedestrian -1 -1 -7.7367 759.8490 174.3958 772.5577 207.8174 1.6947 0.5775 0.5512 8.4295 1.3347 36.7803 -7.5181 -1.8082
Cyclist -1 -1 -4.6254 329.8394 176.0309 349.5935 223.1447 1.7431 0.5830 1.5279 -9.9901 1.5411 27.3899 -4.9773 -1.8572
Cyclist -1 -1 -2.6786 462.6565 182.9660 491.1280 210.9277 1.7866 0.6671 1.6969 -8.0576 1.8827 46.5171 -2.8543 -1.8676
Cyclist -1 -1 -7.8305 704.2034 172.8359 719.1832 230.9167 1.5974 0.4017 1.6762 3.1408 1.3596 20.6166 -7.6864 -1.8964
Pedestrian -1 -1 -7.8482 409.4871 170.4601 433.9872 236.9268 1.7996 0.6463 0.4896 -4.9760 1.5012 19.7649 -8.0970 -1.9886
Car -1 -1 -4.3589 241.1637 181.1943 298.9309 211.9079 1.5220 1.5651 3.6906 -17.2300 1.5071 37.4985 -4.7920 -1.9912
Cyclist -1 -1 -7.7790 712.5484 168.3323 730.4929 213.1039 1.7820 0.6200 1.6007 4.9116 1.2583 29.4422 -7.6203 -1.9964
Pedestrian -1 -1 -5.9143 119.1061 163.0928 142.1182 232.6895 1.8158 0.4884 0.3582 -12.4952 1.3361 19.0184 -6.4945 -2.0010
Cyclist -1 -1 -4.5387 459.2097 180.8764 475.4406 216.4099 1.6983 0.5441 1.4471 -6.5481 1.6687 35.0592 -4.7272 -2.0146
Pedestrian -1 -1 -5.9474 681.6738 168.2821 692.4728 188.3150 1.8977 0.5018 0.9085 8.2010 0.6453 68.4714 -5.8336 -2.0158
Pedestrian -1 -1 -3.6572 803.7166 165.4604 838.3773 223.9011 1.6774 0.6264 0.7566 6.3865 1.2175 21.0095 -3.3708 -2.0284
Cyclist -1 -1 -2.8216 244.6318 173.6375 290.1742 216.3229 1.8299 0.6826 1.6667 -14.5253 1.4931 31.2309 -3.2589 -2.0665
Pedestrian -1 -1 -3.3516 894.7004 160.3038 978.7710 373.0000 1.6737 0.5506 0.4988 2.6453 1.5120 5.8218 -2.9477 -2.0806
Cyclist -1 -1 -4.1416 503.2161 175.6534 532.4685 213.4050 1.6196 0.5430 1.5331 -3.6846 1.3691 31.6261 -4.2618 -2.0887
Pedestrian -1 -1 -6.6092 359.3618 171.1174 372.7433 214.5142 1.8326 0.5318 0.3917 -10.0662 1.3944 30.6643 -6.9290 -2.0908
Pedestrian -1 -1 -3.0707 203.7955 169.3771 250.3795 293.0587 1.7274 0.5216 0.5616 -5.4466 1.5587 10.3834 -3.5492 -2.0986
Car -1 -1 -7.6696 515.4387 180.1306 562.1754 211.9470 1.4362 1.5653 3.8643 -2.9529 1.3747 34.4239 -7.7596 -2.1404
Cyclist -1 -1 -7.5654 157.6160 180.5405 202.8954 256.4423 1.6767 0.4490 1.6890 -9.8261 1.6560 16.7417 -8.0948 -2.1963
