Pedestrian -1 -1 -8.0258 699.7442 158.8870 753.5206 277.7408 1.7872 0.6599 0.9888 1.9058 1.4478 11.3008 -7.8682 1.9500
Cyclist -1 -1 -4.7234 529.6273 169.5148 548.9252 224.2976 1.7504 0.6064 1.7682 -2.1035 1.3679 23.8624 -4.8156 1.8723
Cyclist -1 -1 -4.4763 559.3495 168.0105 590.5839 230.1613 1.7691 0.5391 1.7771 -0.8005 1.3856 21.3715 -4.5186 1.8187
Cyclist -1 -1 -4.5189 492.7485 168.1274 533.4710 254.6862 1.7220 0.5425 1.7185 -1.8809 1.4566 15.1664 -4.6457 1.5252
Pedestrian -1 -1 -8.0846 740.2740 163.3026 764.9330 221.7058 1.7713 0.5761 0.7772 4.6322 1.2198 22.1835 -7.8863 1.1774
Pedestrian -1 -1 -8.2420 642.2396 163.0391 700.1246 278.7753 1.7275 0.6089 0.8684 1.0315 1.4526 11.2274 -8.1582 0.9018
Pedestrian -1 -1 -7.1221 477.4229 170.7944 506.8987 219.5639 1.7452 0.6513 0.8705 -4.0127 1.3625 26.2478 -7.2775 0.6980
Pedestrian -1 -1 -7.6809 346.2877 165.4713 398.0137 289.1385 1.7688 0.5718 1.0608 -3.4854 1.5402 10.8384 -7.9908 0.4283
Pedestrian -1 -1 -6.3545 632.1176 173.9877 647.4825 202.3965 1.7116 0.5245 0.8919 2.3248 1.2591 43.5518 -6.3065 0.0771
Pedestrian -1 -1 -3.6505 209.0076 172.1652 259.9895 255.5589 1.7105 0.5251 0.8088 -7.8056 1.5196 15.2159 -4.1230 -0.0810
Pedestrian -1 -1 -7.5582 696.3740 166.2028 721.0652 220.2177 1.7004 0.6179 0.6751 3.4171 1.2193 23.0494 -7.4179 -0.2319
Car -1 -1 -4.5782 535.7158 172.7085 569.2141 199.8979 1.6964 1.6761 4.0294 -3.1440 1.1480 46.8819 -4.6498 -0.3117
Pedestrian -1 -1 -8.0588 729.4703 161.5278 755.1504 218.8991 1.8770 0.6793 0.8218 4.6565 1.2240 23.9189 -7.8738 -0.4406
Pedestrian -1 -1 -6.6566 751.1150 151.6566 788.8081 222.3522 1.9204 0.5729 0.8624 4.6211 1.1102 19.8622 -6.4360 -0.5894
Pedestrian -1 -1 -4.2405 746.4408 162.0858 767.2650 204.5281 1.9035 0.5887 0.8973 7.0742 1.0331 32.7514 -4.0345 -0.6713
Pedestrian -1 -1 -4.2219 765.1780 150.9849 798.2966 224.6176 1.8974 0.5507 0.7809 4.7335 1.1116 18.9852 -3.9859 -0.8667
Car -1 -1 -8.0669 557.6346 169.6162 589.2441 192.4859 1.8023 1.7110 4.2205 -2.3107 0.8656 58.8691 -8.1109 -1.0346
Pedestrian -1 -1 -6.0459 229.4937 167.4797 274.9775 237.7325 1.7797 0.6716 0.9302 -9.0755 1.4251 18.6253 -6.4990 -1.1280
Pedestrian -1 -1 -3.5733 602.3284 171.5600 614.2914 192.8815 1.8311 0.4655 0.9238 0.6226 0.9772 62.0946 -3.5683 -1.1335
Pedestrian -1 -1 -6.2040 410.1273 176.9270 424.5194 210.8058 1.7786 0.5795 0.6978 -9.7577 1.5387 38.0587 -6.4585 -1.1855
Car -1 -1 -7.4520 612.1260 171.6895 647.0812 191.7411 1.6829 1.6397 3.9430 2.5118 0.8593 62.4231 -7.4169 -1.2367
Cyclist -1 -1 -4.4830 390.6599 176.3921 410.3339 216.7181 1.6543 0.4710 1.5187 -8.4656 1.4451 30.2372 -4.7589 -1.2587
Car -1 -1 -2.4721 86.6470 188.5797 200.5858 224.8002 1.5004 1.6255 4.0304 -19.8304 1.8178 31.1638 -3.0401 -1.3793
Cyclist -1 -1 -5.2585 464.6136 177.9082 494.6282 218.0464 1.5362 0.4364 1.5072 -4.8126 1.3991 28.2043 -5.4312 -1.4339
Pedestrian -1 -1 -2.8032 124.7206 184.7373 139.6274 209.5692 1.8062 0.4718 0.8052 -34.3821 2.0449 52.6591 -3.3844 -1.5289
Pedestrian -1 -1 -7.2156 422.7227 175.9296 440.5570 209.7988 1.8030 0.6499 0.6948 -9.1478 1.5066 38.6870 -7.4514 -1.5990
Car -1 -1 -4.7863 391.6729 181.4366 442.4064 223.0335 1.4141 1.5286 3.4125 -6.8183 1.4123 26.2812 -5.0429 -1.6058
Car -1 -1 -8.0175 352.6824 177.0952 407.6898 215.4188 1.5484 1.6488 3.8707 -9.6543 1.3708 31.1223 -8.3211 -1.6072
Pedestrian -1 -1 -7.8718 673.6330 175.6785 684.9788 206.0742 1.6717 0.6102 0.6168 4.3123 1.3517 39.8405 -7.7697 -1.6492
Car -1 -1 -8.3170 393.8901 180.3999 442.9651 209.8054 1.5525 1.5115 2.8033 -10.0813 1.4946 39.4782 -8.5706 -1.6655
Cyclist -1 -1 -3.9013 9.6551 185.5422 74.9041 248.9280 1.6752 0.5333 1.4562 -15.4466 1.7916 19.8411 -4.5617 -1.7355
Pedestrian -1 -1 -3.9401 445.1099 177.6965 462.5668 208.0504 1.7418 0.5329 0.8790 -8.5734 1.5236 41.7336 -4.1466 -1.7413
Pedestrian -1 -1 -5.5611 0.0000 172.3696 15.3825 220.5251 1.8002 0.4895 0.3167 -22.4948 1.4592 27.1024 -6.2542 -1.7757
Car -1 -1 -7.8221 102.7655 183.6493 185.5965 251.5085 1.4611 1.5565 3.5028 -11.0754 1.5196 17.4907 -8.3851 -1.7819
Cyclist -1 -1 -8.0720 402.2788 185.4033 414.2240 213.1648 1.5853 0.3419 1.5418 -11.2995 1.8177 41.9945 -8.3385 -1.7827
Pedestrian -1 -1 -8.1110 752.4639 169.8994 768.0532 207.3403 1.8131 0.6250 0.5326 7.7394 1.2515 35.0657 -7.9004 -1.8974
Pedestrian -1 -1 -6.2070 180.4249 167.7699 220.9914 238.8731 1.8020 0.6565 0.8755 -10.4454 1.4545 18.6863 -6.7160 -1.9588
Pedestrian -1 -1 -5.6813 224.1926 169.9944 247.8752 228.3307 1.7649 0.5410 0.4148 -11.2309 1.4173 22.0277 -6.1532 -2.0382
Pedestrian -1 -1 -7.7181 781.6711 156.7173 806.9289 220.1491 1.8032 0.6012 0.9219 5.6017 1.0991 20.9604 -7.4652 -2.0517
Car -1 -1 -7.8491 654.1030 175.1878 682.3990 201.3962 1.5410 1.6593 4.0906 4.1217 1.1699 44.3485 -7.7620 -2.0606
Car -1 -1 -7.9258 642.6121 174.9448 671.2443 198.7918 1.5312 1.6059 3.9047 3.6831 1.1103 48.0755 -7.8548 -2.0938
Car -1 -1 -7.6960 452.8457 165.2411 481.2562 190.1023 1.9502 1.6824 3.9667 -10.8543 0.6747 58.3557 -7.8840 -2.1038
Pedestrian -1 -1 -4.4977 109.6247 195.5224 131.0760 239.4402 1.2632 0.4491 0.4014 -14.1595 1.6808 21.1018 -5.0882 -2.1137
Pedestrian -1 -1 -4.2271 115.8341 178.8141 146.0223 236.9436 1.5790 0.5278 0.4915 -12.9848 1.5065 19.7822 -4.8071 -2.1326
Car -1 -1 -4.1206 377.5890 165.7166 439.1053 198.2870 2.0077 1.7342 4.3491 -12.4484 1.0348 46.6168 -4.3851 -2.1918
