Cyclist -1 -1 -4.3543 604.1407 166.6786 629.7148 208.0764 1.8014 0.5330 1.8792 0.6939 1.1568 32.2304 -4.3380 1.7192
Pedestrian -1 -1 -7.8294 449.3079 166.1251 477.4706 244.8434 1.7926 0.6320 0.9827 -3.2738 1.4430 16.8959 -8.0233 1.6246
Cyclist -1 -1 -5.1782 556.6550 170.3087 582.9652 205.1131 1.7845 0.5447 1.9752 -1.6854 1.2109 37.8246 -5.2275 0.8376
Pedestrian -1 -1 -8.2353 645.3060 168.1049 680.0139 238.4548 1.6716 0.5949 0.7693 1.4505 1.3538 17.5244 -8.1593 0.5733
Car -1 -1 -4.6078 575.7563 170.8929 600.2252 191.5151 1.5780 1.5868 3.5983 -1.0133 0.7663 56.8252 -4.6304 0.5625
Pedestrian -1 -1 -4.8826 533.5437 168.9083 550.6779 207.6837 1.7697 0.6457 0.8876 -2.7674 1.1953 33.2968 -4.9699 0.3605
Pedestrian -1 -1 -8.3155 712.8038 163.8322 734.0931 206.4010 1.7489 0.6231 0.7044 5.0636 1.0234 29.9405 -8.1544 0.1769
Pedestrian -1 -1 -7.8635 677.6914 165.1075 705.5406 237.5770 1.7360 0.6619 0.9288 2.1768 1.3438 17.7040 -7.7483 -0.2108
Pedestrian -1 -1 -5.9487 1.1932 166.7740 38.6128 260.0553 1.7745 0.4854 0.4299 -11.3402 1.4950 13.9662 -6.6269 -0.4877
Pedestrian -1 -1 -6.2389 721.1774 165.2782 741.1362 205.1960 1.7587 0.4962 0.8570 5.7624 1.0443 31.9829 -6.0671 -0.5570
Pedestrian -1 -1 -6.0609 223.5479 166.4048 237.0780 222.7238 1.8863 0.4924 0.3076 -12.5969 1.3811 24.3360 -6.5393 -0.6245
Cyclist -1 -1 -4.7102 489.6763 172.2005 501.1708 205.3099 1.6803 0.5779 1.5696 -5.5110 1.2086 37.2742 -4.8610 -0.8399
Pedestrian -1 -1 -3.4202 391.8149 167.2489 416.1523 219.8702 1.8398 0.5779 0.7012 -7.0476 1.3420 25.5454 -3.6920 -0.9035
Pedestrian -1 -1 -6.0980 247.7823 172.7256 267.4648 205.1222 1.8095 0.6418 0.9017 -19.4055 1.3196 40.5506 -6.5469 -0.9861
Pedestrian -1 -1 -7.8221 694.7100 169.5956 709.7045 205.1325 1.7019 0.7032 0.6639 4.8717 1.1321 34.7877 -7.6891 -0.9907
Pedestrian -1 -1 -4.9535 240.2364 177.0872 261.1121 224.3823 1.7021 0.5852 0.4858 -12.8300 1.5437 26.2264 -5.4097 -0.9909
Pedestrian -1 -1 -7.1712 557.6978 170.1198 575.8074 203.2605 1.8254 0.7240 0.7098 -1.9371 1.1987 40.0657 -7.2242 -1.0755
Pedestrian -1 -1 -5.7305 64.7151 167.0958 82.8887 222.3566 1.8346 0.4818 0.2810 -17.7248 1.3568 24.0989 -6.3645 -1.0920
Pedestrian -1 -1 -2.5627 636.4057 171.1347 646.6906 190.3759 1.8227 0.4785 0.8564 3.8622 0.8405 68.4937 -2.5115 -1.1365
Pedestrian -1 -1 -5.6687 297.8538 168.6209 311.4835 216.6716 1.7937 0.4724 0.2491 -11.2053 1.3133 27.0729 -6.0629 -1.2671
Pedestrian -1 -1 -4.9041 979.9569 183.7606 1063.6351 359.2553 1.5321 0.5576 0.5506 3.8055 1.5548 6.6269 -4.4055 -1.4391
Cyclist -1 -1 -3.1867 224.1602 185.8104 280.8876 244.8745 1.6809 0.5724 1.4765 -10.2930 1.8118 21.1352 -3.6404 -1.6325
Pedestrian -1 -1 -8.9898 1034.7183 113.8742 1237.0000 373.0000 1.8053 0.6819 0.5728 1.9261 1.6114 2.4881 -8.3865 -1.6825
Cyclist -1 -1 -2.6683 352.5005 168.7857 396.5760 213.2742 1.7841 0.6158 1.6068 -9.2508 1.2746 29.2426 -2.9772 -1.6841
Pedestrian -1 -1 -3.9209 808.2051 171.1812 888.7885 306.7940 1.5945 0.5841 0.7495 2.9984 1.4738 8.8755 -3.6097 -1.7075
Cyclist -1 -1 -4.5707 416.5148 177.0939 439.5551 228.8883 1.6322 0.5434 1.3927 -5.6544 1.4938 23.3560 -4.8109 -1.7113
Cyclist -1 -1 -3.3797 495.9165 170.5042 533.1874 207.9798 1.7416 0.6470 1.6428 -4.1223 1.2308 33.9770 -3.5046 -1.7208
Car -1 -1 -4.8394 672.9523 166.5950 701.7769 187.8651 1.5374 1.6326 3.9568 6.4262 0.4600 53.9118 -4.7262 -1.8044
Car -1 -1 -8.0573 704.2513 152.7903 740.6245 180.5723 1.8394 1.6900 3.9563 8.3348 -0.0668 49.7096 -7.8968 -1.8170
Car -1 -1 -7.7904 558.0454 169.8112 589.7682 200.3176 1.6999 1.6299 3.8614 -1.5672 1.0487 41.9746 -7.8325 -1.8264
Pedestrian -1 -1 -3.6299 839.7817 160.5688 940.7859 373.0000 1.7478 0.6542 0.4738 2.1988 1.5942 5.6526 -3.2805 -1.8568
Pedestrian -1 -1 -5.4634 253.1452 172.6729 317.9140 290.4750 1.6731 0.5902 0.6506 -4.7026 1.5484 10.6020 -5.8776 -1.8671
Cyclist -1 -1 -4.5339 266.0164 167.4972 285.2857 203.6805 1.7941 0.6253 1.5815 -16.5337 1.1000 36.4612 -4.9619 -1.8886
Pedestrian -1 -1 -6.0577 834.4538 176.7550 891.2190 327.4445 1.5614 0.5050 0.4863 2.7861 1.5130 7.7859 -5.7304 -1.9211
Cyclist -1 -1 -3.9110 694.2344 169.7424 739.7174 220.9714 1.6622 0.5439 1.5690 3.8381 1.2812 23.9841 -3.7592 -1.9243
Car -1 -1 -5.6348 0.0000 197.2617 167.6825 307.1903 1.4523 1.6187 3.8162 -8.8728 1.7056 10.6301 -6.3239 -1.9267
Pedestrian -1 -1 -6.2268 736.4547 161.5113 752.6870 206.6011 1.7833 0.4933 0.6136 5.7053 0.9931 28.7243 -6.0375 -1.9520
Cyclist -1 -1 -7.1899 491.0643 171.4182 517.4533 204.2374 1.7198 0.4741 1.6770 -5.2011 1.1917 38.4859 -7.3284 -2.0848
Pedestrian -1 -1 -7.0503 307.5602 160.7736 323.9267 197.8914 1.9242 0.5740 0.5529 -14.9630 0.8499 37.6082 -7.4314 -2.0870
Pedestrian -1 -1 -5.7146 226.6310 176.5648 250.9113 224.5426 1.6883 0.5718 0.5521 -12.9396 1.5150 25.5894 -6.1838 -2.1235
Pedestrian -1 -1 -7.9618 790.5009 154.4422 813.4581 213.3606 1.8915 0.6529 0.6104 6.5031 1.0233 23.4137 -7.6989 -2.1830
