Cyclist -1 -1 -4.4633 478.1132 165.6396 522.8215 252.5019 1.7151 0.5330 1.7035 -2.1312 1.4025 15.0587 -4.6069 2.0563
Cyclist -1 -1 -4.5361 365.8889 165.1922 431.2555 308.8106 1.7111 0.5427 1.6647 -2.6678 1.5175 9.4135 -4.8110 2.0487
Pedestrian -1 -1 -8.2462 674.0707 165.8069 740.7271 293.0443 1.6436 0.5912 0.8940 1.3795 1.4415 9.7872 -8.1156 1.6186
Pedestrian -1 -1 -7.9525 445.3039 170.2256 467.7661 222.9239 1.7369 0.6552 0.8644 -4.9103 1.3657 24.1854 -8.1559 1.3301
Pedestrian -1 -1 -7.6419 722.6197 157.8762 748.1994 224.4656 1.7628 0.5561 0.6756 3.5947 1.1379 19.4345 -7.4666 0.8804
Pedestrian -1 -1 -5.1484 759.1085 146.7508 795.9846 231.3665 1.8618 0.5273 0.7700 3.9342 1.0978 16.2369 -4.9196 0.7668
Cyclist -1 -1 -4.5365 467.8290 163.8344 502.1176 236.1397 1.8109 0.5868 1.8444 -3.0793 1.3690 18.9162 -4.7010 0.5679
Cyclist -1 -1 -1.9990 100.5049 166.3639 172.3696 255.9866 1.8250 0.5969 1.7984 -9.9960 1.5174 15.3629 -2.5734 0.4542
Pedestrian -1 -1 -6.7232 765.5493 145.0812 816.3508 222.9166 1.9420 0.5093 1.1419 4.7830 1.0339 18.2822 -6.4759 0.4222
Pedestrian -1 -1 -8.0879 655.1238 164.3195 684.8604 224.1009 1.7416 0.7116 0.7877 2.0016 1.2416 21.3687 -8.0008 0.1774
Pedestrian -1 -1 -7.7385 264.8527 163.0076 326.8503 309.8349 1.7526 0.6125 1.0231 -3.9168 1.5326 9.1515 -8.1386 -0.0018
Pedestrian -1 -1 -7.9736 618.9677 169.4569 670.3032 294.8428 1.6031 0.5763 0.8654 0.5170 1.4498 9.6369 -7.9273 -0.1242
Car -1 -1 -4.6970 499.3698 170.9617 528.6520 199.6583 1.6705 1.6963 4.2079 -5.3293 1.0572 44.0005 -4.8218 -0.1479
Pedestrian -1 -1 -5.9501 567.8295 171.4042 580.1813 193.3451 1.8358 0.4628 0.9400 -2.2818 0.9909 60.4597 -5.9926 -0.4011
Pedestrian -1 -1 -3.8693 585.9090 170.9725 598.5623 194.0740 1.8419 0.4541 0.9605 -0.7162 1.0024 57.7652 -3.8866 -0.4044
Pedestrian -1 -1 -3.5183 67.5635 167.6291 121.7827 277.2502 1.7652 0.6680 0.5311 -8.4893 1.5425 11.9725 -4.1303 -0.5098
Pedestrian -1 -1 -6.7620 699.2759 158.5768 741.0380 220.9995 1.8323 0.6729 1.0431 3.5300 1.1599 21.5700 -6.6069 -0.7225
Car -1 -1 -2.6723 229.7950 179.5361 357.3235 220.2822 1.4864 1.6528 4.1332 -11.6024 1.4152 27.1619 -3.0777 -0.8701
Pedestrian -1 -1 -7.7560 677.8646 165.5228 696.4869 221.7615 1.7096 0.5214 0.5790 2.6200 1.2244 22.1740 -7.6449 -1.0055
Pedestrian -1 -1 -7.6713 7.2627 188.3712 28.9352 226.6048 1.7840 0.6949 0.6487 -27.7229 2.1151 34.1320 -8.3548 -1.0966
Car -1 -1 -7.5041 357.5866 176.6114 412.3383 208.7094 1.5472 1.5608 3.5032 -10.9187 1.3118 36.4183 -7.7985 -1.1302
Pedestrian -1 -1 -2.1859 414.3386 169.8723 423.8850 199.5520 1.8777 0.4921 0.3251 -11.6040 1.1421 45.7392 -2.4379 -1.2011
Pedestrian -1 -1 -7.8071 641.9012 176.1459 654.1280 208.0201 1.6292 0.6051 0.6244 2.3975 1.3558 37.0596 -7.7481 -1.2513
Car -1 -1 -7.0339 413.9112 178.7344 519.8304 221.2654 1.4528 1.5754 3.7963 -4.9154 1.3588 26.5337 -7.2204 -1.2636
Pedestrian -1 -1 -7.7049 167.5468 169.2594 197.5606 239.2377 1.7774 0.6052 0.4938 -10.8664 1.4671 18.5870 -8.2330 -1.4090
Pedestrian -1 -1 -6.1140 598.9104 171.0188 616.5120 202.1100 1.7458 0.4885 0.9293 0.3544 1.1574 40.6546 -6.1104 -1.4393
Pedestrian -1 -1 -5.3211 77.5142 165.4922 101.6792 221.8458 1.7875 0.5141 0.3694 -16.4768 1.2802 23.0887 -5.9406 -1.7290
Cyclist -1 -1 -7.3535 366.8383 172.9992 397.9471 211.6513 1.8090 0.6869 1.7373 -10.5271 1.4114 34.5401 -7.6523 -1.7475
Pedestrian -1 -1 -3.7190 706.1340 160.6480 731.2494 203.6065 1.8945 0.5985 0.9337 5.2303 0.9752 32.1432 -3.5640 -1.7505
Pedestrian -1 -1 -4.2060 0.0000 200.3672 14.5403 256.1366 1.2399 0.4312 0.4281 -13.8058 1.6775 16.3912 -4.9034 -1.7734
Cyclist -1 -1 -7.0964 187.8183 175.4815 278.4604 277.2239 1.6131 0.3335 1.6430 -6.2648 1.5183 12.2241 -7.5669 -1.7799
Pedestrian -1 -1 -6.0386 485.4884 164.2598 496.5329 188.4456 1.9184 0.5205 0.7690 -8.7806 0.5508 57.2708 -6.1949 -1.7802
Pedestrian -1 -1 -4.6550 139.0466 161.5912 160.8294 215.9521 1.9025 0.6116 0.8834 -16.1535 1.2061 25.6741 -5.2170 -1.9127
Car -1 -1 -4.6417 19.9135 181.0893 53.2413 203.6865 1.5773 1.6383 4.0167 -41.0309 1.5486 52.2600 -5.3099 -1.9896
Car -1 -1 -4.7082 346.6742 182.1371 402.6985 229.7240 1.3861 1.5787 4.0630 -7.3280 1.4090 23.1559 -5.0167 -2.0123
Pedestrian -1 -1 -7.7253 742.1658 168.0127 758.7474 207.9028 1.7739 0.6593 0.6374 6.6989 1.1744 32.3518 -7.5278 -2.0432
Car -1 -1 -4.6406 90.8081 179.6564 173.9735 242.9177 1.4882 1.5622 3.6540 -12.2449 1.4453 18.8754 -5.2150 -2.0909
Car -1 -1 -4.5992 0.0000 186.6371 17.6324 210.1142 1.5019 1.6269 3.9999 -41.0937 1.8674 48.9932 -5.2996 -2.1319
Pedestrian -1 -1 -3.8440 745.7826 149.7389 782.7456 228.5683 1.8299 0.5856 0.6264 3.8320 1.0932 17.0812 -3.6318 -2.1352
Car -1 -1 -3.2410 273.8991 171.3009 353.5722 199.8605 1.5396 1.6334 4.0128 -16.1642 0.9900 40.3803 -3.6245 -2.1468
Cyclist -1 -1 -2.3281 0.0000 175.2449 59.3880 234.1386 1.8209 0.6681 1.7510 -18.2006 1.6280 22.6609 -3.0043 -2.1950
