Pedestrian -1 -1 -7.7623 771.0165 168.6525 805.0447 249.9568 1.6648 0.6456 0.6238 3.8893 1.4023 15.1093 -7.5199 1.7731
Pedestrian -1 -1 -8.1398 737.5222 165.5940 774.4766 236.4840 1.8010 0.6726 1.0284 3.9962 1.3974 18.7907 -7.9384 1.4430
Cyclist -1 -1 -4.4160 369.9401 164.7751 445.7130 302.0482 1.8007 0.5605 1.7681 -2.7812 1.5820 10.3158 -4.6789 1.3859
Pedestrian -1 -1 -2.6692 405.3707 172.6049 449.1701 235.0402 1.8198 0.6892 1.0728 -5.2119 1.5610 21.3958 -2.9107 1.1032
Car -1 -1 -4.6067 493.9738 170.7254 535.3652 209.7567 2.0357 1.8230 4.5513 -4.7401 1.4739 39.7563 -4.7297 0.9451
Pedestrian -1 -1 -8.0960 618.5077 163.5411 695.2037 333.0604 1.6975 0.6234 0.8237 0.5212 1.5184 7.6548 -8.0365 0.8276
Pedestrian -1 -1 -3.7916 754.7355 164.6114 783.7191 216.1661 1.8195 0.5437 0.8597 5.9956 1.2239 25.7781 -3.5705 0.7548
Pedestrian -1 -1 -8.1731 663.1112 162.6239 747.3420 330.9932 1.7076 0.6643 0.8193 1.0496 1.5169 7.7517 -8.0490 0.4975
Pedestrian -1 -1 -8.0162 670.1789 171.7372 698.2047 236.5604 1.6842 0.6182 0.7537 2.1542 1.4310 19.0566 -7.9105 0.2836
Cyclist -1 -1 -4.4050 164.6368 151.9700 337.3876 373.0000 1.7699 0.5493 1.7942 -2.4199 1.6000 5.0766 -4.8371 0.2431
Pedestrian -1 -1 -6.1886 533.6631 176.3875 548.9162 204.3681 1.7840 0.4969 0.9343 -3.8482 1.4581 46.0526 -6.2766 -0.2183
Pedestrian -1 -1 -5.0920 390.1297 180.7549 408.8516 221.0365 1.7382 0.5995 0.6214 -8.8519 1.7064 31.4265 -5.3696 -0.3140
Pedestrian -1 -1 -4.4095 0.0000 175.5235 44.6006 265.9235 1.7978 0.6059 0.5327 -11.8545 1.6795 14.6441 -5.0867 -0.3206
Pedestrian -1 -1 -7.3462 583.4200 176.0314 594.0988 198.5135 1.8130 0.4753 0.9400 -1.0060 1.3718 58.4540 -7.3683 -0.3629
Pedestrian -1 -1 -7.4207 162.9117 164.5120 278.0940 346.0165 1.7701 0.6770 1.0787 -4.0156 1.6051 7.5601 -7.9010 -0.4760
Pedestrian -1 -1 -8.3399 404.9868 178.9625 424.9639 218.5465 1.7633 0.6085 0.7161 -8.4431 1.6505 32.4675 -8.5976 -0.7710
Pedestrian -1 -1 -5.8370 835.8047 147.7423 898.6351 247.7427 1.8606 0.4823 1.0327 5.0931 1.2331 13.9008 -5.4972 -0.8708
Car -1 -1 -7.8244 269.8206 189.1246 322.4589 235.6299 1.3803 1.4982 3.3608 -10.0640 1.6524 23.7601 -8.2264 -0.8982
Pedestrian -1 -1 -3.3319 820.1604 147.9547 881.2470 264.6353 1.8701 0.5518 0.8553 4.0503 1.3331 11.8411 -3.0145 -1.0618
Pedestrian -1 -1 -8.1151 545.7307 176.4629 559.0666 204.3120 1.7489 0.6368 0.8751 -3.1131 1.4326 45.6281 -8.1879 -1.0628
Pedestrian -1 -1 -3.3171 938.6241 156.0961 993.0156 287.8954 1.6685 0.6874 0.5153 4.7526 1.3476 9.4940 -2.8694 -1.0951
Pedestrian -1 -1 -5.9412 596.3978 174.9518 609.5751 199.4517 1.8116 0.6185 0.8244 0.1331 1.3273 53.5443 -5.9438 -1.0989
Cyclist -1 -1 -3.8237 627.5654 175.5028 657.4288 208.0550 1.7598 0.6501 1.5919 2.2616 1.4358 39.5658 -3.7721 -1.1135
Pedestrian -1 -1 -5.7601 612.7460 177.4189 632.8108 211.1043 1.6817 0.5314 0.8641 1.0699 1.4781 36.3127 -5.7360 -1.3976
Pedestrian -1 -1 -3.6032 805.3717 151.2206 852.3654 259.1223 1.8647 0.5034 0.6320 3.9760 1.3420 12.7153 -3.3114 -1.4336
Pedestrian -1 -1 -3.4823 957.7427 147.4319 977.2648 232.8020 1.8132 0.4392 0.2365 7.8504 1.0902 15.4884 -3.0252 -1.5323
Cyclist -1 -1 -7.8123 274.7632 176.1345 280.9962 200.0652 1.6714 0.3440 1.5849 -22.9418 1.2966 50.9687 -8.2383 -1.6018
Car -1 -1 -2.3119 251.5123 171.5906 350.6193 207.4758 1.5934 1.7046 4.4630 -14.0742 1.1537 33.6015 -2.7108 -1.8532
Car -1 -1 -4.6954 21.9523 175.2102 58.1977 202.1488 1.5152 1.6272 4.1318 -33.1949 1.1616 42.5431 -5.3599 -1.9453
Pedestrian -1 -1 -8.3370 656.7344 177.3103 675.5446 212.2340 1.6901 0.6595 0.7145 3.1591 1.4875 35.2195 -8.2534 -1.9921
Car -1 -1 -4.6615 343.1493 175.3416 379.2391 207.5007 1.6291 1.6465 4.0652 -12.8500 1.3173 38.5686 -4.9861 -2.0529
Car -1 -1 -3.1620 169.1572 184.1329 337.2558 243.9545 1.4410 1.5877 3.8595 -9.1708 1.5170 19.0227 -3.6111 -2.0890
Car -1 -1 -7.8682 609.0824 180.5446 638.2964 207.9378 1.4877 1.5804 3.7821 1.2264 1.4360 40.9111 -7.8435 -2.1722
Cyclist -1 -1 -5.2930 644.8194 175.9881 668.3198 204.8300 1.7177 0.6425 1.6025 3.3420 1.3895 43.6373 -5.2221 -2.1943
