Cyclist -1 -1 -4.4490 381.6962 166.0579 450.9735 298.8585 1.7091 0.5323 1.6497 -2.6031 1.5110 10.0724 -4.7015 2.1710
Cyclist -1 -1 -4.4515 488.5534 164.4981 532.6086 248.8056 1.7552 0.5331 1.7826 -2.0205 1.4018 15.8734 -4.5815 2.0265
Cyclist -1 -1 -4.5781 477.1665 166.7034 505.5287 233.7550 1.7372 0.5380 1.7737 -3.0050 1.3544 19.5037 -4.7342 1.8818
Pedestrian -1 -1 -8.2449 673.6336 159.5706 744.7373 290.0921 1.7198 0.6467 0.9749 1.4362 1.4315 10.0188 -8.1118 1.4958
Pedestrian -1 -1 -8.1593 615.0194 164.2268 675.7988 292.5969 1.6666 0.6012 0.8153 0.5386 1.4430 9.7966 -8.1116 1.4212
Pedestrian -1 -1 -7.8580 276.3340 161.6559 334.3262 305.2963 1.7617 0.6675 0.8879 -3.8993 1.5190 9.3485 -8.2492 1.3332
Pedestrian -1 -1 -7.7341 448.5921 168.2575 470.9700 222.4493 1.8044 0.6424 0.9474 -4.8335 1.3639 24.4162 -7.9327 0.8887
Cyclist -1 -1 -2.1499 110.7084 164.1655 191.6740 252.7332 1.8594 0.5937 1.8376 -9.9078 1.4960 15.7347 -2.7097 0.4606
Pedestrian -1 -1 -7.3921 754.7214 140.7847 796.0809 228.9074 1.9650 0.5545 0.9838 3.9819 1.0577 16.5741 -7.1651 0.3184
Car -1 -1 -7.7148 501.0715 172.1955 539.2624 200.7593 1.6801 1.7676 4.4653 -4.9734 1.1329 44.5046 -7.8304 0.2579
Pedestrian -1 -1 -3.1969 393.8520 173.3133 412.9151 209.2853 1.7851 0.5489 0.8912 -9.9503 1.3790 36.0501 -3.4694 0.2527
Pedestrian -1 -1 -6.6855 700.6519 158.2633 739.5689 220.3362 1.8537 0.6474 0.9934 3.5806 1.1602 21.8868 -6.5304 -0.2559
Pedestrian -1 -1 -7.9727 727.3646 160.4420 751.6156 225.1012 1.7422 0.5647 0.7286 3.7535 1.1753 19.7365 -7.7924 -0.2611
Pedestrian -1 -1 -3.7706 78.0568 170.6784 144.8599 276.7110 1.7510 0.6062 0.7292 -8.4284 1.5729 12.3083 -4.3666 -0.2634
Pedestrian -1 -1 -7.7750 662.2574 164.6340 686.2864 222.7970 1.7124 0.6696 0.7031 2.1597 1.2163 21.5529 -7.6815 -0.5620
Pedestrian -1 -1 -7.9152 373.7930 175.9196 389.8630 211.6070 1.7264 0.7105 0.6702 -10.7709 1.4567 35.1897 -8.2153 -0.5834
Pedestrian -1 -1 -7.8489 680.0947 167.5317 697.2653 221.1208 1.6547 0.5270 0.6212 2.7042 1.2238 22.5193 -7.7359 -0.6863
Cyclist -1 -1 -6.9334 197.2216 178.1699 290.4303 274.5527 1.5842 0.3436 1.5758 -6.2699 1.5301 12.5888 -7.3928 -0.8046
Car -1 -1 -7.6063 615.0009 176.1742 653.2587 200.3512 1.4406 1.5678 3.5824 2.0794 1.1233 44.7414 -7.5652 -0.9407
Pedestrian -1 -1 -5.2286 768.7109 146.5758 808.0307 223.2865 1.9273 0.5961 0.9300 4.7890 1.0504 18.5754 -4.9848 -0.9942
Pedestrian -1 -1 -6.1459 601.5727 171.6348 618.8383 202.0798 1.7204 0.4956 0.9264 0.4992 1.1631 40.9050 -6.1388 -1.4059
Car -1 -1 -4.6443 0.0000 184.5605 23.4822 208.0965 1.5342 1.6340 3.9898 -40.9619 1.7538 49.4622 -5.3384 -1.4138
Pedestrian -1 -1 -3.4064 588.8710 170.1008 602.1882 193.7118 1.8979 0.4463 0.9938 -0.4557 0.9815 58.0922 -3.4192 -1.4425
Car -1 -1 -8.2987 349.5730 176.9774 411.5283 209.2719 1.5662 1.6176 3.6113 -11.3308 1.3471 36.7125 -8.6012 -1.4452
Car -1 -1 -2.2402 279.9210 180.7216 374.6483 220.7859 1.4717 1.5581 3.5732 -10.7102 1.4435 27.9664 -2.6080 -1.5772
Car -1 -1 -7.0748 417.9999 179.6715 523.5670 221.7116 1.4465 1.5878 3.9102 -4.8078 1.3840 26.7798 -7.2559 -1.6592
Car -1 -1 -4.6721 27.1541 184.4947 57.9583 206.5225 1.5335 1.6362 3.9584 -40.9100 1.7617 52.6587 -5.3352 -1.6695
Car -1 -1 -2.3866 290.3534 181.6848 413.8040 227.3546 1.3955 1.5559 3.7536 -8.1664 1.4023 23.4327 -2.7237 -1.7343
Car -1 -1 -5.5987 0.0000 187.1357 59.7058 219.0204 1.5143 1.5889 3.6836 -29.0046 1.7971 35.2062 -6.2892 -1.7589
Cyclist -1 -1 -5.1630 9.4861 170.2185 49.1036 214.4352 1.8892 0.6637 1.7308 -24.9998 1.4075 31.3649 -5.8369 -1.8392
Pedestrian -1 -1 -5.4923 474.4157 166.6062 488.3229 194.3149 1.8974 0.6883 0.6531 -8.2891 0.8775 49.6594 -5.6618 -1.9331
Pedestrian -1 -1 -4.3390 0.0000 208.6142 57.8982 322.8444 1.2280 0.4007 0.4660 -6.5431 1.5464 8.1364 -5.0064 -1.9825
Pedestrian -1 -1 -6.6420 738.0155 142.3670 788.0696 225.5818 1.9768 0.5447 1.0578 3.8739 1.0477 17.4114 -6.4314 -2.0374
Car -1 -1 -4.4153 48.8948 182.5314 95.2043 205.6083 1.5409 1.5771 3.7790 -36.9102 1.6158 50.1888 -5.0519 -2.0950
Car -1 -1 -7.9153 362.4138 158.1078 394.2477 193.3027 2.1130 1.6607 3.8871 -14.0800 0.7087 45.2380 -8.2203 -2.1440
Cyclist -1 -1 -2.6677 0.7358 182.0225 49.0367 221.2055 1.8542 0.6944 1.6791 -27.6977 1.8799 34.5160 -3.3453 -2.1479
