Cyclist -1 -1 -4.4640 402.2579 166.2448 465.1235 289.6122 1.7116 0.5332 1.6588 -2.5322 1.5006 10.8003 -4.6947 2.2032
Cyclist -1 -1 -4.5985 485.7634 167.6898 511.7418 231.8399 1.7192 0.5400 1.6971 -2.8916 1.3496 20.1084 -4.7448 1.8387
Pedestrian -1 -1 -7.9068 686.7432 158.6651 738.9149 287.2456 1.7305 0.6657 0.9292 1.5104 1.4238 10.1588 -7.7686 1.7521
Cyclist -1 -1 -4.4807 499.8962 164.4158 541.7178 245.0535 1.7691 0.5666 1.8520 -1.8876 1.3949 16.7121 -4.5968 1.3450
Pedestrian -1 -1 -7.6056 277.8595 160.4883 349.0635 302.1213 1.7817 0.6593 0.9808 -3.8565 1.5180 9.5656 -7.9852 1.1752
Pedestrian -1 -1 -3.9549 100.6579 174.2346 169.4207 273.7360 1.6996 0.6248 0.8280 -8.2946 1.5761 12.7341 -4.5284 0.6530
Pedestrian -1 -1 -7.8179 729.0352 162.1585 749.9787 225.3209 1.7269 0.5548 0.7850 3.8321 1.1986 20.0827 -7.6370 0.4443
Pedestrian -1 -1 -8.3469 618.0349 164.3427 679.1064 289.7748 1.6783 0.6309 0.6154 0.6043 1.4494 10.0243 -8.2940 0.3681
Pedestrian -1 -1 -6.7226 750.5186 144.0613 800.5140 228.9431 1.9538 0.5758 0.9923 4.0572 1.0926 16.9210 -6.4960 0.2831
Cyclist -1 -1 -8.0253 448.3456 169.9082 477.0572 223.6938 1.7789 0.6493 1.8830 -4.8219 1.3960 24.7539 -8.2209 0.0939
Pedestrian -1 -1 -7.8711 665.1918 164.6583 689.0640 222.8054 1.7312 0.7004 0.7347 2.2583 1.2302 21.7810 -7.7742 -0.0228
Car -1 -1 -7.7324 506.0762 173.7287 541.2293 200.6044 1.5927 1.6935 4.2207 -4.7844 1.1323 44.6888 -7.8434 -0.2582
Pedestrian -1 -1 -6.4739 708.3437 159.7041 743.9271 220.8950 1.8585 0.6658 0.9681 3.8099 1.1970 22.1636 -6.3108 -0.2969
Cyclist -1 -1 -2.1204 126.5962 165.3456 202.2637 253.0226 1.8705 0.5533 1.8507 -9.7781 1.5265 15.9941 -2.6672 -0.3532
Pedestrian -1 -1 -7.2344 378.3395 175.8920 397.4361 210.9076 1.7120 0.6673 0.6250 -10.5682 1.4380 35.5236 -7.5267 -0.4729
Pedestrian -1 -1 -6.2961 606.1395 170.7518 622.4866 201.5516 1.7579 0.5356 0.9286 0.7349 1.1446 41.2673 -6.2835 -0.4840
Cyclist -1 -1 -7.5601 0.0000 169.4485 32.6321 235.4339 1.7871 0.3998 1.7763 -16.7025 1.4612 20.3525 -8.2461 -0.6242
Pedestrian -1 -1 -2.7200 61.6259 179.7546 79.4625 205.6617 1.7578 0.4539 0.8710 -36.2407 1.6394 49.0545 -3.3588 -0.7626
Pedestrian -1 -1 -7.7025 680.7725 167.7434 700.8778 220.9562 1.6727 0.5648 0.5453 2.8259 1.2407 22.9175 -7.5864 -0.7716
Pedestrian -1 -1 -7.9594 716.1337 156.8051 732.3256 198.7551 1.8846 0.6606 0.5949 5.5524 0.7755 32.5866 -7.7969 -0.8887
Pedestrian -1 -1 -3.5210 397.8724 173.1189 419.0109 208.4926 1.7685 0.6066 0.8715 -9.7930 1.3497 36.4180 -3.7870 -1.1734
Pedestrian -1 -1 -3.4086 592.0475 171.2501 604.8341 193.6826 1.8148 0.4466 0.9555 -0.2213 0.9854 58.4578 -3.4173 -1.2371
Car -1 -1 -4.7601 361.2648 181.4852 411.9734 226.2074 1.4160 1.4923 2.9954 -7.3657 1.4160 24.4054 -5.0555 -1.2443
Pedestrian -1 -1 -5.5507 2.9112 174.1947 23.3312 229.8973 1.7406 0.4544 0.2629 -18.6000 1.5127 22.6793 -6.2371 -1.4079
Cyclist -1 -1 -6.4696 511.4408 171.0579 542.3935 201.6792 1.8025 0.6431 1.7458 -4.4453 1.1879 42.8440 -6.5774 -1.6133
Car -1 -1 -8.2196 356.5561 176.6729 412.9521 207.8838 1.5293 1.5752 3.6482 -11.2424 1.2930 37.1202 -8.5168 -1.6651
Cyclist -1 -1 -4.6213 141.0889 170.3805 173.4478 235.9448 1.7194 0.6135 1.5967 -12.1887 1.4283 19.6895 -5.1749 -1.6769
Pedestrian -1 -1 -4.6828 160.4008 161.0990 182.0411 215.0733 1.9509 0.6639 0.7492 -15.8594 1.2139 26.4539 -5.2236 -1.7894
Pedestrian -1 -1 -2.1448 86.0191 169.0426 131.1611 252.4328 1.8086 0.6129 0.5775 -10.9930 1.5390 15.9740 -2.7453 -1.8341
Car -1 -1 -4.5739 361.4718 170.0115 399.1560 199.1730 1.6776 1.6509 4.0369 -13.3179 1.0168 43.4499 -4.8746 -1.8650
Pedestrian -1 -1 -6.8194 576.0498 171.8448 588.1012 193.7057 1.8362 0.5036 0.8868 -1.6115 1.0250 60.7876 -6.8507 -1.8671
Pedestrian -1 -1 -5.7190 72.5321 173.1938 104.8813 227.7071 1.7905 0.5530 0.6872 -17.0723 1.5181 23.8897 -6.3394 -1.8805
Cyclist -1 -1 -6.9930 214.2004 177.8018 304.1405 271.0162 1.5826 0.3770 1.6150 -6.2008 1.5205 13.0106 -7.4355 -1.8880
Car -1 -1 -8.1865 607.0525 174.9106 650.0504 199.5633 1.4763 1.5837 3.5862 1.6566 1.0818 44.9632 -8.1549 -1.9075
Pedestrian -1 -1 -8.6639 773.7489 155.7427 810.2795 223.2420 1.7348 0.4956 0.8097 4.9844 1.0733 18.9370 -8.4150 -1.9093
Cyclist -1 -1 -4.7280 40.9459 171.5404 59.1433 211.5347 1.7557 0.6203 1.7552 -24.9020 1.3188 32.4142 -5.3841 -1.9382
Pedestrian -1 -1 -6.5459 743.8598 148.0742 779.7441 226.9294 1.9216 0.5275 0.7521 3.9291 1.1076 17.7882 -6.3368 -1.9639
Pedestrian -1 -1 -6.1795 823.8567 155.7502 854.6191 241.3868 1.6848 0.6442 0.5352 4.7748 1.1788 14.5344 -5.8727 -1.9724
Pedestrian -1 -1 -4.5816 655.4969 163.0294 666.4685 194.8121 1.9715 0.5751 0.9315 3.7431 0.8258 45.0733 -4.5042 -2.0369
Car -1 -1 -7.9431 371.2185 181.2015 422.1537 221.0583 1.4456 1.5693 3.6912 -8.0697 1.4352 28.0590 -8.2258 -2.1360
Pedestrian -1 -1 -6.6267 118.2747 173.1057 135.6990 201.7623 1.8478 0.6780 0.7634 -30.9205 1.3065 46.8263 -7.2127 -2.1370
Pedestrian -1 -1 -3.6249 728.3655 169.1005 751.3998 208.4772 1.6589 0.6543 0.7452 5.8935 1.1368 30.6850 -3.4418 -2.1804
Car -1 -1 -6.6090 615.4853 172.5476 761.4445 225.1197 1.4946 1.6878 4.0412 2.5561 1.2406 21.6779 -6.4983 -2.1929
