Cyclist -1 -1 -4.3594 345.2196 165.3186 437.1854 318.3794 1.7678 0.5381 1.8132 -2.6902 1.5816 9.2200 -4.6417 1.8657
Pedestrian -1 -1 -7.6134 782.2319 167.4300 820.0461 252.2197 1.6618 0.5777 0.7789 4.0122 1.3866 14.5590 -7.3545 1.5990
Car -1 -1 -4.6061 499.8853 168.1568 543.6401 209.4549 2.1334 1.9105 4.8353 -4.3152 1.4443 39.5321 -4.7192 1.2438
Pedestrian -1 -1 -7.4784 176.6438 163.0256 278.6414 344.3557 1.7705 0.6666 0.8717 -3.9103 1.5908 7.4801 -7.9520 1.2306
Pedestrian -1 -1 -2.8070 405.0190 172.6062 445.4046 235.3008 1.8024 0.6497 0.9911 -5.1800 1.5472 21.0195 -3.0511 0.6929
Pedestrian -1 -1 -8.4058 744.4383 165.8929 785.5458 235.4030 1.7413 0.6803 0.8562 4.1716 1.3508 18.5118 -8.1925 0.5216
Pedestrian -1 -1 -7.5856 675.7330 170.3315 708.3335 236.7158 1.6961 0.6491 0.8701 2.3529 1.4112 18.8781 -7.4686 0.4092
Pedestrian -1 -1 -2.9920 846.3032 142.1280 916.6729 250.8194 1.9457 0.4970 1.1628 5.1622 1.2415 13.3581 -2.6351 0.3620
Pedestrian -1 -1 -4.0836 792.9976 163.4421 835.4947 238.3615 1.7227 0.5664 0.8689 5.0030 1.3080 17.0082 -3.8070 0.3214
Pedestrian -1 -1 -8.0368 671.3281 158.1441 755.0228 333.3986 1.7555 0.7095 0.9287 1.1173 1.5222 7.6765 -7.9031 0.0571
Pedestrian -1 -1 -8.1762 617.7989 158.1694 702.5357 338.7648 1.7550 0.6218 0.8771 0.5405 1.5290 7.4841 -8.1127 -0.0554
Pedestrian -1 -1 -4.3703 0.0000 170.9641 46.4688 266.3563 1.8308 0.6835 0.9317 -11.7134 1.6292 14.3399 -5.0517 -0.1792
Cyclist -1 -1 -3.7399 634.6422 174.5046 665.5901 207.3917 1.7579 0.6334 1.6043 2.6463 1.3842 39.0799 -3.6779 -0.4093
Pedestrian -1 -1 -7.4688 540.8882 175.0821 555.8289 204.7760 1.8517 0.6714 0.8539 -3.3401 1.4515 45.3027 -7.5470 -0.5665
Pedestrian -1 -1 -8.0721 719.7451 173.2022 750.3859 241.2774 1.6094 0.6107 0.5699 3.1721 1.4137 17.2804 -7.8986 -0.5876
Pedestrian -1 -1 -3.6189 771.0190 166.1572 793.9997 218.0702 1.7939 0.5970 0.5673 6.3184 1.2641 25.1799 -3.3807 -0.7992
Cyclist -1 -1 -7.3199 0.0000 189.9588 80.7037 354.9367 1.5285 0.3440 1.5596 -6.1495 1.6272 7.5329 -7.9936 -0.8656
Pedestrian -1 -1 -8.2126 555.2328 176.6113 569.0290 204.9014 1.7440 0.5887 0.8667 -2.4505 1.4427 44.7983 -8.2721 -0.9395
Pedestrian -1 -1 -6.5519 590.3409 174.4812 602.0092 197.4923 1.8579 0.5553 0.8287 -0.4057 1.2910 58.3788 -6.5638 -1.0199
Pedestrian -1 -1 -4.5829 59.4088 155.5666 230.3786 373.0000 1.6777 0.6217 0.6170 -2.2468 1.5660 3.5220 -5.1255 -1.0527
Pedestrian -1 -1 -5.9225 603.9112 173.2007 618.3870 198.5347 1.8520 0.5367 0.9386 0.7317 1.2452 52.9319 -5.9137 -1.1772
Pedestrian -1 -1 -7.5683 668.6302 176.3615 685.3343 211.6176 1.6771 0.5910 0.8505 3.6386 1.4329 34.6750 -7.4697 -1.1804
Car -1 -1 -6.2696 667.9097 180.6822 759.2805 213.4236 1.4216 1.6001 3.9589 5.0117 1.3864 32.2976 -6.1220 -1.2977
Pedestrian -1 -1 -3.4188 847.0039 150.2682 893.9675 270.5466 1.8471 0.6605 0.5266 4.2047 1.3681 11.3775 -3.0777 -1.3309
Pedestrian -1 -1 -3.4338 961.4678 160.9091 1028.9476 298.5331 1.6335 0.6557 0.5560 4.8120 1.3898 8.8996 -2.9558 -1.3383
Pedestrian -1 -1 -8.7319 667.6403 175.5859 684.1835 205.9527 1.7522 0.8362 0.5570 4.3488 1.4111 41.9419 -8.6343 -1.6269
Car -1 -1 -8.0130 343.6068 174.9987 375.7108 198.0472 1.5805 1.5925 3.6808 -17.2671 1.1347 51.2563 -8.3413 -1.6663
Car -1 -1 -7.9938 603.4181 170.2717 630.8682 193.6210 1.8523 1.6841 4.0546 1.2801 0.9614 59.1022 -7.9772 -1.7004
Pedestrian -1 -1 -3.0899 276.4128 175.4555 285.4887 200.7633 1.7647 0.7228 0.5495 -22.5269 1.3432 50.5242 -3.5124 -1.7444
Car -1 -1 -7.9052 263.1434 189.6621 322.0699 239.1000 1.4220 1.5520 3.6824 -10.1043 1.7099 23.3131 -8.3154 -1.7460
Pedestrian -1 -1 -7.3289 651.6272 175.4288 668.1091 210.2140 1.7132 0.6146 0.5745 2.9022 1.4145 35.7902 -7.2537 -1.7656
Pedestrian -1 -1 -7.6654 413.5416 178.2726 429.2733 217.9541 1.7654 0.6013 0.5136 -8.0899 1.6221 32.2319 -7.9146 -1.7846
Car -1 -1 -6.6737 649.1437 182.3936 826.9852 245.3357 1.4079 1.6505 3.8749 3.2094 1.4314 17.3217 -6.4986 -1.8714
Car -1 -1 -4.4118 19.8926 179.1328 72.7049 205.7041 1.5851 1.5989 3.6813 -34.5879 1.4440 44.8557 -5.0708 -1.9090
Pedestrian -1 -1 -5.6553 638.4479 172.9615 649.5396 196.1868 1.8198 0.7470 0.5407 3.3834 1.1506 56.7435 -5.6010 -1.9373
Car -1 -1 -3.9724 0.0000 189.6652 168.4445 309.7646 1.4669 1.5483 3.6978 -8.6261 1.6135 10.9360 -4.6342 -2.0111
Pedestrian -1 -1 -6.7981 830.3386 156.4269 871.3608 265.4046 1.8023 0.4732 0.4823 4.1723 1.3883 12.1592 -6.4796 -2.0225
Pedestrian -1 -1 -7.5825 427.1800 176.8004 443.6987 213.7526 1.7865 0.6414 0.6343 -8.1088 1.5595 35.0581 -7.8133 -2.0900
Pedestrian -1 -1 -7.3307 233.2010 170.9257 277.4162 249.5415 1.7794 0.6060 0.8030 -8.0640 1.5406 16.6816 -7.7802 -2.1091
Cyclist -1 -1 -4.2884 399.3020 178.7368 427.6928 220.5364 1.7683 0.5956 1.5971 -8.1713 1.6517 31.2251 -4.5475 -2.1938
