Cyclist -1 -1 -4.3176 593.6874 159.8260 623.5737 207.1698 1.9051 0.5847 1.8541 0.2962 1.0333 29.8736 -4.3128 1.4140
Pedestrian -1 -1 -8.1262 677.1357 161.2123 717.6632 238.3654 1.7376 0.6814 1.0032 2.1841 1.2812 16.7246 -8.0036 0.9668
Pedestrian -1 -1 -8.1109 649.4901 163.4359 688.0753 239.5983 1.7017 0.6449 1.0032 1.5067 1.2986 16.5994 -8.0271 0.8822
Pedestrian -1 -1 -7.7984 441.8275 162.8144 472.8993 247.8902 1.8249 0.6236 1.1151 -3.2358 1.4246 16.0053 -8.0001 0.8397
Pedestrian -1 -1 -4.8073 532.0446 165.2633 547.2360 205.0656 1.7652 0.5975 0.8609 -2.8005 1.0454 32.3359 -4.8980 0.4818
Cyclist -1 -1 -5.3596 570.8129 164.3690 600.0826 199.6736 1.8106 0.5369 1.8255 -0.8576 0.9322 37.7198 -5.3871 0.1347
Cyclist -1 -1 -5.1336 557.2095 164.5096 582.8056 201.0752 1.7993 0.5952 1.8080 -1.6087 0.9635 36.2874 -5.1826 -0.0705
Pedestrian -1 -1 -5.6025 29.5457 168.2319 50.0513 226.7931 1.8269 0.4820 0.2659 -17.7371 1.4135 22.6531 -6.2663 -0.4870
Pedestrian -1 -1 -7.5395 875.6019 164.7205 961.7839 353.9191 1.6066 0.5837 0.5398 2.8168 1.4648 6.4944 -7.1506 -0.6584
Pedestrian -1 -1 -5.7761 97.7517 175.8148 118.6728 227.9756 1.8044 0.5379 0.3926 -17.2801 1.6082 25.1360 -6.3787 -0.6712
Pedestrian -1 -1 -7.8586 253.3653 172.6798 270.2995 209.7352 1.7760 0.7376 0.6536 -16.5037 1.3535 34.8832 -8.3026 -0.7323
Pedestrian -1 -1 -3.2188 379.0938 164.9875 407.0252 218.9277 1.7840 0.5544 0.8605 -7.0401 1.2383 24.1699 -3.5044 -0.7384
Pedestrian -1 -1 -5.4282 204.1279 179.6614 235.6984 231.5406 1.7182 0.5850 0.7587 -12.8762 1.6577 24.1990 -5.9180 -0.7731
Pedestrian -1 -1 -7.9405 731.4636 157.3730 747.7064 199.6815 1.7830 0.6331 0.5064 5.8557 0.7665 30.5552 -7.7577 -0.8484
Pedestrian -1 -1 -7.7449 718.5122 157.9347 738.1248 203.0969 1.7863 0.7088 0.6984 5.0785 0.8546 28.8459 -7.5772 -1.2245
Pedestrian -1 -1 -7.9383 400.3590 174.0058 423.9254 230.2794 1.6514 0.6273 0.6394 -5.6963 1.4320 21.4879 -8.1997 -1.3812
Pedestrian -1 -1 -7.6123 698.8871 167.0881 716.6075 203.6734 1.6811 0.7040 0.5615 4.9314 1.0192 33.3998 -7.4719 -1.4303
Cyclist -1 -1 -5.2705 94.4262 179.4260 136.0286 227.8222 1.7831 0.5929 1.4968 -18.3258 1.7071 27.0403 -5.8668 -1.4829
Pedestrian -1 -1 -7.1138 736.9454 150.8362 766.5980 201.6138 1.8959 0.6437 0.9373 5.7038 0.7514 27.3577 -6.9151 -1.4985
Car -1 -1 -5.8877 177.8452 176.8895 286.2001 217.0263 1.5749 1.5952 3.5701 -14.9259 1.3943 29.1233 -6.3627 -1.5858
Pedestrian -1 -1 -3.6333 426.3005 160.5791 457.7887 218.7930 1.8708 0.6696 0.7859 -5.2630 1.1989 23.5953 -3.8556 -1.6186
Car -1 -1 -5.0607 478.8919 172.4454 537.0486 202.3699 1.4418 1.6598 4.0126 -4.8493 1.0058 36.7726 -5.1959 -1.6357
Car -1 -1 -6.9105 0.0000 205.4522 196.0556 334.5330 1.3268 1.5281 3.5493 -7.7730 1.7253 10.0146 -7.5637 -1.6989
Cyclist -1 -1 -7.3740 517.4317 165.3039 545.8130 204.7817 1.7803 0.6234 1.6514 -3.2346 1.0502 33.2759 -7.4751 -1.7653
Pedestrian -1 -1 -5.6743 278.0923 169.2656 297.6053 220.7854 1.8153 0.5590 0.3892 -11.2069 1.3846 25.6225 -6.0880 -1.7732
Pedestrian -1 -1 -5.0778 78.1416 174.9019 112.4843 235.5388 1.7393 0.6520 0.5977 -14.8541 1.5505 21.0414 -5.6918 -1.8584
Pedestrian -1 -1 -5.7974 207.5111 172.2150 272.9024 304.4307 1.6621 0.5477 0.5673 -4.7182 1.5461 9.3105 -6.2610 -1.8836
Pedestrian -1 -1 -5.7496 861.8605 170.3993 940.3126 326.8140 1.5243 0.5052 0.5698 3.0239 1.4168 7.3805 -5.3788 -1.8941
Pedestrian -1 -1 -6.9868 216.5771 177.6923 240.4148 228.6209 1.7552 0.5604 0.4938 -13.0495 1.6243 25.0903 -7.4674 -1.9440
Car -1 -1 -7.2217 470.3925 175.8147 520.1947 199.4949 1.6509 1.6135 3.8698 -7.6478 1.2545 52.1674 -7.3715 -1.9546
Cyclist -1 -1 -2.9369 164.2341 177.7572 217.9733 225.5752 1.8299 0.6892 1.7220 -16.0410 1.6870 28.0838 -3.4570 -2.0098
Pedestrian -1 -1 -5.0827 1062.3224 164.6947 1191.0394 373.0000 1.5840 0.6054 0.5242 3.7828 1.4686 5.2871 -4.4905 -2.0123
Pedestrian -1 -1 -8.2529 1029.5831 139.2016 1237.0000 373.0000 1.7420 0.6430 0.5799 1.9530 1.6106 2.5914 -7.6603 -2.0263
Cyclist -1 -1 -2.6368 492.3458 165.1380 530.9012 205.2684 1.7987 0.6692 1.6255 -4.1156 1.0656 32.8070 -2.7656 -2.0726
Cyclist -1 -1 -7.4079 116.3621 185.9392 169.2701 257.8794 1.6223 0.3987 1.6331 -10.9472 1.7339 17.1368 -7.9748 -2.0787
Pedestrian -1 -1 -3.9769 709.6469 157.7842 731.4385 200.3079 1.8147 0.5791 0.7497 5.1428 0.8029 31.1159 -3.8194 -2.0998
Pedestrian -1 -1 -6.8698 189.2080 171.3201 209.5112 205.4977 1.7563 0.6708 0.6605 -20.9177 1.2334 37.3610 -7.3822 -2.1337
