Pedestrian -1 -1 -8.3634 640.8013 170.6444 684.9861 244.4073 1.6915 0.6970 0.8814 1.4111 1.4431 17.0191 -8.2873 1.9680
Pedestrian -1 -1 -2.3496 328.7464 169.2507 402.9822 279.9560 1.7978 0.6704 1.0252 -4.0407 1.5995 12.1969 -2.6689 1.8914
Pedestrian -1 -1 -3.8853 994.7392 153.8650 1063.0597 278.8221 1.7713 0.6721 0.5518 6.2320 1.3802 10.5721 -3.3689 1.6411
Pedestrian -1 -1 -8.2510 738.8604 171.8902 834.3400 337.2642 1.6402 0.6791 0.8802 1.8870 1.5456 7.6152 -8.0220 1.4556
Car -1 -1 -4.7219 530.2916 170.9860 562.9910 201.1853 1.6722 1.8096 4.1288 -3.2299 1.0902 41.9138 -4.8033 1.4255
Pedestrian -1 -1 -5.2358 820.5265 156.5709 893.0891 275.6705 1.7969 0.7060 0.9222 3.9737 1.4214 11.3596 -4.9119 1.2228
Pedestrian -1 -1 -4.6432 390.7085 172.8322 420.7581 251.0973 1.7373 0.6113 0.8060 -4.4969 1.5455 16.4013 -4.9122 0.9024
Pedestrian -1 -1 -3.4854 1055.7195 143.8283 1184.4879 304.1159 1.8334 0.6700 1.0917 6.1754 1.4032 8.6783 -2.8865 0.8299
Pedestrian -1 -1 -8.3140 817.3844 164.2632 918.4072 332.0233 1.7169 0.7074 0.8693 2.8262 1.5412 7.8283 -7.9840 0.5170
Pedestrian -1 -1 -2.2743 0.0000 178.8603 79.3179 346.3650 1.6794 0.5294 0.9223 -6.1664 1.6536 7.5502 -2.9482 0.2108
Pedestrian -1 -1 -6.5990 1140.3042 145.3923 1237.0000 292.5504 1.7790 0.5827 0.8903 7.4241 1.3432 9.1098 -5.9346 -0.0355
Pedestrian -1 -1 -4.2643 422.9033 173.9369 459.4021 251.3215 1.7030 0.6044 0.5972 -3.6401 1.5371 16.1671 -4.4878 -0.1444
Pedestrian -1 -1 -4.9455 665.3183 174.5218 685.4332 222.5849 1.6053 0.5685 0.5195 2.4705 1.3726 24.2887 -4.8505 -0.2131
Car -1 -1 -4.6477 462.3068 166.9923 508.7304 213.8798 1.8592 1.7035 4.1732 -4.8925 1.2843 30.6439 -4.8098 -0.5447
Pedestrian -1 -1 -4.9646 269.3460 154.2358 289.9364 200.2622 1.8389 0.6555 0.5042 -13.0561 0.7499 29.1015 -5.3878 -0.6635
Pedestrian -1 -1 -5.8945 584.6808 169.5081 605.3313 203.6001 1.7856 0.5218 0.9690 -0.3461 1.1577 38.0440 -5.9086 -0.6721
Car -1 -1 -7.9084 561.6913 174.1770 590.6232 197.3905 1.4805 1.6760 4.2301 -1.7219 1.0135 47.9996 -7.9490 -1.0110
Pedestrian -1 -1 -5.3954 564.4973 169.8187 576.3284 192.6358 1.8146 0.4764 0.9133 -2.4682 0.8855 57.6261 -5.4429 -1.0249
Car -1 -1 -8.0270 746.8781 176.3887 810.2226 221.6052 1.5343 1.6133 3.5586 6.3551 1.3613 26.1971 -7.7964 -1.0532
Pedestrian -1 -1 -7.7568 404.8458 167.6524 425.1163 220.1968 1.8369 0.6463 0.5582 -6.6233 1.3532 25.4390 -8.0142 -1.1221
Cyclist -1 -1 -4.1354 660.0939 174.5781 711.3391 233.5059 1.6246 0.5901 1.7991 2.4134 1.4342 20.6863 -4.0260 -1.1694
Pedestrian -1 -1 -5.7954 245.3511 171.9274 274.9869 233.4597 1.7862 0.5708 0.5905 -10.0734 1.5088 21.1498 -6.2403 -1.2247
Pedestrian -1 -1 -6.4596 518.4768 172.6482 529.2620 193.3611 1.7931 0.5048 0.8566 -6.7257 1.0266 62.5481 -6.5712 -1.5864
Pedestrian -1 -1 -8.0766 586.1663 168.7279 600.4730 200.3427 1.8330 0.6933 0.7170 -0.4787 1.0926 42.0779 -8.0930 -1.6146
Car -1 -1 -4.5957 418.2591 157.2572 490.3472 225.7977 2.0785 1.8601 4.5413 -4.8507 1.3438 24.1248 -4.7972 -1.7248
Pedestrian -1 -1 -7.9048 915.1470 162.2682 941.5622 233.6965 1.6922 0.5383 0.7148 7.8961 1.2371 17.4476 -7.4907 -1.8372
Car -1 -1 -4.6157 566.2207 170.1792 592.7427 193.2233 1.6848 1.6497 4.0815 -1.6147 0.8571 54.6082 -4.6501 -1.8524
Pedestrian -1 -1 -6.4678 509.7932 172.2970 520.9867 192.9621 1.7874 0.5236 0.8844 -7.4600 0.9912 62.5139 -6.5910 -2.0171
Car -1 -1 -4.4811 615.7099 169.1335 644.6766 187.7776 1.5239 1.6120 3.9275 2.4954 0.5129 60.8201 -4.4451 -2.0976
Pedestrian -1 -1 -6.3399 650.0712 165.6540 665.4948 201.1271 1.8402 0.6483 0.7647 2.9382 1.0184 37.5941 -6.2675 -2.1168
Cyclist -1 -1 -2.4259 264.4608 172.3755 328.4703 239.6794 1.8173 0.4670 1.7531 -8.4781 1.5714 19.8870 -2.8295 -2.1556
