Pedestrian -1 -1 -7.9144 203.2960 168.6867 278.7449 352.6789 1.7679 0.6461 0.9353 -3.8112 1.6455 7.4689 -8.3784 2.0543
Pedestrian -1 -1 -8.1565 766.7682 157.8069 862.0842 357.7155 1.7312 0.6332 0.7419 1.8822 1.5267 6.6044 -7.8952 1.9075
Pedestrian -1 -1 -2.3473 528.0331 164.8189 590.9761 265.1443 1.8091 0.6639 1.0108 -0.8363 1.5089 13.5373 -2.4134 1.4174
Pedestrian -1 -1 -8.2567 713.1506 165.0168 751.1595 241.2928 1.7117 0.5990 0.7793 2.9690 1.3423 16.5681 -8.0874 1.2214
Cyclist -1 -1 -4.3139 495.6417 171.5273 537.2324 231.4766 1.7498 0.5796 1.9001 -2.6042 1.4592 21.9597 -4.4359 0.9220
Pedestrian -1 -1 -4.0720 482.4068 170.4793 511.4494 228.4955 1.7853 0.5894 0.7225 -3.3080 1.4466 22.5624 -4.2212 0.8535
Pedestrian -1 -1 -8.1331 860.2428 153.2335 971.3739 356.4108 1.7442 0.7138 0.8444 2.8109 1.5023 6.6231 -7.7516 0.8399
Pedestrian -1 -1 -7.3239 428.5140 173.8248 456.4192 222.4138 1.7080 0.6291 0.8637 -5.7184 1.4386 25.7573 -7.5455 0.6402
Pedestrian -1 -1 -3.8621 949.2278 156.7411 1002.8765 255.4288 1.7259 0.6466 0.5701 6.7001 1.2935 12.9474 -3.3981 0.5187
Car -1 -1 -7.7742 558.9922 171.0068 584.8869 192.4777 1.5794 1.6815 4.0296 -2.1998 0.8074 54.8826 -7.8190 0.0601
Pedestrian -1 -1 -5.8215 611.7632 168.7752 630.8091 200.5362 1.7786 0.5136 0.9488 1.1214 1.0662 40.6746 -5.7991 -0.2242
Pedestrian -1 -1 -8.6210 975.7708 155.4148 1051.8280 275.4622 1.7050 0.5937 0.7893 6.0577 1.3352 10.6612 -8.1201 -0.3421
Pedestrian -1 -1 -2.1804 123.4392 179.6102 215.4306 328.1635 1.6372 0.6710 0.6425 -5.0631 1.6171 8.3547 -2.7175 -0.4257
Pedestrian -1 -1 -7.6944 864.0217 160.8680 890.1163 214.4867 1.8140 0.7667 0.5392 9.4626 1.1164 24.7263 -7.3376 -0.4722
Cyclist -1 -1 -7.7208 525.6978 171.4220 538.9406 209.8544 1.7472 0.3936 1.7761 -3.2331 1.2893 33.5505 -7.8213 -0.4775
Pedestrian -1 -1 -5.3978 453.5130 172.3336 467.9440 200.2562 1.7866 0.7277 0.5565 -9.0858 1.2001 46.4190 -5.5951 -0.5357
Pedestrian -1 -1 -3.9403 1115.3860 142.9225 1200.6837 272.3071 1.8126 0.6213 0.7685 8.0213 1.2728 10.4313 -3.3021 -0.6056
Pedestrian -1 -1 -6.4132 421.2603 174.4648 445.3282 221.4216 1.7138 0.5354 0.8035 -6.2536 1.4574 26.6101 -6.6470 -0.6836
Pedestrian -1 -1 -5.5343 307.6229 159.1211 321.8369 209.6394 1.9560 0.4668 0.2717 -11.2268 1.0899 28.0799 -5.9165 -0.8653
Car -1 -1 -4.3921 189.3250 166.5664 262.8019 207.8064 1.6957 1.7042 3.9830 -16.4413 1.0820 31.6385 -4.8730 -0.9330
Pedestrian -1 -1 -7.4741 306.5444 183.6804 330.6412 229.9539 1.5688 0.5311 0.7609 -9.7730 1.6456 24.7709 -7.8516 -1.0716
Pedestrian -1 -1 -3.5372 962.5146 149.7054 1019.3224 238.7960 1.8161 0.4734 0.9243 8.0378 1.1685 14.9187 -3.0555 -1.1307
Car -1 -1 -4.4657 454.6795 162.6508 529.5289 220.8446 1.9873 1.7763 4.2582 -3.9860 1.3440 26.7348 -4.6174 -1.1545
Pedestrian -1 -1 -4.7794 684.2223 172.0981 702.7260 217.3902 1.6758 0.6365 0.7099 3.4256 1.3283 26.9500 -4.6594 -1.1678
Cyclist -1 -1 -7.8785 200.5178 195.0481 219.5954 255.7139 1.5506 0.4120 1.6046 -10.6735 1.9342 19.5141 -8.3788 -1.2765
Pedestrian -1 -1 -3.5031 1035.0658 151.8019 1054.9470 212.7466 1.7833 0.5194 0.3347 13.1207 0.9148 21.3046 -2.9616 -1.4251
Pedestrian -1 -1 -2.5514 538.3624 171.0799 549.5227 191.1348 1.8123 0.4522 0.9142 -5.1960 0.8704 65.3334 -2.6354 -1.4740
Pedestrian -1 -1 -6.2579 223.0005 171.2758 233.1641 201.0031 1.7774 0.6955 0.5299 -22.5421 1.1662 43.3795 -6.7396 -1.5422
Car -1 -1 -7.4811 604.8414 172.7581 646.5146 194.6885 1.4653 1.6198 3.8783 1.7443 0.8812 50.0982 -7.4514 -1.6095
Pedestrian -1 -1 -4.8530 704.0184 183.8728 720.8322 228.9665 1.2748 0.4124 0.4506 3.1416 1.3439 20.5569 -4.7085 -1.7102
Pedestrian -1 -1 -4.1574 1105.2727 168.3567 1147.9283 259.1664 1.4606 0.4011 0.4338 8.5963 1.2498 11.8235 -3.5445 -1.7451
Pedestrian -1 -1 -5.1451 25.3691 181.4773 56.1121 234.9736 1.8103 0.6885 0.4997 -19.3233 1.8099 24.7281 -5.8085 -1.7858
Pedestrian -1 -1 -5.9415 303.1455 174.8541 320.7021 230.7281 1.7597 0.4669 0.3855 -9.2411 1.5509 22.8652 -6.3269 -1.8400
Car -1 -1 -4.5384 882.2324 161.5769 964.0184 219.1055 1.5383 1.6100 3.7595 9.5350 1.0060 21.2186 -4.1257 -1.8679
Pedestrian -1 -1 -8.4005 1018.3879 153.5649 1184.3455 373.0000 1.6947 0.7309 0.6291 3.4240 1.5115 5.0516 -7.8344 -1.8779
Car -1 -1 -2.0084 30.5573 183.7097 130.2063 229.0641 1.5548 1.6096 3.5294 -19.1357 1.6410 26.3342 -2.6372 -1.8819
Pedestrian -1 -1 -4.1883 691.9710 173.3375 722.4045 224.4075 1.6306 0.6720 0.8089 3.4284 1.3704 23.4606 -4.0500 -1.8874
Pedestrian -1 -1 -4.6776 22.7624 193.6205 42.3271 243.0484 1.7716 0.5447 0.5408 -20.8567 2.2224 26.3123 -5.3483 -1.9200
Car -1 -1 -6.3633 119.2370 176.3123 211.5268 206.1519 1.5002 1.6228 4.0515 -23.0152 1.2396 37.9595 -6.9103 -1.9465
Pedestrian -1 -1 -7.5582 640.7099 173.0217 662.8824 223.5363 1.6258 0.5731 0.6147 1.6233 1.3534 23.5085 -7.4953 -1.9671
Car -1 -1 -7.0327 666.1685 168.8657 745.3749 197.6966 1.5094 1.6609 4.3628 5.7698 0.8481 39.5377 -6.8937 -1.9861
Pedestrian -1 -1 -8.2923 654.5865 161.8910 669.9794 192.5331 1.8667 0.5790 0.9838 3.7531 0.6722 44.3217 -8.2133 -1.9981
Car -1 -1 -4.6498 234.8577 172.1677 275.3230 204.8595 1.4790 1.5309 3.7013 -16.5903 1.0571 34.5017 -5.1000 -2.0511
Car -1 -1 -5.1542 1126.6047 156.5416 1237.0000 227.8888 1.4786 1.5897 4.0947 14.3129 0.9619 17.0654 -4.4689 -2.0741
Pedestrian -1 -1 -3.9977 870.0591 159.0899 901.2734 218.3662 1.7709 0.6171 0.6387 8.6258 1.1018 21.8827 -3.6314 -2.0864
Pedestrian -1 -1 -7.6747 456.2999 162.5255 472.1582 201.2749 1.9350 0.6383 0.9208 -6.9442 0.9877 36.3357 -7.8672 -2.1082
Pedestrian -1 -1 -7.3995 98.1054 189.4809 132.2956 241.0084 1.7159 0.7090 0.7491 -16.5808 1.9928 24.4715 -7.9954 -2.1361
Car -1 -1 -7.3386 194.9189 175.7291 296.1731 224.1949 1.6378 1.6492 3.8077 -12.8852 1.4432 26.2234 -7.7965 -2.1879
