Cyclist -1 -1 -4.3891 224.2040 155.4069 369.5173 373.0000 1.7611 0.5476 1.8073 -2.4939 1.5781 5.9756 -4.7758 1.8498
Pedestrian -1 -1 -7.5653 181.9747 160.9626 286.8106 349.8510 1.7624 0.7018 0.9197 -3.7014 1.5715 7.2167 -8.0308 1.2756
Pedestrian -1 -1 -6.8645 857.0739 165.5609 907.7488 241.7602 1.6060 0.5503 0.8568 6.0181 1.2706 15.5021 -6.5052 0.8277
Pedestrian -1 -1 -8.0297 717.4434 161.8033 807.2623 341.7635 1.6566 0.6885 0.9542 1.5078 1.4760 7.0965 -7.8338 0.6946
Pedestrian -1 -1 -7.8460 831.4427 162.8189 868.2729 256.2410 1.6335 0.6131 0.7601 4.4535 1.3075 13.0188 -7.5279 0.5705
Pedestrian -1 -1 -8.3048 770.9670 164.2088 810.0403 235.5500 1.7081 0.5860 0.9097 4.6130 1.2946 17.7038 -8.0588 0.5375
Pedestrian -1 -1 -5.3295 406.1860 170.0445 446.2274 236.1391 1.7651 0.6835 0.8808 -4.8468 1.4596 19.7296 -5.5727 0.3718
Pedestrian -1 -1 -6.4247 440.8763 172.4088 463.9822 215.2872 1.8390 0.7039 0.8924 -6.5104 1.4494 31.2927 -6.6333 0.2098
Car -1 -1 -4.5724 516.2999 167.6130 564.1030 207.8488 2.0004 1.9013 4.7664 -3.1803 1.3102 38.1428 -4.6601 -0.1153
Pedestrian -1 -1 -8.2732 642.6314 165.5990 742.5696 345.4521 1.6322 0.6685 0.8558 0.8192 1.4886 7.0290 -8.1675 -0.1546
Pedestrian -1 -1 -7.5801 628.6096 171.7015 638.6677 197.1595 1.8073 0.4777 0.9842 2.3264 1.1117 51.5388 -7.5402 -0.2894
Car -1 -1 -4.6593 585.6912 170.7089 604.9155 189.0408 1.7162 1.6644 4.0172 -0.5261 0.7056 69.2893 -4.6717 -0.3614
Pedestrian -1 -1 -3.8466 803.3543 163.8575 831.8775 218.1360 1.7523 0.5649 0.6970 7.0699 1.1832 23.5914 -3.5636 -0.4806
Pedestrian -1 -1 -4.3848 707.4252 165.7205 740.0878 235.4022 1.7159 0.6093 0.7545 3.0621 1.3279 18.1650 -4.2254 -0.6516
Pedestrian -1 -1 -6.5153 642.3383 172.1456 663.0453 208.4640 1.7166 0.4801 0.8968 2.4305 1.2747 34.2635 -6.4501 -0.7868
Pedestrian -1 -1 -4.0333 906.8508 143.1795 970.7039 282.2312 1.8355 0.5818 0.5444 4.5791 1.3303 9.8649 -3.6142 -0.8022
Pedestrian -1 -1 -7.7336 563.5016 171.5843 575.0830 202.8103 1.8505 0.5923 0.9209 -1.9221 1.2630 43.0509 -7.7830 -0.8458
Car -1 -1 -7.5520 545.6353 174.4074 579.0021 195.1382 1.6060 1.6555 3.7314 -3.0804 1.0564 57.6600 -7.6101 -1.0564
Pedestrian -1 -1 -5.8867 612.3741 171.6814 623.7679 194.1520 1.7995 0.6042 0.7451 1.3656 1.0131 57.9532 -5.8682 -1.0594
Pedestrian -1 -1 -3.4542 677.5497 173.1956 696.6558 208.6544 1.6719 0.5547 0.7679 4.0660 1.2806 34.2174 -3.3420 -1.1095
Pedestrian -1 -1 -7.9255 672.4697 173.5591 685.1340 206.3551 1.7015 0.6097 0.6489 4.0398 1.2897 37.6025 -7.8243 -1.1112
Pedestrian -1 -1 -7.5956 948.4291 151.7036 970.9798 198.9460 1.8003 0.6483 0.6221 13.8548 0.6652 27.8213 -7.1423 -1.2016
Pedestrian -1 -1 -3.9872 691.5511 173.0703 713.0867 209.6329 1.6731 0.6105 0.8068 4.6730 1.2876 33.3656 -3.8543 -1.2249
Pedestrian -1 -1 -4.0403 93.4045 207.8866 159.4935 323.8533 1.2484 0.3678 0.5416 -5.4277 1.5590 8.1503 -4.6190 -1.3692
Pedestrian -1 -1 -4.7213 701.9835 162.5997 714.1522 200.4283 1.9659 0.6184 0.9398 5.6057 0.9839 37.8384 -4.5802 -1.4376
Cyclist -1 -1 -6.1697 394.5389 176.1953 460.5386 239.7178 1.6223 0.4996 1.6254 -4.5447 1.4874 18.6965 -6.4103 -1.4625
Pedestrian -1 -1 -5.9987 429.7119 174.8268 447.6988 216.8062 1.7550 0.5243 0.6199 -6.8810 1.4763 30.3097 -6.2253 -1.6041
Pedestrian -1 -1 -3.6386 883.7299 147.2781 942.6116 274.6038 1.8107 0.6618 0.5377 4.5296 1.3247 10.5731 -3.2482 -1.6577
Cyclist -1 -1 -4.2373 261.3801 179.1922 303.9586 235.0033 1.6409 0.5654 1.4998 -9.7198 1.5735 21.8846 -4.6561 -1.6705
Car -1 -1 -7.8909 689.0936 166.6586 719.4785 196.1255 1.6572 1.6078 3.6501 6.0150 0.8226 42.2929 -7.7554 -1.7559
Car -1 -1 -7.4500 342.1762 151.9523 391.3727 181.7146 1.9094 1.7016 4.0231 -15.6593 0.0138 48.1630 -7.7675 -1.8011
Cyclist -1 -1 -4.6075 693.5553 173.8796 710.0656 212.5894 1.6193 0.5656 1.4292 4.2952 1.3008 30.8095 -4.4753 -2.0075
Pedestrian -1 -1 -8.1170 781.7875 162.8939 807.3627 215.1010 1.8210 0.6818 0.8104 6.8145 1.1724 25.4638 -7.8632 -2.0896
Cyclist -1 -1 -7.3792 369.3742 176.9641 409.0739 232.5020 1.6259 0.4482 1.6783 -6.4768 1.4936 21.8956 -7.6689 -2.1195
Pedestrian -1 -1 -8.2239 477.8996 178.5206 488.9428 200.8265 1.7265 0.6707 0.6171 -9.1871 1.4957 56.0356 -8.3907 -2.1407
Pedestrian -1 -1 -3.4397 1086.2349 138.5821 1125.9252 270.6551 1.7928 0.4748 0.3197 6.9873 1.2109 10.0242 -2.8484 -2.1913
