Pedestrian -1 -1 -3.6619 1138.7325 158.4757 1219.1787 264.8690 1.6351 0.5160 0.8451 9.0645 1.2819 11.3530 -3.0046 1.5748
Pedestrian -1 -1 -7.7561 446.9323 176.8582 467.6510 225.9819 1.7510 0.6596 0.8753 -5.2495 1.5860 26.0750 -7.9581 0.9142
Pedestrian -1 -1 -7.5631 165.7867 167.0770 282.1815 373.0000 1.7944 0.6934 1.0098 -3.5203 1.6721 6.6865 -8.0382 0.6667
Cyclist -1 -1 -4.4797 546.1679 175.8458 570.9314 222.1226 1.7199 0.5363 1.9174 -1.6591 1.5102 27.6877 -4.5442 0.5972
Pedestrian -1 -1 -7.5675 432.4170 174.5625 456.1480 224.0002 1.8394 0.6502 0.9132 -5.9668 1.5817 27.2044 -7.7866 0.0708
Pedestrian -1 -1 -3.6478 1121.9270 149.9080 1183.8361 254.8869 1.8187 0.6923 0.6117 9.7877 1.2720 12.8277 -3.0111 0.0267
Pedestrian -1 -1 -2.6511 658.6351 167.8560 716.9454 256.7928 1.7749 0.5559 1.0609 1.7438 1.5032 14.8642 -2.5419 -0.0138
Pedestrian -1 -1 -2.0098 251.2169 179.4215 316.6912 290.1149 1.6543 0.6249 0.8762 -5.0237 1.6239 11.2584 -2.4266 -0.2813
Pedestrian -1 -1 -8.3201 852.1080 156.5761 978.4360 373.0000 1.7567 0.5701 0.9412 2.4921 1.5693 5.9153 -7.9430 -0.3267
Pedestrian -1 -1 -4.7228 96.4738 182.7253 115.9104 230.7180 1.8101 0.6054 0.8586 -19.0832 1.8585 27.6447 -5.3277 -0.3630
Pedestrian -1 -1 -8.0226 681.3488 176.3478 698.6543 216.5297 1.6364 0.6082 0.6156 3.6243 1.4269 29.5770 -7.9069 -0.4554
Pedestrian -1 -1 -4.4458 536.6881 173.4382 556.5190 219.9322 1.8092 0.6107 0.7426 -2.1822 1.4959 28.3738 -4.5270 -0.4621
Pedestrian -1 -1 -8.0807 730.3251 169.8468 768.0529 245.2838 1.6778 0.6330 0.9796 3.3386 1.4192 16.4770 -7.8893 -0.4647
Pedestrian -1 -1 -7.8370 1186.7159 181.4231 1237.0000 373.0000 1.5439 0.4564 0.6558 4.3469 1.5442 5.0336 -7.1558 -0.4687
Car -1 -1 -4.3631 523.1412 168.7342 574.9086 206.4431 2.1143 1.7083 4.2987 -3.0401 1.3987 42.5760 -4.4391 -0.5455
Car -1 -1 -4.2141 231.2245 172.0248 308.0083 205.0958 1.5018 1.6277 4.0646 -15.9356 1.0718 34.7017 -4.6467 -0.6034
Pedestrian -1 -1 -8.4491 837.4884 162.5114 864.0182 209.6711 1.7769 0.7196 0.6438 9.5089 1.0618 27.4717 -8.1239 -0.6122
Pedestrian -1 -1 -8.0440 767.3374 160.5187 861.5198 373.0000 1.7137 0.5566 0.9537 1.6911 1.5538 5.9921 -7.7863 -0.6827
Pedestrian -1 -1 -7.2087 348.6840 162.7727 371.9363 202.0226 1.8852 0.6240 0.9634 -11.7731 0.9860 35.0582 -7.5354 -0.6970
Pedestrian -1 -1 -3.9817 891.8343 162.4202 939.4705 242.1936 1.6944 0.6035 0.7582 6.8213 1.2897 15.6921 -3.5830 -0.7158
Car -1 -1 -7.8093 606.4708 171.4804 625.8961 189.5605 1.6000 1.6233 3.8230 1.4039 0.7131 65.5257 -7.7929 -0.7943
Pedestrian -1 -1 -8.0652 1177.5427 146.2169 1211.4830 209.8545 1.7610 0.6329 0.5418 16.6878 0.7851 20.2625 -7.3876 -1.1379
Pedestrian -1 -1 -5.8800 617.8638 172.3595 634.8312 202.0881 1.7817 0.4944 0.9053 1.5091 1.2340 43.4648 -5.8505 -1.3031
Pedestrian -1 -1 -6.2185 372.2608 164.3016 385.2334 199.2425 1.8865 0.7300 0.6339 -12.1571 0.9581 39.2126 -6.5222 -1.3579
Pedestrian -1 -1 -6.4169 600.4030 173.3050 612.3490 195.8873 1.7634 0.5684 0.8677 0.4065 1.1233 56.4309 -6.4147 -1.3821
Car -1 -1 -4.5258 480.5246 168.5484 543.4691 221.4637 2.0231 1.8048 4.4493 -3.6266 1.5283 29.7400 -4.6513 -1.3979
Cyclist -1 -1 -4.5689 762.4871 167.3860 783.2606 213.1868 1.7284 0.5728 1.6322 6.6642 1.1961 27.9723 -4.3422 -1.5404
Pedestrian -1 -1 -7.2889 250.2141 187.0284 280.9001 243.7358 1.7390 0.6477 0.6014 -10.5132 1.9147 22.4334 -7.7280 -1.6915
Car -1 -1 -4.7700 571.4045 173.6491 591.7887 190.1039 1.4843 1.6374 4.1561 -1.8415 0.7758 66.9414 -4.8023 -1.7491
Car -1 -1 -4.7807 595.8023 176.6188 621.5504 197.3723 1.5014 1.6402 4.0038 0.5264 1.1482 54.0175 -4.7760 -1.7766
Pedestrian -1 -1 -7.8147 352.1278 180.6274 370.0899 223.4066 1.7121 0.6681 0.7030 -9.7769 1.6775 29.1810 -8.1406 -1.7926
Pedestrian -1 -1 -7.4806 376.4577 177.2160 401.9457 228.7171 1.8073 0.6949 0.6139 -7.5665 1.6574 25.5428 -7.7711 -1.7932
Pedestrian -1 -1 -7.4323 689.5737 177.3681 712.5510 222.2849 1.6035 0.5534 0.7994 3.6031 1.4564 26.1289 -7.3018 -1.7945
Car -1 -1 -6.4948 1066.7458 153.0417 1237.0000 213.2317 1.5234 1.6530 4.1145 15.3580 0.8036 19.7995 -5.8465 -1.8488
Pedestrian -1 -1 -3.8707 612.9461 172.0675 627.5624 200.1577 1.8452 0.5643 0.7967 1.2565 1.2256 47.6586 -3.8495 -2.0114
Car -1 -1 -4.6476 0.0000 176.5990 26.7928 200.7422 1.6043 1.6383 4.0182 -41.0289 1.2786 49.8401 -5.3387 -2.0447
Car -1 -1 -4.7368 853.6556 175.6459 908.2990 223.8000 1.4112 1.4940 3.2866 8.7947 1.2401 22.8489 -4.3784 -2.1466
Car -1 -1 -7.5208 613.8267 175.3877 651.8912 196.5401 1.5210 1.6226 4.0842 2.4148 1.0814 53.8510 -7.4812 -2.1602
Car -1 -1 -4.9968 659.5317 182.4991 724.7504 219.2387 1.3906 1.5655 3.9416 3.6078 1.4346 29.3749 -4.8808 -2.1707
Pedestrian -1 -1 -7.9072 157.9207 194.2782 179.2208 246.7382 1.7020 0.5751 0.6039 -14.4407 2.1352 23.9171 -8.4510 -2.1963
