Pedestrian -1 -1 -7.2367 168.3557 160.1741 311.7079 373.0000 1.8166 0.6939 1.0363 -3.3038 1.6396 6.5531 -7.6943 1.9238
Pedestrian -1 -1 -8.3161 745.1177 164.9987 858.1014 373.0000 1.6564 0.5812 0.7728 1.5370 1.5341 5.7963 -8.0742 1.6419
Pedestrian -1 -1 -7.6751 1019.3953 157.4735 1096.8441 323.3878 1.6953 0.5939 0.8290 4.9445 1.4505 7.8471 -7.1333 1.0600
Pedestrian -1 -1 -5.2029 376.0828 179.8474 419.4205 264.7343 1.6769 0.6736 0.5390 -4.1844 1.6448 14.6183 -5.4826 0.8469
Pedestrian -1 -1 -8.1351 767.3787 172.2093 807.0670 247.1620 1.6988 0.7174 0.7015 4.2583 1.4888 16.6460 -7.8938 0.8120
Car -1 -1 -4.7318 611.0939 173.5979 635.1309 200.3519 1.8908 1.6589 4.1058 1.5747 1.3323 52.8253 -4.7072 0.4159
Pedestrian -1 -1 -7.9698 830.8735 159.7012 932.4044 373.0000 1.6828 0.6503 0.8430 2.1931 1.5208 5.8468 -7.6315 0.4024
Pedestrian -1 -1 -4.2883 488.4755 177.0454 515.9917 226.4711 1.8423 0.6644 1.0637 -3.7950 1.6766 27.3783 -4.4300 0.3540
Pedestrian -1 -1 -4.5428 206.6362 179.8030 223.6242 218.9860 1.7203 0.5382 0.8235 -17.2266 1.6461 32.0149 -5.0381 0.2725
Pedestrian -1 -1 -3.9586 894.8035 166.5225 935.7538 235.9679 1.7311 0.6308 0.7294 7.9748 1.3583 18.3427 -3.5589 0.1559
Pedestrian -1 -1 -8.6264 786.8105 171.8422 834.2784 253.5166 1.7063 0.5598 0.8306 4.4668 1.5051 15.5058 -8.3559 -0.1491
Pedestrian -1 -1 -5.9883 660.3866 174.8784 677.4941 203.0119 1.7993 0.4193 1.0213 4.3591 1.3759 46.3270 -5.9001 -0.1859
Pedestrian -1 -1 -8.2412 861.3708 164.6577 883.4794 206.9245 1.7369 0.6115 0.7680 11.2607 1.0451 29.9137 -7.8891 -0.3416
Car -1 -1 -4.6126 538.6949 169.1658 587.8892 217.7238 2.0810 1.8235 4.7875 -1.6968 1.5527 33.2160 -4.6685 -0.5297
Pedestrian -1 -1 -7.6790 648.4318 175.4788 657.5425 199.0144 1.8333 0.5777 0.8609 4.0729 1.3641 56.4403 -7.6124 -0.5554
Pedestrian -1 -1 -4.8739 589.8906 175.3961 607.1816 214.4656 1.8535 0.6670 1.0524 -0.1569 1.5642 34.6544 -4.8836 -0.5995
Pedestrian -1 -1 -4.2517 493.6833 176.7010 519.1648 223.7044 1.8352 0.6649 0.9299 -3.7964 1.6482 28.5940 -4.3878 -0.7369
Pedestrian -1 -1 -7.5750 843.8094 159.8027 875.2863 223.3270 1.9009 0.6627 1.0283 7.9187 1.2521 22.1067 -7.2399 -0.8541
Pedestrian -1 -1 -8.2554 1129.8646 155.8549 1171.8641 224.8709 1.7410 0.6688 0.6105 14.1009 1.0946 18.4960 -7.6159 -0.9423
Pedestrian -1 -1 -8.4028 690.8123 174.4767 706.0709 203.4968 1.8231 0.6703 0.7398 6.1606 1.3820 45.6025 -8.2744 -0.9459
Pedestrian -1 -1 -4.9379 421.8215 159.6061 434.5648 195.5168 1.9233 0.5840 0.4412 -9.3635 0.7509 38.8002 -5.1780 -1.0770
Pedestrian -1 -1 -6.7710 426.7391 161.9056 445.7667 194.5155 1.9363 0.5581 0.9659 -9.9270 0.7729 43.1802 -7.0006 -1.1042
Car -1 -1 -3.4267 1036.4629 163.2453 1189.2683 213.8863 1.4930 1.5771 3.5877 15.8421 0.9553 22.4879 -2.8235 -1.1722
Car -1 -1 -5.9926 352.4895 173.2954 447.8429 207.7484 1.5687 1.6319 3.9917 -9.3624 1.1954 33.5541 -6.2678 -1.2693
Car -1 -1 -4.5946 156.8110 191.1583 286.5966 287.6793 1.4455 1.6435 3.8450 -6.8656 1.6525 13.2638 -5.0698 -1.3686
Pedestrian -1 -1 -4.4023 600.5154 175.8241 619.3618 214.2730 1.8089 0.6524 0.9318 0.3990 1.5421 34.3395 -4.3959 -1.5372
Car -1 -1 -2.3094 191.2788 182.0612 276.1740 216.3241 1.5109 1.6010 3.4047 -16.9301 1.5380 33.0647 -2.7845 -1.6154
Pedestrian -1 -1 -8.5041 865.9067 177.2474 926.6134 285.0496 1.5427 0.5144 0.6952 4.3278 1.4825 10.6846 -8.1332 -1.7230
Car -1 -1 -4.5489 855.3019 171.4892 920.6594 217.7415 1.4808 1.5515 3.7667 10.0079 1.1607 25.0131 -4.1771 -1.7234
Pedestrian -1 -1 -2.4560 648.4578 172.7124 660.2197 191.2271 1.7106 0.7771 0.7768 4.9640 0.8984 66.9189 -2.3872 -1.8008
Car -1 -1 -4.3497 315.9176 169.1121 376.0100 202.7062 1.7023 1.6746 4.1643 -13.6111 1.0748 38.4979 -4.6923 -1.8647
Pedestrian -1 -1 -7.8441 717.3173 177.1454 731.7423 215.2399 1.7058 0.6376 0.6956 5.5655 1.5111 32.5632 -7.6814 -1.9643
Pedestrian -1 -1 -5.1901 785.0791 163.9001 805.9362 206.6522 1.9378 0.6218 0.8032 8.9025 1.1403 33.0201 -4.9338 -1.9773
Car -1 -1 -4.6839 654.9354 176.8367 679.3464 199.6074 1.5962 1.6820 4.4450 4.8671 1.2692 52.6574 -4.5972 -2.1000
Pedestrian -1 -1 -7.9695 1126.0161 145.5103 1152.9198 198.9256 1.8469 0.6808 0.6479 18.9064 0.6029 25.2871 -7.3374 -2.1143
Pedestrian -1 -1 -5.6195 1049.9725 157.8513 1095.9203 223.5829 1.7534 0.6320 0.8394 12.8639 1.1231 19.6627 -5.0514 -2.1467
Car -1 -1 -2.2271 166.1582 178.8522 228.9196 204.0190 1.5358 1.5817 3.5881 -25.4447 1.3743 45.2631 -2.7418 -2.1761
Cyclist -1 -1 -3.9541 1133.4047 144.2448 1185.9478 193.4734 1.8809 0.6400 1.6782 21.6517 0.4578 27.8970 -3.3035 -2.1915
