Pedestrian -1 -1 -2.5179 400.7255 170.6303 471.9088 275.2138 1.7636 0.5907 1.0726 -2.9346 1.5809 12.5915 -2.7480 1.8896
Cyclist -1 -1 -4.4048 441.5652 170.6675 492.2682 246.5201 1.7754 0.6871 1.9451 -3.3404 1.5224 17.8199 -4.5929 1.5191
Pedestrian -1 -1 -8.2612 845.7533 156.6115 948.5258 340.2749 1.7527 0.6634 0.8618 2.9241 1.5159 7.3003 -7.8983 1.4096
Pedestrian -1 -1 -8.4673 876.0554 155.1014 938.6448 272.7252 1.7488 0.6669 0.5866 4.6471 1.3570 11.0413 -8.0828 1.3215
Pedestrian -1 -1 -1.9692 53.7867 171.5593 175.5792 345.6133 1.7208 0.7380 1.0406 -5.2638 1.6232 7.6960 -2.5594 0.7849
Pedestrian -1 -1 -8.3377 756.4113 161.6777 857.6205 343.9668 1.7027 0.6328 0.8668 1.9856 1.5183 7.2039 -8.0839 0.5018
Car -1 -1 -4.6961 542.2410 172.3398 569.9688 196.5714 1.4996 1.7145 4.1341 -2.9091 0.9328 46.5639 -4.7631 0.2324
Pedestrian -1 -1 -4.3455 423.0936 171.3996 453.2231 242.3567 1.7828 0.5939 0.5536 -4.2044 1.5296 18.3637 -4.5729 -0.1717
Pedestrian -1 -1 -3.9617 989.1919 148.7761 1052.9424 266.4147 1.7757 0.6852 0.5263 6.5153 1.2824 11.2498 -3.4521 -0.2741
Pedestrian -1 -1 -8.0613 411.6176 171.2473 431.7880 220.5161 1.7143 0.5436 0.7698 -6.3980 1.3579 25.4589 -8.3103 -0.3885
Car -1 -1 -4.6453 442.3837 159.8235 503.8684 222.8254 1.9915 1.8225 4.4609 -4.3962 1.3068 25.0242 -4.8226 -0.4114
Pedestrian -1 -1 -8.0756 411.5438 168.4132 436.0448 218.5714 1.8073 0.6930 0.8912 -6.5653 1.3361 26.4371 -8.3219 -0.4481
Pedestrian -1 -1 -4.8107 670.5709 171.7501 690.6815 219.7396 1.6563 0.6177 0.8122 2.7471 1.3202 25.1999 -4.7084 -0.4490
Pedestrian -1 -1 -5.7909 596.0995 168.5963 616.5436 202.3000 1.8004 0.6306 0.9180 0.2599 1.1113 38.8683 -5.7893 -0.5600
Pedestrian -1 -1 -8.1732 674.3338 168.9821 708.6170 242.3379 1.6671 0.5542 0.8342 2.0587 1.3832 16.7901 -8.0585 -0.5991
Pedestrian -1 -1 -3.8975 1075.3352 141.5823 1195.5775 287.6507 1.7890 0.6546 1.0895 6.7687 1.3008 9.1981 -3.2819 -0.6365
Pedestrian -1 -1 -2.5215 0.0000 172.8272 85.1118 371.0991 1.7043 0.6361 0.5583 -5.2296 1.6305 6.5047 -3.1853 -0.6774
Cyclist -1 -1 -7.6208 505.4067 170.2919 523.9814 213.1059 1.7588 0.3840 1.8054 -3.6806 1.2987 30.4279 -7.7453 -0.8549
Pedestrian -1 -1 -8.1673 371.7137 172.7313 393.7259 220.4199 1.7174 0.6064 0.6248 -8.0325 1.4020 26.2997 -8.4661 -1.1280
Pedestrian -1 -1 -3.5663 711.4196 169.1080 742.5377 228.2506 1.6851 0.6912 0.6613 3.6134 1.3325 20.8864 -3.4024 -1.1347
Car -1 -1 -6.1779 596.4202 170.5936 662.5020 201.2868 1.6300 1.6075 3.4596 1.5494 1.0510 39.1844 -6.1436 -1.1612
Pedestrian -1 -1 -6.5247 879.5225 160.1820 894.2714 216.5563 1.7903 0.4985 0.3258 9.1411 1.1138 23.0808 -6.1566 -1.2257
Car -1 -1 -4.6061 477.4624 167.9632 526.2697 212.9346 1.8507 1.7109 4.2154 -4.3367 1.2939 31.6962 -4.7461 -1.2379
Car -1 -1 -7.8296 594.3282 172.8687 619.7592 195.3127 1.4525 1.6422 3.9984 0.4224 0.8940 48.5099 -7.8258 -1.3310
Cyclist -1 -1 -5.3975 123.2623 188.9038 189.5218 257.5800 1.6213 0.5785 1.4706 -10.9271 1.8083 17.5811 -5.9524 -1.5803
Pedestrian -1 -1 -6.8256 1046.8860 150.5042 1068.8677 215.8629 1.7696 0.5033 0.2860 12.4820 0.9309 19.7022 -6.2720 -1.5867
Pedestrian -1 -1 -4.9647 1168.5087 158.3435 1226.2172 273.3780 1.5670 0.5220 0.4476 8.3159 1.2523 10.0960 -4.2936 -1.6296
Cyclist -1 -1 -4.8963 901.8498 149.2107 938.1715 218.9801 1.8259 0.6058 1.5980 8.6577 0.9814 19.6452 -4.4912 -1.7556
Car -1 -1 -8.1338 742.4826 172.8879 815.8007 217.4438 1.5106 1.6073 3.6690 6.3728 1.2191 26.2264 -7.9028 -1.7853
Cyclist -1 -1 -7.6980 161.4379 171.4316 174.7984 204.4830 1.6754 0.3544 1.5926 -22.4504 1.1652 37.2169 -8.2426 -1.8504
Cyclist -1 -1 -4.7234 597.9711 168.7246 608.8303 197.7926 1.7085 0.6227 1.5743 0.1125 0.9578 43.0133 -4.7257 -1.8900
Pedestrian -1 -1 -6.7533 691.7904 169.9811 719.0567 226.8643 1.6867 0.6457 0.5827 3.1072 1.3456 21.7010 -6.6180 -2.0750
Pedestrian -1 -1 -4.8546 582.1878 169.7673 590.2327 192.3575 1.7859 0.5197 0.8612 -1.1943 0.8582 57.2577 -4.8802 -2.0798
Car -1 -1 -7.6656 201.7130 175.1964 240.5747 199.7446 1.5919 1.6395 3.8905 -25.7082 1.1832 48.6847 -8.1542 -2.1362
Cyclist -1 -1 -4.3349 430.5352 162.1792 456.0541 203.1975 1.9275 0.6305 1.6883 -7.6231 1.0198 34.6379 -4.5549 -2.1414
Pedestrian -1 -1 -7.3385 655.0632 169.1957 672.2267 201.2366 1.7076 0.6644 0.7031 3.3525 1.0520 38.7605 -7.2578 -2.1737
