Pedestrian -1 -1 -7.4943 187.7245 160.9088 303.0273 354.7452 1.7553 0.6972 1.0120 -3.4987 1.5695 7.0410 -7.9470 1.6578
Pedestrian -1 -1 -7.7936 873.1835 161.5818 915.9865 264.2414 1.6121 0.6155 0.7780 4.7620 1.2999 11.7622 -7.4220 1.6574
Pedestrian -1 -1 -6.9697 461.0002 171.3387 489.2356 215.9146 1.8686 0.5772 1.0659 -5.4125 1.4430 30.7058 -7.1478 0.7105
Cyclist -1 -1 -4.0837 0.0000 140.4903 251.2924 373.0000 1.7010 0.5603 1.5595 -2.3283 1.5608 3.2585 -4.6748 0.6897
Pedestrian -1 -1 -3.9236 832.4505 162.4566 861.4377 220.1905 1.7600 0.6136 0.5902 7.5910 1.1800 22.3051 -3.6043 0.6289
Pedestrian -1 -1 -3.4904 410.6645 168.9582 455.3502 240.5909 1.8031 0.5691 0.9905 -4.3931 1.4879 18.5920 -3.7247 0.6253
Pedestrian -1 -1 -8.1057 667.7017 159.5108 765.5472 353.0545 1.6746 0.6708 0.9478 0.9968 1.4850 6.7248 -7.9702 0.3617
Car -1 -1 -4.6710 600.4905 170.8348 620.4604 190.3169 1.7185 1.6751 4.0201 0.8838 0.7775 65.4123 -4.6625 0.2694
Pedestrian -1 -1 -8.5197 782.7642 161.9819 825.2018 237.3332 1.7507 0.7180 0.6611 4.7896 1.2978 17.1345 -8.2564 0.2252
Pedestrian -1 -1 -7.8318 662.8340 173.3500 677.8597 210.3364 1.6800 0.6764 0.8781 3.1660 1.3101 33.1018 -7.7423 0.1792
Pedestrian -1 -1 -8.0213 579.4374 171.1194 592.5817 202.5680 1.7834 0.6134 0.8670 -0.8905 1.1949 41.2203 -8.0478 0.1259
Pedestrian -1 -1 -8.1303 741.1067 153.9865 849.3723 352.9858 1.7128 0.7114 0.9782 1.7159 1.4767 6.6859 -7.8944 0.0083
Pedestrian -1 -1 -7.6319 734.9540 166.9305 765.9604 235.9319 1.6592 0.6181 0.6885 3.6426 1.3094 17.7130 -7.4373 -0.1055
Pedestrian -1 -1 -7.7952 1013.1369 149.1512 1036.1398 201.0229 1.8425 0.6917 0.4944 15.2422 0.6939 25.9123 -7.2729 -0.1224
Pedestrian -1 -1 -3.0406 449.2913 174.0017 475.0565 218.7435 1.8281 0.4853 1.0022 -5.7595 1.5220 29.6386 -3.2361 -0.2311
Car -1 -1 -4.5324 530.6841 167.3002 582.8757 208.5814 1.9924 1.9200 4.5523 -2.2325 1.3073 37.0409 -4.5973 -0.4258
Pedestrian -1 -1 -3.8536 573.2768 173.8162 586.3867 197.5707 1.7958 0.4740 0.9130 -1.6286 1.2148 54.7878 -3.8882 -0.5975
Pedestrian -1 -1 -7.8501 1008.6716 157.7065 1032.5991 214.7418 1.7970 0.6554 0.5974 13.4203 1.0478 23.0549 -7.3329 -0.7525
Pedestrian -1 -1 -5.8609 643.9835 171.4464 659.4461 197.5393 1.8123 0.4595 0.9783 3.5336 1.1140 50.3255 -5.7962 -0.7588
Pedestrian -1 -1 -8.3107 800.3763 158.9624 830.4976 215.0055 1.8636 0.6682 0.8482 7.2239 1.1146 24.3623 -8.0304 -0.9422
Pedestrian -1 -1 -8.1313 777.3798 168.5602 819.9858 248.5823 1.6008 0.7031 0.5740 3.9779 1.3425 14.6648 -7.8763 -1.0990
Pedestrian -1 -1 -7.7877 472.0774 176.1390 487.6831 214.6879 1.7405 0.6588 0.7615 -5.5679 1.4987 32.8470 -7.9595 -1.1001
Pedestrian -1 -1 -3.5150 973.5801 138.5805 1049.5988 297.2422 1.8171 0.5632 0.6141 4.8118 1.3262 8.5433 -3.0206 -1.3881
Pedestrian -1 -1 -3.0966 631.1568 171.5235 642.3547 194.6499 1.8367 0.5363 0.8728 2.8435 1.0442 57.3550 -3.0523 -1.4073
Cyclist -1 -1 -4.3434 591.0425 172.2132 611.0100 202.7165 1.7025 0.5883 1.6599 -0.0163 1.1843 40.9740 -4.3488 -1.4449
Cyclist -1 -1 -7.8506 439.6380 176.9360 446.8604 210.4935 1.6942 0.3566 1.6224 -8.1783 1.4640 37.0962 -8.0712 -1.5223
Pedestrian -1 -1 -6.7241 935.2655 144.3699 995.9784 286.2165 1.8120 0.5282 0.5312 4.7275 1.3383 9.4420 -6.2764 -1.6254
Cyclist -1 -1 -8.0807 429.0913 176.5149 448.5200 209.4080 1.8112 0.6859 1.7425 -9.1776 1.5368 40.4864 -8.3073 -1.6485
Pedestrian -1 -1 -7.9231 460.2841 175.8072 475.3698 214.8862 1.7664 0.6109 0.9735 -6.1593 1.5094 33.0184 -8.1112 -1.7269
Pedestrian -1 -1 -8.3158 689.7899 171.8597 706.6923 206.1571 1.7172 0.6047 0.6831 4.8921 1.2347 36.3870 -8.1881 -1.7414
Pedestrian -1 -1 -8.7294 812.5449 170.7219 836.0206 220.9507 1.5295 0.5182 0.4717 6.8607 1.2017 22.2132 -8.4383 -1.7767
Car -1 -1 -7.6883 561.4708 175.3149 589.8245 196.3442 1.5939 1.6382 3.8145 -1.9707 1.1250 56.4422 -7.7280 -1.8050
Pedestrian -1 -1 -7.7933 1011.2587 149.6833 1029.3920 193.4533 1.8619 0.6487 0.5286 18.0352 0.5088 30.9556 -7.2744 -1.8383
Pedestrian -1 -1 -4.0877 911.5193 169.2470 937.9672 223.2906 1.5557 0.4532 0.5819 9.4287 1.2034 21.0205 -3.6758 -1.9110
Cyclist -1 -1 -7.3822 442.5897 177.7130 464.2558 208.8318 1.7336 0.5218 1.6492 -8.4153 1.5228 40.8825 -7.5891 -2.0330
Pedestrian -1 -1 -8.4352 808.7883 151.5329 826.9931 188.7642 1.8971 0.6615 0.6251 11.1377 0.3703 36.9973 -8.1496 -2.0626
Car -1 -1 -5.5733 346.1546 172.2835 405.0404 195.6977 1.5096 1.5732 3.5654 -14.9986 0.9154 47.7344 -5.8811 -2.1846
