Pedestrian -1 -1 -4.5149 376.9833 171.7027 414.6151 255.0162 1.7919 0.6714 0.7240 -4.5628 1.5817 15.8385 -4.7965 1.8256
Pedestrian -1 -1 -8.2428 634.5590 168.4373 672.6423 244.1690 1.7471 0.6231 0.8448 1.1947 1.4463 17.0716 -8.1794 1.7177
Pedestrian -1 -1 -8.3477 726.9264 165.3721 817.7217 335.1743 1.7041 0.6172 0.8276 1.7596 1.5430 7.6926 -8.1362 1.6478
Pedestrian -1 -1 -8.1971 810.1792 158.6173 907.1168 329.4656 1.7641 0.6968 0.9845 2.7522 1.5286 7.9181 -7.8786 1.5754
Pedestrian -1 -1 -3.5288 1055.1277 145.5409 1177.2793 306.0686 1.8127 0.6484 1.0023 6.0291 1.4073 8.5323 -2.9335 1.0453
Car -1 -1 -4.7357 525.7740 171.4452 560.0620 201.2903 1.5938 1.8023 4.1876 -3.3528 1.0570 40.5413 -4.8227 1.0223
Pedestrian -1 -1 -3.9546 1005.2084 155.1554 1073.9424 280.1043 1.7289 0.6682 0.5188 6.2437 1.3650 10.3330 -3.4276 0.8648
Pedestrian -1 -1 -4.2386 410.9879 172.5148 454.2809 254.4816 1.7388 0.6462 0.7615 -3.7160 1.5487 15.6847 -4.4730 -0.0115
Pedestrian -1 -1 -3.1063 1117.6619 149.0438 1219.5905 292.8542 1.7462 0.5475 1.0059 7.2378 1.3528 9.2516 -2.4614 -0.0858
Pedestrian -1 -1 -5.2596 352.3080 170.9722 377.3080 218.0056 1.6889 0.5378 0.7825 -8.6722 1.3112 26.2520 -5.5809 -0.1502
Pedestrian -1 -1 -7.6152 238.2884 169.2904 265.8928 231.3252 1.7735 0.6117 0.5419 -10.1732 1.4249 20.8666 -8.0691 -0.1707
Pedestrian -1 -1 -5.9665 810.3140 156.4687 875.7524 274.7299 1.7769 0.5106 0.8587 3.7366 1.4014 11.2512 -5.6583 -0.2264
Pedestrian -1 -1 -5.9733 582.6516 168.8456 603.0513 203.3005 1.7891 0.4825 0.9699 -0.4559 1.1322 37.6703 -5.9903 -0.4044
Pedestrian -1 -1 -8.0321 662.2266 173.0080 683.6390 222.6045 1.6305 0.5853 0.7359 2.3574 1.3517 24.0069 -7.9405 -0.4543
Car -1 -1 -4.6123 454.5533 167.6982 505.2058 213.4875 1.8032 1.7230 4.1392 -5.0891 1.2600 30.4125 -4.7818 -0.5150
Pedestrian -1 -1 -7.4798 395.9799 168.2783 419.7462 219.5408 1.7907 0.6391 0.5996 -6.8719 1.3292 25.4248 -7.7463 -0.6185
Pedestrian -1 -1 -2.2974 310.4542 170.3161 383.2040 282.5818 1.7948 0.5578 1.0939 -4.2956 1.6166 11.9912 -2.6403 -0.6329
Pedestrian -1 -1 -4.8525 260.9021 152.5788 281.4435 202.0389 1.9459 0.6405 0.7971 -13.2496 0.8084 28.7698 -5.2855 -0.7469
Car -1 -1 -7.8165 561.3514 172.6272 588.4834 197.3398 1.5706 1.6705 4.0492 -1.7144 1.0068 47.6821 -7.8573 -0.8455
Pedestrian -1 -1 -7.9476 393.3084 169.0586 413.1272 217.2390 1.7426 0.6504 0.5485 -7.2975 1.2930 26.3537 -8.2203 -1.0212
Pedestrian -1 -1 -2.9985 0.0000 191.4958 34.7634 344.5195 1.5544 0.4628 0.5575 -6.5000 1.6668 7.6845 -3.6898 -1.2581
Pedestrian -1 -1 -6.6344 562.3216 170.1540 573.0380 192.9455 1.8169 0.5744 0.7030 -2.6888 0.9123 57.6677 -6.6857 -1.3238
Pedestrian -1 -1 -8.1731 581.6157 167.8503 595.8864 199.4962 1.8255 0.6471 0.6833 -0.7424 1.0382 41.8669 -8.1957 -1.4413
Pedestrian -1 -1 -4.7723 1121.0276 147.1193 1170.0687 261.8688 1.7766 0.5835 0.5556 8.6621 1.2450 11.5129 -4.1434 -1.4952
Pedestrian -1 -1 -6.3553 158.3578 170.6393 174.3192 202.1557 1.7759 0.5879 0.7363 -24.7941 1.1641 40.9301 -6.9020 -1.5455
Pedestrian -1 -1 -6.5764 903.8918 149.9123 938.8595 218.9752 1.7529 0.6536 0.6598 8.2379 0.9517 18.5940 -6.1696 -1.6067
Pedestrian -1 -1 -4.7853 706.4263 161.1400 728.0347 218.7310 1.9063 0.6431 0.9729 3.8810 1.2328 24.2880 -4.6337 -1.6747
Pedestrian -1 -1 -4.7275 848.9301 159.5236 877.9235 240.1551 1.6818 0.5646 0.5834 5.5510 1.2240 15.3486 -4.3912 -1.6820
Cyclist -1 -1 -4.4823 409.5022 161.2807 430.7736 203.4398 1.9056 0.6059 1.6350 -8.4037 0.9920 33.2921 -4.7327 -1.7030
Car -1 -1 -4.5546 413.8408 160.1548 491.0677 227.0631 2.0162 1.8491 4.4055 -4.8611 1.3734 23.8888 -4.7584 -1.7353
Car -1 -1 -7.4483 124.0051 172.1213 240.2565 227.5705 1.5661 1.6275 4.1317 -12.9514 1.3017 22.4353 -7.9719 -1.7384
Pedestrian -1 -1 -4.5044 393.3371 195.0276 419.2395 259.4251 1.2829 0.4153 0.5188 -4.0280 1.5653 14.6956 -4.7729 -1.8177
Pedestrian -1 -1 -5.0492 721.4495 190.3650 743.9583 240.8612 1.1718 0.3938 0.4515 3.0689 1.3854 17.0136 -4.8788 -1.8212
Car -1 -1 -8.2564 728.7209 168.9282 811.0157 214.6951 1.5470 1.6244 3.5501 6.0222 1.1225 26.1752 -8.0376 -1.9875
Car -1 -1 -7.8844 159.7808 171.0425 194.7948 199.6994 1.6184 1.6572 3.9979 -25.2421 1.0279 42.6990 -8.4206 -1.9992
Pedestrian -1 -1 -7.8366 918.3729 156.2288 941.5060 228.2265 1.6969 0.4986 0.6192 7.8819 1.1019 17.3165 -7.4202 -2.0262
Car -1 -1 -7.8787 573.6037 168.3687 594.9012 189.8752 1.7357 1.6575 3.8874 -1.4370 0.6758 59.9581 -7.9075 -2.0542
Car -1 -1 -7.3989 575.0063 172.4659 623.5333 197.1622 1.5562 1.6204 4.0116 -0.0867 0.9870 47.4238 -7.4056 -2.1529
Car -1 -1 -2.1143 0.0000 194.8356 46.8759 372.0726 1.5011 1.6368 3.9212 -8.2103 1.6627 7.4669 -2.9354 -2.1542
Pedestrian -1 -1 -4.0267 677.9297 173.8850 707.4081 231.4178 1.6210 0.5801 0.6210 2.5927 1.4069 20.6635 -3.9087 -2.1682
Cyclist -1 -1 -7.7315 578.6441 172.0289 587.4573 197.8439 1.6492 0.3776 1.7079 -1.1855 1.0442 46.7585 -7.7617 -2.1940
