Pedestrian -1 -1 -7.4193 175.3010 165.4501 300.9482 373.0000 1.7676 0.6622 0.9840 -3.3100 1.6336 6.5273 -7.8791 2.1907
Pedestrian -1 -1 -8.4090 745.0642 166.2236 863.2098 373.0000 1.6739 0.5832 0.7740 1.5535 1.5615 5.7765 -8.1638 1.5137
Pedestrian -1 -1 -8.8283 783.0383 173.8528 832.0972 254.5493 1.6815 0.5871 0.8292 4.3969 1.5228 15.4745 -8.5613 1.1053
Pedestrian -1 -1 -7.8813 1032.0063 161.4348 1104.0323 328.4370 1.6710 0.6015 0.8090 4.9177 1.4709 7.6879 -7.3332 0.8310
Pedestrian -1 -1 -6.0644 643.1095 175.1723 656.6641 198.8400 1.8458 0.5341 0.9712 3.8263 1.3522 56.4117 -6.0020 0.7180
Pedestrian -1 -1 -3.9452 896.9133 168.0296 934.8179 235.5975 1.6744 0.6240 0.6207 7.9309 1.3411 18.2096 -3.5449 0.6911
Pedestrian -1 -1 -7.8616 832.3785 162.7290 924.4330 373.0000 1.6911 0.6469 0.9256 2.1736 1.5533 5.8468 -7.5262 0.6831
Pedestrian -1 -1 -8.0046 768.1172 172.4289 802.1860 248.2745 1.7158 0.6679 0.6340 4.1985 1.5112 16.5959 -7.7660 0.3321
Pedestrian -1 -1 -2.4870 368.8152 182.7543 424.0538 267.1298 1.6343 0.5875 0.8879 -4.1353 1.6607 14.3617 -2.7682 0.2977
Pedestrian -1 -1 -7.8129 863.8700 165.8176 881.1769 208.4511 1.7530 0.6573 0.5415 11.2714 1.1085 29.9120 -7.4605 0.1017
Car -1 -1 -4.6664 607.2186 173.4534 632.3890 200.1300 1.8615 1.6662 4.0736 1.3839 1.3000 52.2143 -4.6451 -0.0361
Pedestrian -1 -1 -4.5821 585.5217 175.0878 602.9253 214.5521 1.8549 0.7165 0.9700 -0.3509 1.5537 34.2856 -4.5974 -0.1491
Car -1 -1 -4.6106 535.7627 172.7776 586.1668 218.0720 1.9311 1.8852 4.3703 -1.7896 1.5595 32.8490 -4.6698 -0.2429
Pedestrian -1 -1 -7.5361 485.4003 179.6384 510.5622 226.4363 1.7395 0.6918 0.9300 -3.9353 1.6707 27.2183 -7.6836 -0.2487
Pedestrian -1 -1 -7.3620 489.1211 175.6036 514.8717 223.5562 1.8621 0.6425 0.9469 -3.9528 1.6335 28.4495 -7.5040 -0.3861
Pedestrian -1 -1 -8.0783 1134.9829 154.3664 1173.8881 225.2284 1.7647 0.6516 0.6443 14.0529 1.0895 18.3152 -7.4358 -0.5131
Pedestrian -1 -1 -7.1654 840.5094 158.8539 880.8916 222.7316 1.9149 0.6617 1.0400 7.9417 1.2365 22.0871 -6.8292 -0.6874
Pedestrian -1 -1 -8.0651 691.8701 173.8929 704.2171 203.3593 1.8421 0.6316 0.7147 6.0922 1.3666 45.2898 -7.9372 -0.9003
Pedestrian -1 -1 -8.0697 200.6246 180.5432 218.9995 220.9653 1.7590 0.6004 0.5790 -17.2847 1.7177 31.6749 -8.5709 -1.0334
Pedestrian -1 -1 -5.9865 657.5107 175.8214 674.1505 204.0346 1.7960 0.4605 0.9730 4.1403 1.4346 46.1226 -5.9025 -1.0582
Pedestrian -1 -1 -7.8910 602.1238 179.6543 614.5751 215.9578 1.6540 0.5387 0.8203 0.3019 1.5701 33.1456 -7.8872 -1.0957
Car -1 -1 -2.7764 611.8087 179.7914 665.5135 200.0909 1.5193 1.6199 3.7990 2.8818 1.3913 55.2652 -2.7296 -1.1032
Car -1 -1 -7.8626 652.3367 172.7803 669.8070 189.3972 1.5357 1.5992 3.7701 5.6864 0.7296 68.3250 -7.7848 -1.1732
Pedestrian -1 -1 -4.6464 601.4708 178.1017 615.8606 214.9818 1.7253 0.6385 0.7387 0.3332 1.5666 33.9963 -4.6419 -1.3299
Car -1 -1 -3.3987 1040.5972 166.9508 1196.5802 217.9427 1.4852 1.5695 3.6352 15.8655 1.0619 22.2838 -2.7906 -1.3414
Pedestrian -1 -1 -5.8960 0.0000 172.4699 64.7545 331.5365 1.7990 0.6044 0.6813 -6.9371 1.6976 8.5107 -6.5707 -1.3519
Pedestrian -1 -1 -6.8911 986.8956 166.8608 1021.2231 228.0870 1.6002 0.5478 0.5853 10.6532 1.2181 19.0780 -6.3928 -1.3871
Car -1 -1 -4.5573 151.2766 190.2347 288.9987 288.6455 1.4794 1.6348 3.8268 -6.8717 1.6662 13.2399 -5.0336 -1.4070
Pedestrian -1 -1 -7.0173 444.0714 181.1909 465.9454 225.3412 1.7604 0.6815 0.5525 -5.9443 1.7484 29.0665 -7.2226 -1.6200
Car -1 -1 -5.9376 188.9169 192.3894 377.7519 261.0521 1.4751 1.5697 3.6836 -7.2807 1.7414 16.6251 -6.3501 -1.6809
Pedestrian -1 -1 -7.5624 698.0399 172.9423 711.2780 200.7723 1.9065 0.7918 0.5158 7.1395 1.3202 49.6077 -7.4252 -1.6842
Pedestrian -1 -1 -7.4596 425.2894 161.6503 440.9203 194.6056 1.9612 0.7449 0.5907 -10.0965 0.7800 43.1003 -7.6933 -1.7869
Car -1 -1 -3.7887 296.4941 176.0895 395.5285 213.8481 1.5730 1.6370 3.9847 -11.3243 1.3479 32.0403 -4.1309 -1.8441
Car -1 -1 -4.8020 252.7106 182.8396 287.9762 209.2090 1.5109 1.5835 3.8359 -20.0433 1.5957 43.4214 -5.2372 -1.9355
Car -1 -1 -3.8535 327.7484 187.0762 424.2602 225.8832 1.4651 1.5658 3.6769 -9.2499 1.7110 29.6617 -4.1586 -1.9437
Pedestrian -1 -1 -8.5491 709.2866 173.9270 719.8813 203.2090 1.8485 0.5371 0.3948 7.1955 1.3705 45.6539 -8.3988 -1.9626
Car -1 -1 -4.6639 334.6450 181.6548 358.3182 202.3521 1.5457 1.5680 3.6587 -19.6999 1.5579 55.6504 -5.0077 -2.0088
Cyclist -1 -1 -3.7583 170.2985 188.0809 244.0341 261.3098 1.7026 0.6001 1.5247 -9.7036 1.8725 17.6653 -4.2598 -2.0093
Pedestrian -1 -1 -8.0691 1125.5850 145.1534 1154.2689 199.5713 1.8790 0.6796 0.6380 18.8818 0.6244 25.2329 -7.4366 -2.0385
Pedestrian -1 -1 -8.4252 681.2792 178.3843 702.6005 220.7982 1.6898 0.6222 0.6100 3.6357 1.5660 29.0289 -8.3069 -2.1165
Cyclist -1 -1 -7.7661 862.0282 169.3174 879.8838 215.0603 1.6479 0.4873 1.7640 10.0334 1.2094 26.7796 -7.4160 -2.1189
Car -1 -1 -4.8786 867.8846 170.5502 933.0606 213.8788 1.4694 1.5698 3.6929 10.8493 1.0985 26.3334 -4.4964 -2.1538
Cyclist -1 -1 -4.9179 1141.6788 144.6917 1171.1218 191.6110 1.7814 0.5957 1.5294 21.6654 0.3843 28.0922 -4.2704 -2.1952
