Pedestrian -1 -1 -7.9601 1003.4966 166.1267 1071.6625 310.4249 1.6194 0.5973 0.7502 5.1046 1.4476 8.5251 -7.4396 1.8552
Pedestrian -1 -1 -3.7208 898.2834 163.7695 931.4419 231.1174 1.7500 0.5962 0.5677 8.2546 1.2898 19.0098 -3.3214 1.1954
Pedestrian -1 -1 -6.6068 493.9714 177.8373 519.3298 223.1668 1.7280 0.5611 0.8373 -3.6936 1.5888 27.8209 -6.7428 0.6968
Pedestrian -1 -1 -8.3061 744.5831 167.2610 848.4183 373.0000 1.6235 0.5879 0.6396 1.5202 1.5155 5.8615 -8.0692 0.5905
Pedestrian -1 -1 -7.5829 205.1555 162.4659 308.9397 371.0331 1.7971 0.6666 0.8283 -3.2088 1.6338 6.6540 -8.0235 0.4906
Pedestrian -1 -1 -8.3591 777.4108 172.1259 816.2707 244.5427 1.6400 0.6407 0.6307 4.4864 1.4283 16.6535 -8.1053 0.2048
Pedestrian -1 -1 -3.0216 406.5581 176.6482 438.6756 257.7564 1.6942 0.6675 0.5945 -3.8584 1.5934 15.3737 -3.2690 0.1798
Pedestrian -1 -1 -3.5715 501.3163 176.6013 526.6627 221.3208 1.7659 0.5759 0.8460 -3.5304 1.5728 28.8335 -3.6975 0.1380
Pedestrian -1 -1 -4.6906 602.3132 176.5850 615.6031 212.7906 1.7918 0.6531 0.8534 0.3712 1.5488 35.9863 -4.6855 -0.0306
Pedestrian -1 -1 -8.1024 821.9474 169.3155 929.3854 373.0000 1.6118 0.6750 0.6047 2.1537 1.5190 5.8462 -7.7698 -0.0656
Pedestrian -1 -1 -7.9806 701.3575 172.3043 713.2459 200.6828 1.8381 0.6806 0.6965 6.9126 1.2425 46.8810 -7.8401 -0.2577
Pedestrian -1 -1 -6.3966 871.2275 163.9053 888.8397 204.5415 1.7125 0.6711 0.6231 11.8741 0.9713 30.6733 -6.0352 -0.3944
Pedestrian -1 -1 -8.6251 805.1331 171.9453 842.1432 247.7468 1.6359 0.5972 0.5067 4.8667 1.4303 15.8658 -8.3374 -0.4115
Car -1 -1 -4.8137 620.3957 173.7777 647.6509 197.0985 1.7320 1.6672 4.1081 2.4965 1.1584 55.4525 -4.7740 -0.4347
Pedestrian -1 -1 -5.9195 655.2782 173.2182 668.5220 196.1621 1.7904 0.5094 0.9173 4.7749 1.1440 56.4816 -5.8405 -0.4665
Pedestrian -1 -1 -7.6269 611.9655 179.0692 626.7941 213.5664 1.6511 0.5581 0.7982 0.8623 1.5350 34.8350 -7.6075 -0.6035
Car -1 -1 -4.6059 551.4625 170.2626 599.6357 217.2662 2.0670 1.8149 4.6198 -1.1609 1.5731 33.9553 -4.6450 -0.6426
Pedestrian -1 -1 -8.7328 669.1327 172.8690 686.1409 200.7018 1.8030 0.4411 1.0705 4.9970 1.2439 47.0684 -8.6327 -0.6981
Pedestrian -1 -1 -4.8668 995.1670 166.5744 1025.8005 233.8287 1.6148 0.5537 0.6396 10.0018 1.2570 17.6428 -4.3626 -0.7493
Pedestrian -1 -1 -7.9062 466.2427 175.0461 483.0415 220.3757 1.8651 0.6469 0.7846 -5.3192 1.5999 30.0118 -8.0853 -0.7893
Pedestrian -1 -1 -7.9522 227.2582 182.8250 243.8314 222.4547 1.7842 0.5983 0.7970 -16.7593 1.8460 32.8711 -8.4257 -0.8964
Pedestrian -1 -1 -4.2761 433.6413 159.9362 450.7511 196.7346 2.0082 0.6332 0.8316 -8.7951 0.8315 39.6746 -4.4978 -1.0141
Pedestrian -1 -1 -7.7089 616.9521 179.1551 630.9855 213.1022 1.6584 0.5978 0.7356 1.1066 1.5441 35.5059 -7.6832 -1.0840
Car -1 -1 -4.9155 870.5749 171.0148 938.3823 212.5289 1.4511 1.5762 3.8096 11.3261 1.0850 27.1263 -4.5285 -1.5626
Pedestrian -1 -1 -5.0636 208.2735 177.5132 230.2880 218.9004 1.9618 0.7878 0.5647 -18.3808 1.7730 34.5314 -5.5547 -1.6281
Pedestrian -1 -1 -7.9826 849.0311 159.8864 875.5461 222.3557 1.9011 0.6583 0.8841 8.0816 1.2438 22.3615 -7.6447 -1.6389
Car -1 -1 -4.3902 342.3753 163.2429 394.1441 195.9527 1.7369 1.6214 3.8503 -12.9426 0.7676 40.0739 -4.7056 -1.6501
Car -1 -1 -7.2754 328.1312 176.4161 406.4193 212.4295 1.5736 1.6013 3.9040 -10.8356 1.3518 33.4804 -7.5912 -1.6812
Cyclist -1 -1 -7.9121 672.6605 177.1889 678.7739 200.5019 1.6471 0.3350 1.5710 5.3398 1.3425 51.5433 -7.8145 -1.7642
Pedestrian -1 -1 -8.0008 1056.0237 159.4483 1088.7734 222.5104 1.7360 0.6761 0.6412 13.2049 1.1294 20.2054 -7.4330 -1.8179
Pedestrian -1 -1 -6.2389 1087.9587 136.9185 1201.8284 340.5638 1.8177 0.4917 0.8428 5.1252 1.4205 6.8648 -5.6212 -1.9160
Pedestrian -1 -1 -4.1581 1126.5869 131.1878 1237.0000 361.0096 1.8235 0.5435 0.8643 4.9858 1.4250 6.1054 -3.4997 -1.9365
Pedestrian -1 -1 -7.2339 791.6162 158.2030 811.0100 199.9296 1.9241 0.6056 0.6565 9.3267 0.8501 33.5671 -6.9698 -2.0704
Car -1 -1 -7.7982 220.3440 186.1363 298.1759 253.7712 1.4988 1.5717 3.4703 -8.5459 1.6283 18.0822 -8.2395 -2.1204
Pedestrian -1 -1 -5.6577 401.2935 177.9802 410.9394 197.2641 1.7531 0.6853 0.5573 -17.8347 1.4328 65.7212 -5.9267 -2.1468
