Pedestrian -1 -1 -8.0584 720.9224 168.9411 754.9500 244.2664 1.6844 0.5973 0.8565 3.0875 1.4041 16.4998 -7.8817 1.8255
Pedestrian -1 -1 -2.5878 594.5590 167.8568 651.6431 261.3047 1.7879 0.5711 0.9773 0.3875 1.5275 14.2489 -2.5667 1.6800
Pedestrian -1 -1 -7.7047 433.2979 177.0845 455.7018 225.9680 1.7298 0.6632 0.9280 -5.6763 1.5740 25.9056 -7.9236 1.3551
Pedestrian -1 -1 -8.2863 843.4866 158.3483 964.8230 371.9042 1.7213 0.6356 0.9045 2.5498 1.5354 6.2622 -7.9200 1.0978
Pedestrian -1 -1 -7.7188 187.9801 167.0868 285.1969 366.3673 1.8018 0.7197 1.0248 -3.6149 1.6722 7.0958 -8.1816 0.7193
Pedestrian -1 -1 -8.0840 759.9500 162.3083 855.5817 372.5042 1.7062 0.5946 0.8894 1.7215 1.5511 6.2816 -7.8332 0.6789
Pedestrian -1 -1 -3.7364 917.2346 160.6330 960.1606 248.4334 1.7230 0.6092 0.5265 6.7320 1.3141 14.4418 -3.3125 0.5187
Pedestrian -1 -1 -3.5987 1126.4324 147.8453 1193.4524 257.5344 1.7259 0.6705 0.6218 9.0253 1.1970 11.6891 -2.9572 0.4566
Pedestrian -1 -1 -3.2899 1059.2850 147.1430 1150.2633 270.4545 1.7842 0.5532 1.0478 7.5389 1.2877 10.8677 -2.6999 0.3519
Pedestrian -1 -1 -7.9137 850.9866 159.6238 871.5082 210.0095 1.8139 0.6632 0.6178 9.4646 1.0268 26.2488 -7.5758 0.2390
Pedestrian -1 -1 -4.1972 511.1530 172.8074 537.1687 224.5935 1.8091 0.6027 0.8110 -2.7724 1.5058 25.5854 -4.3093 0.1623
Cyclist -1 -1 -4.3281 523.0125 175.5919 557.0251 226.6895 1.7076 0.5348 1.8443 -2.1411 1.5106 24.9659 -4.4180 -0.1574
Pedestrian -1 -1 -7.2785 421.1497 174.6345 452.4557 223.4556 1.7920 0.6781 1.0664 -6.1984 1.5404 26.9831 -7.5075 -0.3399
Pedestrian -1 -1 -5.4941 348.8364 164.5341 370.1685 200.1349 1.8567 0.5310 0.9786 -12.7776 0.9721 37.9195 -5.8220 -0.5250
Pedestrian -1 -1 -3.0583 459.0529 173.2598 468.7823 200.5717 1.8265 0.6942 0.5919 -9.2576 1.2754 48.4157 -3.2513 -0.6587
Pedestrian -1 -1 -4.6971 681.1832 175.2898 697.2092 216.7999 1.6098 0.6177 0.8661 3.4428 1.3693 28.3276 -4.5824 -0.7023
Pedestrian -1 -1 -5.8191 325.4751 164.6615 336.0028 209.8095 1.8487 0.4333 0.2392 -11.1876 1.1596 29.6422 -6.1822 -0.8094
Pedestrian -1 -1 -5.5826 1190.7729 144.8839 1237.0000 232.0327 1.7443 0.6229 0.8793 12.8486 1.0120 14.8639 -4.8835 -0.9049
Pedestrian -1 -1 -6.5712 196.5493 173.6302 253.2029 307.8301 1.7591 0.7276 0.5026 -5.2157 1.6566 9.8523 -7.0530 -0.9338
Car -1 -1 -4.5323 393.5229 175.9871 436.2307 205.1890 1.4630 1.5659 3.6302 -9.7831 1.1870 37.8573 -4.7885 -0.9781
Car -1 -1 -4.4156 501.6879 168.6419 555.3423 206.5995 1.9295 1.7411 4.2040 -3.8679 1.2761 38.7455 -4.5195 -1.0185
Pedestrian -1 -1 -5.4286 935.9995 174.7303 1052.7886 357.9070 1.5664 0.6283 0.6971 3.5135 1.5092 6.5574 -4.9590 -1.0773
Pedestrian -1 -1 -5.7817 613.9158 169.8236 630.7846 201.9996 1.8603 0.6914 0.7476 1.2239 1.1853 42.0178 -5.7578 -1.1107
Pedestrian -1 -1 -6.2123 700.4789 168.2253 708.8561 203.6754 1.8129 0.5684 0.3925 5.3184 1.1342 37.0538 -6.0758 -1.2416
Car -1 -1 -7.9378 600.6649 168.8446 623.6053 189.1224 1.7593 1.7023 3.9989 0.9599 0.6611 64.3784 -7.9279 -1.3512
Pedestrian -1 -1 -4.8883 764.3672 167.1529 785.1879 214.9350 1.7545 0.6299 0.7293 6.4284 1.2281 26.7575 -4.6599 -1.3639
Pedestrian -1 -1 -7.4072 10.7798 187.6301 44.5644 235.8016 1.7810 0.7160 0.8189 -21.7054 2.0173 27.1606 -8.0819 -1.3761
Car -1 -1 -4.1181 205.4337 175.1206 292.4254 211.1662 1.5557 1.6333 4.0173 -16.1458 1.2807 33.1054 -4.5737 -1.3825
Pedestrian -1 -1 -6.1509 550.8727 175.6421 557.9471 195.5206 1.8437 0.6795 0.5771 -4.3477 1.3001 66.9817 -6.2205 -1.4171
Pedestrian -1 -1 -4.5727 58.5560 189.7170 80.8432 240.2786 1.8014 0.5814 0.5485 -19.3356 2.1047 26.0965 -5.2109 -1.5768
Car -1 -1 -4.5701 465.1129 165.3061 528.2985 221.3176 2.0249 1.8668 4.3190 -4.0274 1.4399 28.1325 -4.7162 -1.7227
Car -1 -1 -8.1459 595.0726 172.0414 637.7024 201.1305 1.6957 1.5955 3.6511 0.8690 1.1445 43.8490 -8.1312 -1.7828
Pedestrian -1 -1 -7.8097 676.0125 174.6401 692.4117 218.4484 1.6208 0.5881 0.6452 3.0848 1.3673 26.9394 -7.7020 -1.8068
Pedestrian -1 -1 -4.5900 714.1440 169.6507 732.4839 213.8661 1.7357 0.6429 0.7210 4.8414 1.2709 28.6346 -4.4291 -1.8158
Pedestrian -1 -1 -4.1280 328.2355 162.8767 346.5685 198.8742 1.8816 0.6389 0.6846 -13.9540 0.9084 37.9545 -4.4830 -1.9091
Cyclist -1 -1 -4.4728 44.1697 187.0484 73.3671 231.5696 1.6838 0.5681 1.5402 -21.3007 1.9082 28.1904 -5.1206 -1.9109
Car -1 -1 -4.8545 561.2213 173.6544 586.5745 191.6787 1.4744 1.5794 3.9484 -2.3375 0.8325 60.8458 -4.8977 -1.9500
Pedestrian -1 -1 -6.8055 1171.6688 153.0666 1233.9283 244.7973 1.6238 0.5824 0.6616 10.8720 1.1211 13.0556 -6.1261 -1.9630
Car -1 -1 -1.9309 21.9316 163.7650 92.6314 197.0992 1.7033 1.6764 4.0996 -29.1929 0.7973 38.5050 -2.5812 -1.9877
Pedestrian -1 -1 -7.7185 1204.9680 140.4223 1237.0000 209.8533 1.8016 0.6792 0.5713 16.4900 0.7362 19.0833 -7.0176 -2.0167
Car -1 -1 -4.2327 600.2017 172.9713 644.0462 193.1900 1.5194 1.6700 4.2613 1.6846 0.8784 56.2507 -4.2079 -2.0536
Pedestrian -1 -1 -7.1946 1182.5768 145.5137 1219.3217 220.0878 1.7637 0.5412 0.4099 14.3951 0.9131 17.2989 -6.5131 -2.0546
Car -1 -1 -5.3347 156.9782 187.2177 233.5407 216.2445 1.5476 1.6847 4.0965 -22.9410 1.8835 40.5583 -5.8519 -2.0805
Cyclist -1 -1 -7.3234 268.8909 183.0763 306.2844 234.5224 1.6721 0.4062 1.5981 -10.5864 1.7275 24.2150 -7.7369 -2.0972
Car -1 -1 -6.8114 813.7349 166.0597 937.6353 211.0692 1.5622 1.6968 3.8847 9.8990 1.0267 26.1036 -6.4573 -2.1126
Pedestrian -1 -1 -6.6711 595.1701 170.5136 608.0092 193.6134 1.8114 0.5837 0.8561 0.0320 0.9498 56.7637 -6.6755 -2.1676
Pedestrian -1 -1 -4.4635 362.5826 175.9531 385.3931 230.1564 1.8114 0.6148 0.5776 -7.7198 1.6264 24.3126 -4.7732 -2.1853
Car -1 -1 -3.8382 0.0000 202.0295 114.0807 326.9056 1.3913 1.5514 3.6912 -9.4300 1.7499 10.5839 -4.5593 -2.1936
