Pedestrian -1 -1 -8.1296 724.5487 168.8457 763.0322 246.5003 1.7277 0.6416 0.8757 3.2105 1.4467 16.4470 -7.9452 1.2061
Pedestrian -1 -1 -7.9353 430.6996 174.9681 451.0086 223.2748 1.7876 0.6705 0.9310 -6.0914 1.5463 27.1267 -8.1593 1.0792
Pedestrian -1 -1 -3.2248 1123.2615 156.4262 1200.8889 267.2832 1.6673 0.4982 0.9113 8.7157 1.2909 11.2570 -2.5824 0.9006
Pedestrian -1 -1 -2.8590 646.5737 169.8145 703.6427 258.2376 1.7585 0.5277 1.0610 1.4718 1.5267 14.7256 -2.7667 0.7908
Pedestrian -1 -1 -7.7693 442.9414 174.2691 464.7468 225.3062 1.8207 0.7164 0.7642 -5.3696 1.5631 26.0484 -7.9759 0.7247
Pedestrian -1 -1 -8.2613 759.4003 162.0816 870.0333 373.0000 1.6963 0.6114 0.8057 1.7211 1.5450 6.0674 -8.0022 0.5669
Pedestrian -1 -1 -2.6956 246.1453 177.5308 302.4751 291.4167 1.6903 0.6256 0.5701 -5.0341 1.6321 10.9800 -3.1223 0.5151
Pedestrian -1 -1 -4.0895 895.7726 159.2927 944.7913 243.5883 1.7533 0.6289 0.7782 6.7989 1.2920 15.4115 -3.6856 0.4862
Pedestrian -1 -1 -8.0485 851.4242 152.4296 961.3538 373.0000 1.7606 0.6790 0.8530 2.4885 1.5349 6.0732 -7.6805 0.3990
Pedestrian -1 -1 -3.5161 1118.8923 145.4435 1181.9078 254.8475 1.8603 0.6784 0.6707 9.5892 1.2478 12.6285 -2.8818 0.0287
Pedestrian -1 -1 -7.6354 173.0366 168.2968 276.5504 373.0000 1.7748 0.6380 1.0571 -3.5343 1.6629 6.7225 -8.1100 -0.1171
Pedestrian -1 -1 -3.3142 597.3657 172.2460 610.6093 194.8265 1.7662 0.4782 0.9723 0.2197 1.0423 56.5072 -3.3153 -0.2491
Cyclist -1 -1 -4.8288 679.1555 175.5481 697.5415 216.2010 1.6240 0.5643 1.5100 3.5347 1.3865 29.4511 -4.7156 -0.3290
Pedestrian -1 -1 -6.7666 527.4131 173.1695 555.9920 221.3281 1.8327 0.5989 0.9317 -2.3365 1.5161 27.8410 -6.8547 -0.5814
Pedestrian -1 -1 -6.4008 1160.6787 146.2241 1213.7095 228.5731 1.7679 0.5986 0.8365 12.9058 1.0112 15.8959 -5.7320 -0.6994
Pedestrian -1 -1 -8.0027 841.1528 160.5801 864.6111 208.1452 1.7735 0.7413 0.6653 9.4844 0.9939 27.1773 -7.6749 -0.8038
Cyclist -1 -1 -7.9385 368.8640 167.3185 378.4590 198.9754 1.6891 0.3568 1.6088 -12.4195 0.9326 39.1380 -8.2488 -0.8960
Car -1 -1 -4.2991 513.7820 170.9295 567.1104 205.6612 1.8961 1.6391 3.9089 -3.4518 1.3192 41.3296 -4.3869 -1.1649
Cyclist -1 -1 -7.4014 700.7187 178.7691 733.4458 225.3500 1.5615 0.4219 1.7212 3.9977 1.4704 24.9080 -7.2491 -1.3208
Pedestrian -1 -1 -7.4566 246.1436 189.5349 272.6245 243.6054 1.6487 0.5878 0.5167 -10.6226 1.9012 22.2567 -7.9028 -1.3268
Pedestrian -1 -1 -4.0666 340.9263 162.3031 358.2288 196.9644 1.8702 0.6779 0.5797 -13.7246 0.8346 39.1364 -4.4067 -1.3552
Pedestrian -1 -1 -7.6202 674.4451 169.4940 689.4600 204.1556 1.8548 0.6763 0.6595 4.3527 1.2125 38.8619 -7.5144 -1.3725
Cyclist -1 -1 -4.2344 538.7537 176.3314 571.0681 222.3618 1.6830 0.5277 1.6456 -1.7645 1.4944 27.1238 -4.3040 -1.4129
Car -1 -1 -4.1568 228.5298 165.3450 302.1835 203.1278 1.8717 1.6620 3.9636 -17.5266 1.0716 37.6512 -4.5948 -1.4532
Cyclist -1 -1 -5.7500 136.3905 195.7564 196.3544 247.7150 1.6701 0.5579 1.6226 -14.2707 2.1434 23.5367 -6.2955 -1.4787
Car -1 -1 -3.0735 570.9987 171.2175 619.5124 188.5610 1.5348 1.6710 4.2611 -0.4989 0.6246 64.5208 -3.0861 -1.5333
Pedestrian -1 -1 -7.6938 760.5328 168.9333 779.5483 214.1922 1.7120 0.6178 0.6661 6.4582 1.2370 27.5965 -7.4711 -1.5356
Pedestrian -1 -1 -2.7273 614.5335 171.7412 631.7672 201.4671 1.7713 0.4261 0.9443 1.3067 1.1899 43.1980 -2.7023 -1.5472
Pedestrian -1 -1 -8.4026 667.2527 167.1954 682.0643 199.2457 1.8951 0.6862 0.5620 4.3702 1.0494 42.8778 -8.3067 -1.6483
Pedestrian -1 -1 -3.7294 344.2375 176.1155 368.9532 221.2085 1.7801 0.6333 0.7060 -9.8449 1.5679 28.8298 -4.0609 -1.6543
Car -1 -1 -4.7384 607.7104 174.2961 631.1304 195.4314 1.5265 1.6244 4.0910 1.3337 1.0062 53.9336 -4.7187 -1.7123
Car -1 -1 -4.7000 595.6078 172.3793 615.0760 192.9249 1.6647 1.5777 3.6171 0.3637 0.9255 60.0209 -4.6989 -1.8007
Pedestrian -1 -1 -3.5648 709.1478 173.0656 732.3120 215.1978 1.7234 0.6458 0.7457 4.9258 1.3788 29.7935 -3.4076 -1.8575
Pedestrian -1 -1 -7.4009 346.8364 159.8349 367.8427 201.3201 1.9805 0.6925 0.7785 -11.8050 0.9464 34.7216 -7.7313 -1.8760
Pedestrian -1 -1 -5.3703 611.1965 172.3444 626.3082 200.2378 1.8140 0.6647 0.7618 1.1440 1.2186 47.2206 -5.3513 -1.8799
Pedestrian -1 -1 -5.1038 1022.6973 180.5954 1055.0212 245.8248 1.2704 0.3807 0.4998 8.6384 1.2533 14.2637 -4.5726 -1.9091
Cyclist -1 -1 -7.8592 83.2382 185.8968 94.9235 227.4663 1.6507 0.3778 1.6716 -21.0500 1.8363 29.4795 -8.4803 -1.9502
Cyclist -1 -1 -7.3558 682.2716 178.4853 716.2581 223.8820 1.5677 0.4631 1.6847 3.4782 1.4640 25.6253 -7.2275 -1.9737
Car -1 -1 -3.5440 0.0000 164.1068 46.9625 199.4267 1.6219 1.6690 3.8972 -29.7792 0.8235 35.1026 -4.2488 -1.9883
Car -1 -1 -7.8442 655.3384 164.2131 681.2387 191.4627 1.7672 1.6752 3.8702 4.5360 0.6461 48.5927 -7.7565 -2.0155
Car -1 -1 -2.0309 78.5737 186.6386 170.4091 227.6748 1.5318 1.6305 3.6125 -19.1707 1.7498 28.8245 -2.6188 -2.0219
Car -1 -1 -8.0443 282.2600 183.0886 352.3958 229.7527 1.5724 1.6657 3.9492 -10.5470 1.6359 26.4584 -8.4255 -2.0598
Cyclist -1 -1 -5.6967 1108.5847 193.0090 1237.0000 373.0000 1.5385 0.5330 1.4199 4.2711 1.6294 4.8702 -5.0088 -2.0782
Cyclist -1 -1 -7.1449 129.5603 182.9877 231.2732 289.4703 1.6230 0.4639 1.6766 -6.9284 1.6499 11.8393 -7.6705 -2.0982
Car -1 -1 -4.5681 483.9026 166.8356 540.3705 219.5057 2.0115 1.7239 4.2873 -3.6141 1.4518 29.5932 -4.6937 -2.1012
Car -1 -1 -6.7681 814.2485 166.1066 932.0868 207.5116 1.5113 1.7151 3.8370 10.2659 0.9498 27.3258 -6.4169 -2.1213
Pedestrian -1 -1 -7.7172 465.2269 177.4422 477.1671 204.0348 1.7946 0.7314 0.5549 -8.8311 1.5208 48.7717 -7.9004 -2.1257
Car -1 -1 -7.3981 948.7774 206.2245 1237.0000 373.0000 1.3883 1.5481 3.9291 4.0688 1.5823 4.1701 -6.6617 -2.1907
