Pedestrian -1 -1 -8.3233 798.6514 156.1431 895.5718 324.9064 1.7719 0.6700 0.9221 2.6765 1.5064 8.0516 -8.0178 2.1556
Car -1 -1 -4.7159 523.2480 171.0340 559.5116 201.6371 1.5590 1.8456 4.1665 -3.2642 1.0261 38.7539 -4.8043 1.5726
Pedestrian -1 -1 -2.3272 274.3625 165.4179 354.7825 281.6050 1.8341 0.6251 1.1340 -4.7789 1.5809 11.8614 -2.7083 1.3835
Pedestrian -1 -1 -3.4505 1060.0638 145.5182 1168.4440 311.4203 1.8069 0.6134 0.8564 5.8001 1.4157 8.2383 -2.8574 1.3803
Pedestrian -1 -1 -4.4926 365.1996 171.3091 403.6068 255.8949 1.7291 0.6723 0.5115 -4.5539 1.5213 14.9645 -4.7886 1.3616
Pedestrian -1 -1 -7.1688 226.5603 166.7023 265.1737 233.9789 1.8905 0.5881 0.8558 -10.2529 1.4752 20.6681 -7.6296 1.2425
Pedestrian -1 -1 -5.3971 792.0229 161.9092 858.2651 274.2972 1.6992 0.6318 0.7998 3.4784 1.4036 11.3516 -5.1117 1.0591
Pedestrian -1 -1 -9.2380 1108.4211 143.3399 1206.1139 290.8628 1.7997 0.5819 0.9170 7.1361 1.3348 9.2971 -8.6022 0.9085
Pedestrian -1 -1 -8.5104 622.3738 167.0443 663.7958 242.1418 1.7314 0.6085 0.8157 0.9480 1.3987 17.0704 -8.4612 0.8921
Pedestrian -1 -1 -8.3331 716.2076 170.1384 799.3408 329.6902 1.6343 0.6070 0.7252 1.6299 1.5186 7.7914 -8.1395 0.5217
Cyclist -1 -1 -4.9434 658.9149 174.2836 684.6144 222.3806 1.5349 0.5167 1.4313 2.2777 1.3050 23.6682 -4.8537 0.2181
Cyclist -1 -1 -8.0696 281.0364 179.5826 313.2197 240.7587 1.5801 0.4274 1.7616 -8.2633 1.5311 19.3952 -8.4729 0.1976
Pedestrian -1 -1 -7.2813 385.8363 165.3255 414.0688 216.0822 1.8252 0.6162 0.8882 -7.4068 1.2440 26.3463 -7.5579 0.1852
Pedestrian -1 -1 -4.1737 395.7109 171.6112 438.3177 257.3004 1.7160 0.6629 0.5431 -3.8194 1.5185 14.7387 -4.4285 0.0027
Pedestrian -1 -1 -3.8221 1014.2747 153.7965 1089.7340 283.4462 1.7336 0.7019 0.5701 6.2044 1.3638 9.9929 -3.2835 -0.0094
Car -1 -1 -3.7826 74.5965 179.8629 170.4854 212.3002 1.4928 1.5563 3.7020 -23.2876 1.4177 35.0633 -4.3704 -0.8734
Pedestrian -1 -1 -7.3998 394.0945 164.5638 418.4466 216.7274 1.8204 0.6286 0.6122 -6.9292 1.2298 25.4274 -7.6683 -0.9364
Cyclist -1 -1 -7.8089 352.9846 172.8376 364.3084 217.7490 1.6157 0.3348 1.5444 -9.0177 1.3045 26.6304 -8.1376 -1.1812
Pedestrian -1 -1 -7.8631 254.5193 157.2544 272.7207 205.4848 1.8737 0.6423 0.5704 -13.3325 0.9321 28.3032 -8.3048 -1.2124
Pedestrian -1 -1 -6.1952 579.2018 168.7090 598.8468 202.1383 1.7299 0.5279 0.9848 -0.6516 1.0682 37.4674 -6.2174 -1.3045
Pedestrian -1 -1 -8.2762 558.3591 167.9116 568.7399 190.3816 1.7901 0.5582 0.7828 -3.0229 0.7074 57.7043 -8.3332 -1.5787
Pedestrian -1 -1 -5.8627 1069.4249 163.2328 1143.8611 296.8901 1.5968 0.4705 0.6269 6.2541 1.3792 8.9724 -5.2730 -1.6243
Pedestrian -1 -1 -5.9822 503.7940 170.0981 515.9763 191.0231 1.7977 0.4823 0.9442 -7.8762 0.8179 62.0324 -6.1129 -1.7340
Car -1 -1 -7.8591 573.5161 167.9886 594.4630 188.6941 1.6588 1.6786 4.1502 -1.4469 0.5762 59.6497 -7.8882 -1.7498
Cyclist -1 -1 -4.6822 244.6133 158.1182 264.1245 208.8443 1.8703 0.6236 1.7095 -13.2444 1.0086 27.3923 -5.1338 -1.7958
Cyclist -1 -1 -1.9786 139.4157 170.6907 166.7173 203.5788 1.8198 0.6690 1.7364 -25.2956 1.2218 40.5150 -2.5388 -1.8380
Pedestrian -1 -1 -3.4626 847.2611 159.0917 884.3934 242.4057 1.7063 0.5346 0.5829 5.4678 1.2479 14.9838 -3.1236 -1.9278
Cyclist -1 -1 -3.7006 680.2485 173.1010 741.0276 234.3361 1.6022 0.5600 1.5647 2.9131 1.3829 19.3676 -3.5586 -1.9401
Car -1 -1 -5.1342 883.2144 169.7508 998.3904 225.0204 1.4465 1.5849 3.6496 9.5667 1.1395 20.6273 -4.7099 -1.9682
Pedestrian -1 -1 -4.6107 619.0300 176.8939 636.5341 230.7877 1.5027 0.4387 0.6381 0.7185 1.3748 20.3745 -4.5811 -1.9691
Car -1 -1 -6.6687 727.8474 172.6945 856.8531 216.8632 1.4725 1.6190 4.0291 6.5778 1.1794 25.0240 -6.4194 -1.9840
Car -1 -1 -4.5539 408.6314 156.5421 485.7502 225.1013 2.0211 1.7914 4.3786 -4.9344 1.2858 23.4088 -4.7645 -2.0419
Cyclist -1 -1 -5.9169 571.9910 166.2151 602.4476 198.1982 1.8198 0.6935 1.6174 -0.8211 0.9502 41.4702 -5.9415 -2.0624
Pedestrian -1 -1 -4.3537 376.6437 190.2561 406.0360 261.3799 1.3408 0.4074 0.4671 -4.0882 1.5133 13.8504 -4.6412 -2.0899
Car -1 -1 -4.8760 555.3717 169.5332 584.8511 192.3330 1.6278 1.5808 3.6961 -2.3405 0.7734 53.2588 -4.9246 -2.0943
Pedestrian -1 -1 -4.9264 721.2821 179.7039 746.3928 241.5574 1.4035 0.4630 0.5283 3.0124 1.3633 16.5730 -4.7547 -2.1183
Pedestrian -1 -1 -4.7981 649.3737 160.1426 661.3079 198.1982 1.9254 0.5251 0.9371 2.7506 0.8450 36.8161 -4.7291 -2.1250
Car -1 -1 -6.0232 147.4279 177.6639 242.1235 208.2330 1.5002 1.6210 3.9090 -20.6054 1.3122 36.5314 -6.5387 -2.1372
Pedestrian -1 -1 -6.4196 214.9992 165.4566 245.6144 232.5967 1.9308 0.5662 0.7280 -10.9326 1.4699 21.0991 -6.8979 -2.1565
