Pedestrian -1 -1 -2.6453 442.0949 159.2096 546.3691 320.4808 1.7232 0.6946 0.9583 -1.2563 1.4857 8.1635 -2.7993 1.8591
Car -1 -1 -4.3095 0.0000 152.2211 415.1788 373.0000 1.6570 1.6824 4.3916 -2.7191 1.5330 5.3014 -4.7704 1.5817
Pedestrian -1 -1 -5.2966 876.3223 139.7626 983.2289 300.5698 1.8245 0.7277 1.0170 3.9021 1.3516 8.7156 -4.8923 1.2018
Pedestrian -1 -1 -7.7680 572.5491 164.0848 592.9401 222.1663 1.7241 0.5520 0.8583 -0.5907 1.2076 21.7661 -7.7999 0.7095
Pedestrian -1 -1 -7.9636 630.2677 158.7267 650.8099 205.7905 1.8459 0.7367 0.7136 1.5292 0.9530 28.5526 -7.9156 0.1224
Pedestrian -1 -1 -4.0199 1143.7389 141.3531 1237.0000 307.6148 1.6652 0.6612 0.5419 6.2038 1.2638 7.5753 -3.3558 0.0950
Pedestrian -1 -1 -3.0669 485.6149 168.0639 557.0411 286.2748 1.6625 0.6505 0.9911 -1.1948 1.4742 10.4487 -3.1838 -0.1444
Pedestrian -1 -1 -7.7142 597.5147 163.3785 620.4377 222.2058 1.7418 0.5892 0.8289 0.2036 1.2057 21.7212 -7.7101 -0.1859
Pedestrian -1 -1 -2.2323 365.2992 167.3329 406.4388 238.8902 1.6841 0.6777 0.6811 -5.2498 1.3512 17.3795 -2.5268 -0.7112
Pedestrian -1 -1 -4.2449 1187.1506 144.0229 1237.0000 271.9648 1.5797 0.5368 0.5709 7.9535 1.1176 9.2293 -3.5527 -0.9225
Pedestrian -1 -1 -3.2942 491.8541 165.2272 526.9733 239.2882 1.7291 0.6377 0.7413 -2.2428 1.3497 17.1812 -3.4274 -0.9253
Pedestrian -1 -1 -4.8253 642.6949 162.9565 656.7164 200.0473 1.7890 0.6037 0.6860 2.3381 0.8948 35.0054 -4.7641 -0.9264
Pedestrian -1 -1 -4.0530 712.6492 167.2283 748.4635 236.9387 1.6094 0.6393 0.5374 3.0175 1.2805 17.0014 -3.8853 -1.0415
Pedestrian -1 -1 -2.9036 490.2385 160.2954 509.3573 207.8765 1.8481 0.5631 0.6309 -4.0091 1.0249 28.2108 -3.0485 -1.2174
Pedestrian -1 -1 -2.6143 580.7955 164.8136 601.3400 201.3826 1.7505 0.5438 0.8362 -0.5134 0.9520 34.8258 -2.6340 -1.4666
Pedestrian -1 -1 -5.1356 663.1660 164.0191 693.7615 223.1859 1.7044 0.6093 0.8191 2.2336 1.2013 21.1777 -5.0370 -1.5849
Pedestrian -1 -1 -7.3865 168.7525 163.9310 208.7455 235.1529 1.7741 0.6701 0.6268 -10.4964 1.3370 18.2248 -7.9080 -1.6088
Car -1 -1 -4.1779 423.3412 162.3288 511.2830 210.6157 1.6991 1.6325 3.7034 -5.0294 1.0249 27.2964 -4.3634 -1.9240
Pedestrian -1 -1 -7.5342 1121.3896 143.4076 1180.5825 267.3472 1.6059 0.4974 0.5343 7.3445 1.1130 9.6654 -6.9026 -1.9889
Cyclist -1 -1 -2.3935 0.0000 190.8875 17.1849 232.5851 1.8534 0.7180 1.7805 -27.6158 2.2836 32.5031 -3.0990 -2.0101
Car -1 -1 -6.9674 922.8148 150.1422 1106.3308 211.3609 1.5192 1.6407 4.1144 10.8339 0.7416 18.9958 -6.4599 -2.1284
Car -1 -1 -4.3780 248.9681 166.1689 335.6536 213.5971 1.6037 1.6743 4.0922 -11.2526 1.0857 26.3883 -4.7825 -2.1559
Car -1 -1 -7.3169 563.3615 161.9348 608.5387 183.7027 1.6596 1.6659 4.2377 -1.1629 0.1678 57.0227 -7.3420 -2.1564
Pedestrian -1 -1 -4.2854 684.0894 169.5789 713.8848 233.9098 1.5548 0.5238 0.6201 2.3787 1.2672 17.7626 -4.1595 -2.1619
