Car -1 -1 -4.3180 0.0000 155.0946 418.8033 373.0000 1.6611 1.7088 4.3396 -2.7437 1.5410 5.5020 -4.7686 1.7116
Pedestrian -1 -1 -5.3432 877.9644 138.0894 993.5020 304.1052 1.8461 0.7577 1.0678 3.9137 1.3641 8.5917 -4.9328 1.6640
Pedestrian -1 -1 -2.6094 443.5276 160.2708 551.5903 321.8396 1.7215 0.6630 1.0188 -1.2200 1.4960 8.1515 -2.7594 1.4810
Pedestrian -1 -1 -7.9398 597.5969 162.8640 620.5441 221.5689 1.7236 0.6159 0.7843 0.1921 1.1769 21.5065 -7.9362 0.6944
Pedestrian -1 -1 -7.8724 630.4780 160.0010 649.1611 207.4442 1.8492 0.7175 0.7591 1.4912 1.0116 28.3877 -7.8255 0.4976
Pedestrian -1 -1 -3.3490 499.1647 162.2252 531.7023 238.5773 1.7956 0.7155 0.6421 -2.1176 1.3429 17.3367 -3.4741 0.4722
Pedestrian -1 -1 -6.6546 503.5305 172.0459 561.8672 288.0545 1.6162 0.6927 0.6335 -1.0543 1.4851 10.4604 -6.7584 -0.1422
Pedestrian -1 -1 -7.8011 571.1815 163.9665 591.7171 221.7276 1.6968 0.5763 0.8845 -0.6239 1.1822 21.5502 -7.8349 -0.1816
Pedestrian -1 -1 -3.9457 1143.6876 141.6889 1237.0000 313.0540 1.7121 0.6210 0.6081 6.1756 1.3151 7.5267 -3.2809 -0.2279
Cyclist -1 -1 -4.8668 664.3475 166.2108 692.4058 223.5320 1.6253 0.5495 1.7274 2.2280 1.1922 21.2451 -4.7688 -0.4892
Pedestrian -1 -1 -2.9899 365.2616 163.6107 407.5021 238.7079 1.7682 0.6865 0.8844 -5.2089 1.3475 17.3158 -3.2833 -0.9346
Car -1 -1 -4.2578 428.0352 165.7279 507.8823 211.5781 1.6140 1.5413 3.6446 -4.9992 1.0592 27.2483 -4.4426 -1.0294
Pedestrian -1 -1 -4.6767 1198.8713 144.3810 1237.0000 274.3443 1.5958 0.5036 0.5881 7.9499 1.1407 9.2074 -3.9837 -1.1101
Cyclist -1 -1 -4.3085 189.0914 144.3816 223.5606 189.8738 1.7531 0.5563 1.7658 -15.7234 0.3231 28.5888 -4.8122 -1.2964
Pedestrian -1 -1 -7.4473 171.9092 167.7635 211.0340 236.6009 1.7185 0.6725 0.6272 -10.4600 1.3761 18.2826 -7.9660 -1.3053
Pedestrian -1 -1 -3.8704 713.3240 168.7855 746.6591 235.6705 1.5479 0.5155 0.5804 3.0031 1.2542 16.9968 -3.7034 -1.4662
Pedestrian -1 -1 -2.4457 580.4676 163.5705 601.0722 200.1940 1.7613 0.5533 0.8459 -0.5317 0.8993 35.0275 -2.4657 -1.6042
Cyclist -1 -1 -7.3566 482.0105 163.7757 514.9943 209.9202 1.7400 0.5464 1.6718 -4.0127 1.0721 27.9663 -7.5028 -1.6355
Car -1 -1 -8.6171 733.5615 169.4736 851.4846 218.8657 1.4537 1.6062 3.5907 6.0210 1.1002 23.1000 -8.3700 -1.7088
Pedestrian -1 -1 -4.6311 199.2652 163.6684 226.9355 229.1090 1.7932 0.6231 0.7901 -10.9278 1.3051 20.1712 -5.1273 -1.8005
Car -1 -1 -4.4090 1.2799 186.4161 72.1039 221.0929 1.5310 1.6000 3.8187 -26.9306 1.7806 34.3694 -5.0750 -1.8390
Pedestrian -1 -1 -3.8713 683.1472 169.7642 712.9694 233.7397 1.5448 0.5084 0.5220 2.3438 1.2620 17.7031 -3.7469 -1.9370
Pedestrian -1 -1 -5.2826 312.1652 158.5920 351.9928 229.6778 1.8484 0.6225 0.8730 -7.2296 1.2533 19.1889 -5.6437 -1.9449
Car -1 -1 -7.1373 923.0940 153.1371 1086.7083 215.8923 1.5325 1.6396 3.8943 10.6201 0.8404 18.9879 -6.6382 -1.9520
Car -1 -1 -3.7279 220.6902 169.3312 409.0652 247.4626 1.5950 1.6503 3.7821 -6.5531 1.3472 16.6868 -4.1021 -1.9618
Car -1 -1 -4.2956 243.2519 167.7726 338.8531 215.6561 1.6228 1.6976 4.1365 -11.3034 1.1580 26.4227 -4.7013 -2.0101
Pedestrian -1 -1 -8.0225 948.6076 143.0398 986.5268 224.8808 1.7531 0.6226 0.7189 8.0134 0.9298 15.8206 -7.5654 -2.0909
Car -1 -1 -6.1242 521.4047 175.9435 589.7518 198.7876 1.4692 1.6023 4.2869 -2.9773 1.1119 47.1930 -6.1919 -2.1259
Pedestrian -1 -1 -5.0284 663.3912 166.4499 690.2531 226.0046 1.6164 0.6138 0.4834 2.0416 1.2084 19.7991 -4.9322 -2.1524
