Car -1 -1 -4.2535 0.0000 160.5145 399.3141 373.0000 1.6121 1.6723 4.3453 -2.6923 1.5430 4.6080 -4.7650 1.7540
Pedestrian -1 -1 -8.4720 817.0161 142.6216 902.7596 280.6295 1.8147 0.6744 0.9765 3.5321 1.3041 10.0101 -8.1464 1.2219
Pedestrian -1 -1 -2.4477 377.3912 159.5744 471.7450 319.4477 1.7350 0.6340 0.8438 -2.0780 1.4977 8.2641 -2.6927 1.1902
Pedestrian -1 -1 -2.9770 1085.4408 138.6288 1176.7793 291.3739 1.7057 0.5743 0.7977 6.2175 1.2276 8.5057 -2.3657 0.8028
Pedestrian -1 -1 -7.8013 577.7181 165.0786 597.4290 220.1436 1.7522 0.5981 0.9469 -0.4720 1.2301 23.3397 -7.8265 0.7996
Pedestrian -1 -1 -3.2425 422.2112 163.3690 473.0443 244.4346 1.8260 0.6685 1.0886 -3.6118 1.4182 16.6678 -3.4580 0.7439
Pedestrian -1 -1 -7.7975 630.6335 163.3622 648.3859 207.6532 1.8240 0.7061 0.6984 1.5738 1.0774 29.9661 -7.7505 0.7341
Pedestrian -1 -1 -2.7585 405.1336 167.9270 479.6882 285.8083 1.6946 0.5799 0.9354 -2.4014 1.5001 10.6875 -2.9801 0.6941
Pedestrian -1 -1 -7.6742 597.4875 165.0386 622.3173 220.1005 1.7462 0.6376 1.0448 0.2552 1.2246 23.3535 -7.6686 0.4006
Pedestrian -1 -1 -3.9967 1141.8464 141.0948 1237.0000 311.8167 1.6993 0.6219 0.5979 6.1404 1.2978 7.5123 -3.3338 -0.4720
Car -1 -1 -4.4245 375.9041 151.7560 482.1968 230.9811 2.0736 1.8002 4.6143 -4.9412 1.2956 21.1551 -4.6564 -0.4825
Pedestrian -1 -1 -5.0128 664.7075 166.8017 692.5334 224.6340 1.6683 0.5883 0.8384 2.2392 1.2448 21.1918 -4.9140 -0.4887
Car -1 -1 -4.6119 436.9069 163.8033 492.1656 215.1393 1.8131 1.6749 4.2672 -5.1915 1.1885 27.5701 -4.8014 -0.5772
Pedestrian -1 -1 -8.0232 494.4036 163.6173 514.2534 211.2052 1.8255 0.6325 0.8332 -3.8169 1.1398 28.0481 -8.1623 -0.8521
Pedestrian -1 -1 -5.3245 307.4883 162.7386 345.8268 241.1177 1.8488 0.6239 0.6186 -6.6807 1.4068 17.3752 -5.6919 -1.0576
Cyclist -1 -1 -3.8502 1116.4065 135.1257 1237.0000 270.2319 1.7114 0.5593 1.5212 7.6484 1.1247 9.4129 -3.1866 -1.2721
Pedestrian -1 -1 -4.9745 338.8794 171.7687 370.6728 238.4902 1.6849 0.6335 0.6345 -6.4167 1.4397 18.5799 -5.3081 -1.4154
Car -1 -1 -4.8811 932.1096 158.0511 1041.9360 228.2426 1.4976 1.6389 3.9099 9.1619 0.9979 17.4369 -4.4085 -1.4438
Car -1 -1 -7.5247 565.6828 169.4783 609.1938 194.8142 1.4999 1.5784 3.7764 -0.8181 0.7883 44.5636 -7.5479 -1.5857
Pedestrian -1 -1 -5.8578 371.6665 164.4697 396.3575 221.5407 1.7735 0.5938 0.5509 -6.8807 1.2447 22.6518 -6.1546 -1.6501
Pedestrian -1 -1 -3.6135 682.3454 169.9990 713.9816 235.6293 1.5904 0.6159 0.5537 2.3553 1.3122 17.7909 -3.4891 -1.6606
Pedestrian -1 -1 -7.6984 643.0251 160.5015 657.1015 199.1378 1.8519 0.5864 0.6822 2.3490 0.8456 34.8266 -7.6365 -1.7078
Pedestrian -1 -1 -3.7873 938.7836 149.7265 981.9102 229.9264 1.6837 0.5679 0.6067 7.6575 1.0172 15.4181 -3.3382 -1.8806
Car -1 -1 -4.4099 0.0000 184.6132 62.6417 218.1767 1.4931 1.5612 3.7518 -27.3531 1.6510 34.3619 -5.0835 -1.9078
Pedestrian -1 -1 -7.4211 712.2468 169.1164 746.2355 237.7277 1.5896 0.6245 0.5474 2.9966 1.3032 17.0442 -7.2550 -1.9185
Cyclist -1 -1 -7.7555 366.7025 175.9175 375.9875 206.1960 1.6031 0.3333 1.5586 -12.4378 1.3077 38.8297 -8.0686 -1.9640
Pedestrian -1 -1 -4.0804 650.8539 159.7712 669.4399 198.8991 1.8466 0.5554 0.7448 2.7982 0.8214 34.3653 -4.0047 -2.0045
Car -1 -1 -7.3949 564.5699 164.1508 606.0385 185.5861 1.6365 1.6587 4.1092 -1.2163 0.3119 57.0555 -7.4209 -2.0067
Pedestrian -1 -1 -7.3511 170.3402 164.4221 210.6282 233.2151 1.7195 0.6675 0.6344 -10.4828 1.2932 18.2778 -7.8709 -2.0541
Pedestrian -1 -1 -6.5100 507.9317 166.6334 520.2177 188.1710 1.7744 0.6044 0.8974 -7.2267 0.5494 59.6182 -6.6349 -2.1369
