Pedestrian -1 -1 -4.6376 505.7454 179.1617 527.1053 229.8538 1.6858 0.6745 0.6168 -2.8872 1.6084 24.2124 -4.7604 1.8920
Pedestrian -1 -1 -4.6953 255.4892 182.0546 307.5014 298.2523 1.8018 0.7473 1.0441 -5.2730 1.8120 11.7709 -5.1141 1.8324
Pedestrian -1 -1 -5.6825 752.7324 158.3120 853.4954 307.8265 1.8405 0.6779 1.0850 2.5987 1.5557 9.4744 -5.4275 1.6195
Pedestrian -1 -1 -2.2627 150.6769 178.7749 279.3883 373.0000 1.7821 0.7197 0.6864 -3.4136 1.7607 6.2814 -2.7499 1.5303
Pedestrian -1 -1 -8.1389 587.5866 176.4806 613.9624 231.3287 1.7332 0.6364 0.8386 -0.0552 1.5750 23.1921 -8.1466 1.5119
Pedestrian -1 -1 -2.4761 611.4701 175.0436 645.6583 231.2895 1.7653 0.6513 0.8838 0.8425 1.5631 23.0789 -2.4453 1.2713
Pedestrian -1 -1 -3.0354 1005.6176 143.3699 1145.9869 345.0149 1.8109 0.6481 1.1016 4.5927 1.4692 7.0453 -2.4801 1.1280
Car -1 -1 -7.8803 584.6685 175.3267 608.3354 198.5918 1.7007 1.6643 4.0805 -0.3904 1.2494 54.5819 -7.8925 1.0270
Cyclist -1 -1 -5.0664 690.3528 186.8754 728.3702 247.1870 1.4876 0.5151 1.3727 2.7393 1.6325 18.5726 -4.9275 1.0218
Pedestrian -1 -1 -4.8529 1053.2408 136.1072 1117.9734 259.7168 1.8434 0.6961 0.9734 7.5447 1.1671 11.3004 -4.2801 0.4549
Pedestrian -1 -1 -7.5818 338.3507 185.0751 368.8258 250.0227 1.6908 0.5531 0.8960 -6.6540 1.7892 19.2155 -7.9165 0.3431
Pedestrian -1 -1 -3.1115 239.6266 180.6066 301.4673 282.9970 1.8062 0.6017 1.0072 -6.0797 1.7910 13.1450 -3.5429 0.2202
Car -1 -1 -4.5853 438.9803 172.9515 503.3283 233.7740 1.9454 1.6910 4.3618 -4.4958 1.6724 25.1985 -4.7654 0.0373
Pedestrian -1 -1 -5.8389 751.4532 185.4579 797.1666 263.9348 1.5028 0.5208 0.7293 3.3826 1.5842 14.2298 -5.6152 -0.2021
Pedestrian -1 -1 -7.3668 132.7761 182.6294 188.8184 267.0258 1.8316 0.6649 1.0397 -9.9198 1.8583 16.1431 -7.9161 -0.5110
Pedestrian -1 -1 -5.0133 593.6137 176.0295 609.2947 212.1066 1.8057 0.6092 0.7050 -0.0107 1.5321 36.3821 -5.0188 -0.6099
Car -1 -1 -3.8235 0.0000 0.0000 1237.0000 373.0000 1.6079 1.5735 3.6101 -2.3062 1.7179 1.1412 -4.8549 -0.6988
Pedestrian -1 -1 -6.0481 497.4075 178.2387 510.1564 201.0141 1.8235 0.4648 0.9352 -7.8321 1.5622 57.7886 -6.1872 -0.7831
Car -1 -1 -8.0165 297.5501 185.2828 369.3801 235.1519 1.5302 1.6469 4.0110 -9.2373 1.6710 24.5143 -8.3787 -0.9675
Car -1 -1 -7.5089 0.0000 181.7252 68.0671 257.8159 1.6299 1.6337 3.6851 -14.5881 1.6364 17.4089 -8.2042 -1.2786
Pedestrian -1 -1 -6.3877 169.1939 186.9682 245.0913 339.0530 1.7415 0.5746 0.7516 -4.8302 1.8119 8.7078 -6.8876 -1.2795
Car -1 -1 -8.0000 246.1130 185.7706 318.2492 237.4082 1.5183 1.6132 3.6996 -10.5031 1.6699 23.4428 -8.4223 -1.3476
Pedestrian -1 -1 -8.2622 1079.5988 147.7552 1124.8383 234.3293 1.7631 0.5998 0.5472 10.3742 1.0765 14.9533 -7.6690 -1.3801
Car -1 -1 -6.2795 637.4929 178.6492 742.6546 217.2354 1.5875 1.6903 4.3306 3.7414 1.4705 30.6494 -6.1642 -1.3897
Pedestrian -1 -1 -3.1334 162.1195 178.1488 203.1130 275.7383 1.8887 0.6226 0.6943 -8.3970 1.8244 14.3448 -3.6607 -1.4046
Pedestrian -1 -1 -6.3665 16.2955 172.8254 32.4727 211.9162 1.8340 0.7536 0.5377 -27.4539 1.4272 34.1593 -7.0447 -1.4364
Pedestrian -1 -1 -3.8237 598.7574 177.9010 619.5255 217.1763 1.7369 0.4941 0.7994 0.3313 1.5780 32.2106 -3.8187 -1.4415
Pedestrian -1 -1 -7.4813 439.7911 163.6489 457.0485 202.7152 2.1501 0.7192 0.7459 -8.5121 1.1678 39.9601 -7.6949 -1.4820
Car -1 -1 -4.5069 366.4940 168.5477 475.6248 257.3242 2.0282 1.8361 4.6864 -4.5714 1.7328 18.7856 -4.7479 -1.5430
Cyclist -1 -1 -7.8508 496.4924 184.8446 504.0012 217.0364 1.6035 0.3724 1.5514 -5.1859 1.7785 36.7401 -7.9953 -1.5970
Pedestrian -1 -1 -5.2906 101.9797 167.5262 143.8594 244.0571 1.9499 0.6864 0.6127 -12.5114 1.5944 18.7383 -5.8782 -1.6080
Pedestrian -1 -1 -3.9211 713.3093 184.1899 756.9948 259.8699 1.5400 0.5017 0.7744 2.7665 1.5986 15.0741 -3.7482 -1.6804
Car -1 -1 -8.0354 1058.0073 155.0644 1190.7660 236.2324 1.5440 1.6268 3.6756 11.1859 1.0417 15.6740 -7.4286 -1.7163
Pedestrian -1 -1 -3.5717 520.6097 178.9785 533.4598 201.7421 1.7929 0.5382 0.8690 -5.8859 1.5942 57.0312 -3.6791 -1.7773
Pedestrian -1 -1 -6.7783 879.2710 170.0421 915.2016 239.8793 1.7435 0.6054 0.6295 7.4818 1.4580 18.2710 -6.3999 -1.8148
Pedestrian -1 -1 -4.7411 804.0690 207.5960 827.8351 277.5433 1.0814 0.3467 0.4243 3.3966 1.5103 11.5389 -4.4665 -1.8274
Car -1 -1 -6.2721 425.0483 180.6106 507.4564 216.0714 1.7413 1.6595 4.0182 -6.8421 1.6979 36.4470 -6.4616 -1.8813
Car -1 -1 -6.7615 788.9693 179.1521 947.1647 235.5200 1.4723 1.6116 3.7766 7.2631 1.4114 19.8173 -6.4197 -1.9335
Pedestrian -1 -1 -3.8860 1002.9235 158.3421 1063.7845 286.9680 1.6941 0.5164 0.4866 5.8165 1.3898 9.7669 -3.3661 -2.0094
Cyclist -1 -1 -7.7990 455.2324 164.8032 462.9797 194.2812 1.7981 0.3891 1.6858 -8.8451 0.7797 44.6804 -7.9982 -2.0506
Car -1 -1 -7.8967 11.4483 174.5843 58.8638 209.2707 1.6221 1.6659 4.0811 -28.1709 1.2989 35.6808 -8.5664 -2.1311
Car -1 -1 -7.0284 1047.9626 149.4785 1237.0000 243.7904 1.4758 1.6255 4.2239 10.1147 0.9754 12.1957 -6.3516 -2.1369
Pedestrian -1 -1 -6.2621 306.6635 182.3500 327.0872 237.2073 1.7071 0.5309 0.5916 -9.0227 1.7348 22.7164 -6.6416 -2.1607
