Pedestrian -1 -1 -4.6844 234.9366 167.3402 285.4557 295.2689 1.7624 0.6374 0.6489 -4.9353 1.5680 10.3213 -5.1264 1.5330
Pedestrian -1 -1 -3.0107 760.3428 149.8364 854.4258 301.5846 1.7837 0.6286 1.0612 2.5190 1.4122 8.9367 -2.7493 1.4598
Pedestrian -1 -1 -3.1333 1015.7383 131.2290 1163.6903 354.6609 1.8472 0.5514 1.0601 4.2983 1.4323 6.4573 -2.5702 1.0967
Pedestrian -1 -1 -4.4024 343.0746 170.2031 374.5649 234.4323 1.6704 0.5683 0.8354 -6.4775 1.3772 19.1049 -4.7304 1.0345
Pedestrian -1 -1 -2.1250 51.2004 173.4109 205.9273 373.0000 1.6434 0.5674 0.9689 -3.6618 1.5875 5.4886 -2.6982 0.6790
Pedestrian -1 -1 -4.3730 505.2061 164.6561 534.1688 220.6723 1.7355 0.6503 0.9107 -2.6126 1.2141 22.7708 -4.4911 0.3215
Pedestrian -1 -1 -7.3819 121.4392 165.9555 172.3849 252.9924 1.8178 0.6985 0.6579 -9.7473 1.4938 15.3623 -7.9449 0.2277
Pedestrian -1 -1 -3.1774 188.4373 172.6291 264.1779 278.7290 1.6909 0.5668 1.0967 -6.2904 1.5502 11.9655 -3.6581 0.1870
Pedestrian -1 -1 -6.6291 613.2884 161.9290 647.6796 218.6238 1.7125 0.6475 0.8897 0.8616 1.1218 22.1426 -6.5958 -0.3075
Pedestrian -1 -1 -8.1309 591.9014 163.2225 618.5201 218.3818 1.7102 0.6395 0.8157 0.0851 1.1440 22.7520 -8.1323 -0.3110
Pedestrian -1 -1 -5.3484 86.2683 178.3443 200.8251 335.5913 1.6337 0.6121 0.9692 -5.0929 1.6016 7.9243 -5.9107 -0.4186
Pedestrian -1 -1 -7.5819 607.6943 165.8067 627.5516 206.8032 1.7646 0.6421 0.9542 0.6981 1.0894 31.4675 -7.5650 -0.4433
Cyclist -1 -1 -1.9235 156.6329 172.5589 223.8502 267.0995 1.7077 0.5080 1.8504 -7.9397 1.5468 13.7643 -2.4440 -0.5646
Pedestrian -1 -1 -6.0523 1109.8156 120.8896 1199.4493 255.8820 1.8056 0.6390 0.8899 7.7642 0.9956 10.1539 -5.4170 -0.7895
Car -1 -1 -4.5785 442.3591 158.9366 508.9301 221.1465 1.9120 1.6691 4.2333 -4.1693 1.2189 24.2254 -4.7523 -1.1376
Cyclist -1 -1 -4.6950 712.4263 169.6107 734.7268 236.4733 1.5691 0.5172 1.6181 2.9779 1.2906 17.6989 -4.5361 -1.1379
Pedestrian -1 -1 -7.7631 602.8786 160.8776 617.6527 198.5295 1.8401 0.6742 0.6884 0.4291 0.8325 35.4820 -7.7560 -1.2950
Pedestrian -1 -1 -6.2182 531.4496 168.9418 539.3697 192.6164 1.8482 0.7175 0.5782 -5.1658 0.8677 56.4448 -6.3139 -1.3371
Pedestrian -1 -1 -7.6828 655.8759 162.4012 675.1512 206.6993 1.8127 0.6574 0.9284 2.6561 1.0315 29.9262 -7.6001 -1.5231
Pedestrian -1 -1 -5.3738 801.3709 206.3276 838.2838 278.0962 1.0271 0.3434 0.4127 3.2072 1.4068 10.7123 -5.0951 -1.5766
Car -1 -1 -7.8938 625.5193 154.1804 647.6385 178.3857 1.9996 1.7159 4.1227 3.0268 -0.2778 61.9405 -7.8499 -1.6417
Car -1 -1 -4.1553 632.2079 171.6819 696.1816 201.7176 1.4242 1.4977 3.6585 3.1789 0.9589 35.9749 -4.0728 -1.7212
Car -1 -1 -6.6329 836.1364 167.0598 1023.8225 227.6004 1.5146 1.6563 4.1788 8.4977 1.1539 18.9277 -6.2213 -1.8606
Pedestrian -1 -1 -7.7278 284.5490 173.2440 310.7637 237.0543 1.6490 0.5434 0.8181 -8.0737 1.4361 19.0307 -8.1294 -1.8672
Car -1 -1 -8.2877 635.9562 165.6579 680.0165 189.0755 1.5252 1.5956 3.6016 3.8039 0.4934 48.7506 -8.2151 -1.8722
Car -1 -1 -6.8863 1082.0193 129.5295 1237.0000 234.0792 1.5156 1.5957 3.8040 10.0568 0.7629 11.4031 -6.1799 -1.9812
Car -1 -1 -8.4726 1013.1570 150.7478 1237.0000 237.2750 1.5142 1.6438 3.9523 10.2873 0.9766 14.5602 -7.8710 -1.9851
Pedestrian -1 -1 -3.8936 734.5385 171.2850 776.5483 251.0599 1.5318 0.4863 0.6562 2.9981 1.3362 14.1721 -3.6943 -1.9959
Car -1 -1 -4.5012 643.3358 164.1513 675.5448 187.0581 1.6485 1.6194 4.0246 4.4034 0.3999 53.8553 -4.4248 -2.1518
