Pedestrian -1 -1 -4.9895 260.8221 177.9455 316.7785 290.4857 1.8259 0.6685 0.8275 -5.3522 1.7689 12.1866 -5.4013 2.1208
Pedestrian -1 -1 -5.5726 754.5999 165.3831 850.3679 307.3844 1.7846 0.6945 1.0326 2.6378 1.5827 9.6497 -5.3184 1.6929
Pedestrian -1 -1 -8.2309 611.2315 173.8518 642.0535 231.7269 1.8243 0.6854 0.9576 0.7792 1.5837 23.2102 -8.2030 1.4185
Pedestrian -1 -1 -3.0847 1005.9514 146.8559 1136.2408 341.6611 1.8158 0.6055 1.0621 4.6693 1.4936 7.2472 -2.5343 1.1476
Pedestrian -1 -1 -2.1840 168.0557 182.0908 294.3633 373.0000 1.7617 0.7472 0.6937 -3.3654 1.7681 6.4564 -2.6547 0.9276
Pedestrian -1 -1 -8.3293 584.6757 176.9730 610.5688 231.5405 1.7423 0.6184 0.6336 -0.1544 1.5982 23.3605 -8.3412 0.7437
Pedestrian -1 -1 -4.7710 506.1736 179.3526 526.9421 229.6661 1.6972 0.6726 0.5174 -2.9293 1.6251 24.5459 -4.8939 0.6295
Car -1 -1 -4.5574 437.1728 175.7894 501.5173 233.7948 1.8663 1.6194 4.0561 -4.5604 1.6830 25.1619 -4.7402 0.4393
Cyclist -1 -1 -4.9208 687.4043 185.8201 719.6299 245.8852 1.5137 0.5525 1.3791 2.6383 1.6322 18.9128 -4.7896 0.2133
Pedestrian -1 -1 -7.5603 140.5032 187.0154 181.5934 264.7315 1.7086 0.5754 0.8545 -10.0467 1.8384 16.3481 -8.1098 0.1442
Car -1 -1 -3.8255 0.0000 0.0000 1237.0000 373.0000 1.6645 1.6211 3.7913 -2.4474 1.6975 1.4358 -4.7969 0.0119
Pedestrian -1 -1 -3.1392 260.3839 182.0315 314.6406 279.9680 1.7671 0.5950 0.9105 -5.9005 1.7780 13.4208 -3.5520 -0.0868
Pedestrian -1 -1 -3.1197 175.5364 174.8637 207.4257 271.4524 1.9113 0.6693 0.5507 -8.3861 1.7806 14.6397 -3.6378 -0.1762
Car -1 -1 -7.9878 298.7874 186.0190 365.2089 235.2191 1.5101 1.6148 3.7118 -9.2487 1.6769 24.4336 -8.3514 -0.4420
Pedestrian -1 -1 -8.1181 1066.0977 146.2563 1113.7961 234.1319 1.8121 0.6791 0.6622 10.3062 1.0859 15.2338 -7.5364 -0.4543
Pedestrian -1 -1 -4.4337 336.7887 185.5394 368.5690 250.7104 1.6987 0.5908 0.8682 -6.6831 1.8099 19.2296 -4.7695 -0.5125
Pedestrian -1 -1 -4.7896 1033.6699 140.0208 1092.8616 261.3935 1.8641 0.7079 1.0586 7.4287 1.2277 11.6651 -4.2379 -0.6356
Cyclist -1 -1 -7.7754 495.0757 182.7364 504.7881 214.9192 1.6206 0.3838 1.5512 -5.2336 1.6858 37.0185 -7.9200 -0.8141
Pedestrian -1 -1 -7.4306 749.1701 184.6301 788.5582 262.3711 1.5215 0.5546 0.6696 3.3482 1.5873 14.5282 -7.2136 -0.8172
Pedestrian -1 -1 -6.8335 300.5874 184.4328 332.3816 238.6006 1.6785 0.4959 0.7956 -9.0600 1.7738 22.7764 -7.2135 -0.8259
Pedestrian -1 -1 -4.6770 602.2573 180.5883 613.3767 217.8223 1.6606 0.4797 0.8063 0.2766 1.6202 32.4485 -4.6738 -0.8513
Pedestrian -1 -1 -3.0203 495.0369 176.6786 507.8387 199.6563 1.8485 0.4483 0.9791 -8.0526 1.4605 58.0229 -3.1626 -0.9439
Cyclist -1 -1 -7.5304 868.3488 165.6477 911.0109 236.9901 1.7591 0.5047 1.7681 7.4252 1.3688 18.5532 -7.1598 -1.2506
Pedestrian -1 -1 -5.3959 105.6987 156.8288 152.1384 235.4758 2.0298 0.7905 0.6569 -12.5336 1.3936 19.0156 -5.9775 -1.4083
Car -1 -1 -7.6874 581.2693 176.5066 610.1670 199.0194 1.6486 1.6248 3.6823 -0.3826 1.2828 54.5467 -7.6994 -1.4176
Pedestrian -1 -1 -7.0846 709.5692 184.5930 753.8218 259.2531 1.5395 0.5242 0.7949 2.7347 1.6079 15.2957 -6.9162 -1.5126
Car -1 -1 -7.7618 421.8378 164.1567 461.0149 209.3079 2.2444 1.6791 3.7914 -8.3494 1.3825 37.6953 -7.9834 -1.5183
Car -1 -1 -4.6724 492.5740 182.5822 525.5700 213.6555 1.5674 1.6139 3.7957 -4.8898 1.6282 38.3325 -4.8036 -1.5600
Pedestrian -1 -1 -3.5748 995.2719 166.4330 1055.8091 286.8512 1.6176 0.4415 0.5826 5.7826 1.4158 9.8923 -3.0628 -1.6174
Car -1 -1 -7.9077 1042.7806 156.1100 1161.9982 250.0924 1.5087 1.5529 3.6303 9.2025 1.1017 13.4895 -7.3232 -1.6312
Car -1 -1 -6.6622 745.9581 179.0415 907.5706 235.0121 1.4922 1.6404 3.9995 6.2147 1.4272 20.1454 -6.3719 -1.6686
Car -1 -1 -7.5939 633.0179 177.3966 664.1630 197.5081 1.4914 1.5422 3.5601 3.6736 1.1870 55.2025 -7.5327 -1.7167
Car -1 -1 -4.7566 348.0503 187.7285 373.3375 209.3989 1.5219 1.6076 3.7991 -18.0042 2.0052 53.6924 -5.0838 -1.7406
Car -1 -1 -6.7802 1013.0887 155.8981 1237.0000 232.7767 1.5351 1.6442 3.6320 11.0652 1.0245 15.3667 -6.1693 -1.7481
Cyclist -1 -1 -6.4942 630.8885 176.2159 671.2664 220.2065 1.8315 0.6386 1.6008 2.0736 1.6119 30.3422 -6.4318 -1.8132
Cyclist -1 -1 -7.6254 591.6953 175.9943 610.7363 213.2077 1.8396 0.5944 1.7525 -0.0096 1.5676 36.4296 -7.6309 -1.8142
Pedestrian -1 -1 -7.2315 141.5755 156.5311 179.1099 233.0218 2.0548 0.6513 0.5916 -12.0709 1.3845 19.6151 -7.7823 -1.8328
Car -1 -1 -3.3113 532.2867 180.3679 616.6470 212.9634 1.6125 1.6858 4.0851 -1.4127 1.5568 36.7926 -3.3546 -1.8410
Pedestrian -1 -1 -7.8150 439.2360 161.6682 452.6807 199.3755 2.0897 0.7090 0.8405 -8.7184 0.9908 40.2862 -8.0317 -1.9386
Pedestrian -1 -1 -8.3714 647.7903 176.3187 664.9384 212.4570 1.7935 0.6427 0.6028 2.7464 1.5366 36.0604 -8.3011 -2.0271
Pedestrian -1 -1 -2.7007 192.4388 190.4854 272.0627 332.8215 1.6990 0.6405 0.6730 -4.6286 1.8157 8.9465 -3.1725 -2.0452
Pedestrian -1 -1 -6.1367 477.4321 175.7974 489.6247 199.4107 1.9670 0.6001 0.9325 -9.8443 1.4918 60.1477 -6.3032 -2.1103
Cyclist -1 -1 -7.7860 489.0660 181.0925 498.7353 214.0708 1.6822 0.3935 1.7123 -5.6170 1.6616 37.5119 -7.9388 -2.1622
