Car -1 -1 -7.9245 648.3231 171.1519 687.2820 207.5911 1.8156 1.7259 4.0731 3.4336 1.3002 37.8391 -7.8397 2.1007
Pedestrian -1 -1 -3.6195 681.4792 169.3681 715.9570 237.0539 1.8145 0.7273 0.6752 2.6313 1.4898 19.7147 -3.4939 0.4176
Pedestrian -1 -1 -7.9138 763.9986 164.5791 787.0569 226.6813 1.8899 0.6406 0.8051 5.3706 1.3754 22.3113 -7.6855 -0.1745
Car -1 -1 -7.7103 675.8536 181.6821 739.6738 226.6663 1.4411 1.6944 3.8648 3.7648 1.4484 25.1209 -7.5683 -0.3247
Car -1 -1 -7.6562 724.5416 178.2201 765.4348 205.7138 1.3783 1.4989 3.3811 7.5953 1.2140 37.8585 -7.4646 -0.6638
Car -1 -1 -3.9536 0.0000 0.0000 315.0646 373.0000 1.8251 1.6981 4.0450 -2.8181 1.6036 2.7671 -4.7096 -0.7428
Pedestrian -1 -1 -3.1639 526.0458 174.1676 539.6852 206.9256 1.9102 0.6232 0.7813 -4.0355 1.4828 42.2453 -3.2636 -0.8121
Cyclist -1 -1 -6.2178 545.5851 178.2319 577.9228 209.2738 1.7477 0.6108 1.7989 -2.2470 1.5638 40.7526 -6.2777 -0.9645
Car -1 -1 -4.5950 627.3114 179.2324 655.8397 201.8821 1.5095 1.5588 3.8623 2.8349 1.3584 49.9099 -4.5436 -0.9655
Car -1 -1 -4.3920 207.8601 144.0875 483.9873 367.6167 1.9990 1.7111 4.2932 -2.6942 1.6652 8.5863 -4.6936 -1.1692
Car -1 -1 -8.0374 752.3152 175.8341 816.4742 218.4777 1.5790 1.6982 4.2229 7.2071 1.3696 28.7532 -7.7991 -1.3455
Car -1 -1 -7.4246 744.6752 163.4265 779.6122 181.0367 1.5691 1.6313 4.0285 14.8765 -0.0444 66.2192 -7.2093 -1.3840
Pedestrian -1 -1 -7.1931 512.9825 176.1791 530.9593 210.4713 1.9211 0.7288 0.7148 -4.5076 1.6231 40.7365 -7.3078 -1.5705
Cyclist -1 -1 -2.5026 458.3270 179.2131 497.2002 218.6120 1.7547 0.6299 1.6985 -5.6391 1.6532 32.6549 -2.6774 -1.7726
Cyclist -1 -1 -7.6275 488.3019 181.0809 505.8257 218.4050 1.6735 0.4262 1.7498 -4.8122 1.6550 33.0971 -7.7760 -1.9202
Car -1 -1 -7.9213 559.8628 175.5593 584.6512 196.5998 1.5996 1.6585 4.1037 -2.3178 1.1479 56.7452 -7.9670 -1.9517
Car -1 -1 -4.2677 632.6121 174.0615 674.5251 194.2256 1.5016 1.6255 4.1643 4.1033 0.9476 55.7057 -4.1995 -1.9783
Pedestrian -1 -1 -8.1551 568.1917 174.4509 580.2274 197.6209 1.7557 0.7743 0.5963 -2.0619 1.2215 54.8425 -8.1975 -2.0487
Cyclist -1 -1 -4.7877 660.4730 178.9806 674.7817 218.0097 1.6152 0.4725 1.6146 2.7885 1.5113 30.5383 -4.7026 -2.0693
Car -1 -1 -3.7798 728.4759 175.5341 814.9086 207.9954 1.4986 1.5944 3.8806 8.2089 1.2234 34.6704 -3.5541 -2.0836
Car -1 -1 -4.5552 624.0671 175.2414 650.8534 195.8851 1.5973 1.5886 3.8113 2.9429 1.1129 57.6084 -4.5094 -2.0991
Pedestrian -1 -1 -3.1470 615.5582 174.8945 624.1281 194.7456 1.8848 0.5216 0.8106 1.7908 1.2573 68.4709 -3.1260 -2.1413
