Car -1 -1 -7.9473 642.4917 171.2952 684.6304 209.7514 1.8174 1.7112 3.8730 3.0384 1.3354 35.8958 -7.8685 2.2535
Pedestrian -1 -1 -8.1709 763.6223 166.5929 792.2869 229.5091 1.7977 0.5795 0.8168 5.1106 1.3722 20.9564 -7.9398 1.6833
Car -1 -1 -4.3277 4.1604 131.2530 442.4583 373.0000 1.9820 1.7172 4.3463 -2.7913 1.6831 6.4697 -4.7271 0.1480
Pedestrian -1 -1 -3.9084 679.7307 170.0244 723.5259 243.2447 1.7572 0.7469 0.7700 2.4401 1.4824 17.7688 -3.7794 -0.0030
Pedestrian -1 -1 -3.4654 500.6441 174.8529 521.3005 211.1101 1.9318 0.5409 0.9831 -4.8837 1.5779 38.7326 -3.5951 -0.0685
Pedestrian -1 -1 -2.9152 509.4972 174.7808 527.4277 209.5074 1.9389 0.5524 0.9038 -4.6703 1.5639 40.4308 -3.0346 -0.1227
Pedestrian -1 -1 -3.9305 82.1843 180.1764 179.8831 346.3336 1.7575 0.6928 0.5886 -5.2466 1.7442 7.9574 -4.5045 -0.5226
Pedestrian -1 -1 -8.4086 614.1890 174.1476 623.6329 194.1145 1.8363 0.4928 0.8602 1.6526 1.1598 66.5576 -8.3889 -0.6610
Pedestrian -1 -1 -6.9861 538.2488 179.3352 556.4503 210.6721 1.6663 0.5987 0.7743 -2.9174 1.5514 38.6828 -7.0661 -0.7697
Pedestrian -1 -1 -4.5735 498.9007 174.6623 511.8355 209.9389 1.9197 0.5921 0.8955 -5.2882 1.5478 39.5394 -4.7107 -0.9156
Pedestrian -1 -1 -8.2826 557.9914 175.3591 571.6729 200.4277 1.8292 0.8217 0.6190 -2.6803 1.3811 52.8811 -8.3380 -1.0514
Car -1 -1 -3.9940 0.0000 169.3450 107.5415 234.8965 2.0310 1.7951 4.3685 -19.3308 1.6548 24.4823 -4.6623 -1.4486
Car -1 -1 -7.9239 756.4431 168.6387 785.9316 192.1756 1.5020 1.6141 3.8860 11.2815 0.6813 47.8841 -7.6986 -1.6302
Car -1 -1 -7.6919 556.1450 178.2725 582.0399 197.1227 1.5787 1.6414 3.9686 -2.7391 1.3082 62.2253 -7.7407 -1.6426
Car -1 -1 -4.5279 0.0000 175.9586 66.4060 373.0000 1.6552 1.5860 3.6528 -3.4281 1.6470 3.1218 -5.3263 -1.6981
Car -1 -1 -3.0578 586.9590 179.0289 645.7553 202.4431 1.5070 1.6238 3.7499 1.0133 1.3480 47.2296 -3.0415 -1.8249
Car -1 -1 -4.8195 785.8436 177.9876 855.2582 227.2745 1.4202 1.6305 4.0271 6.8305 1.3194 22.8233 -4.5370 -1.8537
Car -1 -1 -8.1463 537.3848 174.9427 574.3949 197.7749 1.6666 1.6658 4.1393 -3.4906 1.1879 54.6648 -8.2148 -1.9135
Car -1 -1 -7.4631 744.8737 161.6270 780.4496 180.5831 1.6353 1.6603 4.1861 14.5120 -0.0853 64.3781 -7.2471 -1.9168
Cyclist -1 -1 -7.8541 551.6039 179.4634 560.6311 210.6608 1.6546 0.4775 1.8380 -2.4731 1.5467 39.0304 -7.9221 -1.9476
Cyclist -1 -1 -7.4479 78.1616 199.6457 121.3001 262.8206 1.6690 0.3982 1.6052 -14.1705 2.2026 20.2783 -8.0572 -2.0495
