Pedestrian -1 -1 -7.5142 341.8135 183.5362 374.3077 248.5032 1.6923 0.5902 0.7979 -6.5095 1.7482 19.1389 -7.8433 1.5620
Pedestrian -1 -1 -2.2102 97.0715 180.4765 246.8482 373.0000 1.7406 0.6418 0.8815 -3.5087 1.7337 5.8006 -2.7412 1.4774
Pedestrian -1 -1 -4.5622 240.3890 178.5605 302.1153 306.2309 1.8638 0.7247 0.9843 -5.1047 1.8215 11.0594 -4.9916 0.9233
Pedestrian -1 -1 -3.1204 233.3015 188.2984 268.8480 289.2256 1.6926 0.6583 0.5437 -6.1377 1.8156 12.5153 -3.5739 0.5713
Pedestrian -1 -1 -4.5550 506.4765 176.9844 529.8260 228.9432 1.6711 0.6430 0.8248 -2.7490 1.5263 23.5274 -4.6753 0.5627
Pedestrian -1 -1 -8.0803 592.8647 175.7129 615.1650 228.2447 1.6485 0.5453 0.7882 0.0491 1.4673 22.9873 -8.0835 0.3895
Pedestrian -1 -1 -3.2134 761.0052 155.0050 849.6594 305.2801 1.8364 0.7010 1.0328 2.5407 1.5133 9.2175 -2.9575 0.3588
Car -1 -1 -4.5758 439.1066 170.6934 508.7325 233.7035 1.9826 1.7725 4.6490 -4.3420 1.6430 24.9592 -4.7516 0.1656
Pedestrian -1 -1 -2.8625 617.2904 174.6973 641.2785 229.0277 1.6803 0.5595 0.6265 0.8491 1.4704 22.5783 -2.8306 0.1022
Pedestrian -1 -1 -5.1035 699.7872 180.0460 730.4908 243.9261 1.5793 0.5407 0.6866 2.8330 1.5439 18.1580 -4.9563 0.0192
Pedestrian -1 -1 -3.0344 1018.7181 132.5036 1167.3562 353.2821 1.8776 0.5552 1.0993 4.4991 1.4617 6.6699 -2.4646 -0.1713
Pedestrian -1 -1 -8.2763 1076.0154 117.8149 1159.2267 251.9944 1.8894 0.6368 0.9930 7.5824 0.9933 10.6604 -7.6748 -0.2774
Pedestrian -1 -1 -2.7356 119.6333 188.4153 234.9054 347.5742 1.7341 0.7295 0.9311 -4.9062 1.8185 8.2811 -3.2629 -0.5766
Pedestrian -1 -1 -7.7622 599.8463 174.5515 614.5923 210.6647 1.7859 0.6861 0.6205 0.2819 1.4425 35.8654 -7.7596 -0.6050
Pedestrian -1 -1 -7.3727 279.9589 186.9120 311.8581 251.6734 1.6793 0.5770 0.5738 -8.1042 1.8252 18.9871 -7.7767 -0.6318
Cyclist -1 -1 -7.6252 496.7964 181.6107 513.0758 214.4738 1.6164 0.4613 1.6390 -4.8597 1.6223 36.1732 -7.7629 -0.6644
Car -1 -1 -7.9513 587.8046 175.0913 615.2659 197.7935 1.6449 1.6883 3.6970 -0.0093 1.1805 53.9715 -7.9565 -0.9565
Pedestrian -1 -1 -3.4710 158.8246 182.6737 202.8055 279.4895 1.8234 0.6719 0.5503 -8.2201 1.8475 13.9667 -4.0004 -1.0785
Pedestrian -1 -1 -3.9031 724.2000 178.3641 772.1046 258.8699 1.5900 0.5362 0.8126 2.9478 1.5286 14.6324 -3.7133 -1.1876
Pedestrian -1 -1 -6.3422 501.5022 174.2267 513.7352 198.0714 1.8948 0.4892 0.9401 -7.4780 1.3167 57.4136 -6.4761 -1.2951
Pedestrian -1 -1 -3.8415 1029.3912 145.1965 1100.8336 283.9071 1.7233 0.5728 0.5242 5.9079 1.2729 9.2465 -3.2911 -1.3180
Car -1 -1 -3.7658 0.0000 0.0000 1237.0000 373.0000 1.5295 1.5783 3.8206 -2.2997 1.7194 0.9284 -4.8659 -1.3531
Pedestrian -1 -1 -6.5949 114.9854 191.1178 158.2782 273.3008 1.7215 0.5541 0.6497 -10.1141 1.9363 15.5737 -7.1688 -1.6005
Car -1 -1 -4.7738 0.0000 199.9348 110.8994 290.6880 1.5294 1.7152 4.2971 -11.7413 1.9754 15.1746 -5.4295 -1.6378
Car -1 -1 -5.7320 848.8681 178.7252 1061.8698 259.0510 1.4193 1.5345 3.6029 7.0021 1.3709 14.6181 -5.2975 -1.6498
Pedestrian -1 -1 -6.8287 888.1750 159.5745 931.7856 232.3535 1.7635 0.6540 0.7606 7.5960 1.2328 17.7872 -6.4356 -1.6532
Car -1 -1 -3.3662 425.0673 184.5908 516.4266 216.3103 1.5072 1.6451 4.2479 -6.5611 1.6694 36.0427 -3.5501 -1.6691
Pedestrian -1 -1 -7.7052 428.9525 159.0799 445.5240 203.6620 2.1622 0.6837 0.8150 -8.0680 1.0751 35.2719 -7.9335 -1.7029
Car -1 -1 -3.5587 0.0000 179.6791 15.7678 220.0366 1.5365 1.6361 4.0792 -26.9287 1.4675 29.5451 -4.2984 -1.7063
Car -1 -1 -6.4972 580.8445 178.9016 665.5553 211.2041 1.5582 1.6957 3.9501 1.0496 1.4331 35.8572 -6.4733 -1.7536
Pedestrian -1 -1 -7.9235 1077.9885 134.8358 1126.0027 238.1660 1.7328 0.6350 0.5619 8.6168 0.9509 12.4478 -7.3329 -1.7580
Pedestrian -1 -1 -5.7203 0.0000 206.4549 64.4222 309.7449 1.7048 0.4637 0.7959 -9.7842 2.1408 12.2603 -6.3893 -1.7838
Car -1 -1 -2.7881 302.8043 175.8199 420.6079 221.0464 1.7037 1.6774 4.0195 -9.2881 1.4901 27.9586 -3.1113 -1.8231
Pedestrian -1 -1 -7.9823 652.6356 173.5537 670.0173 216.0436 1.7627 0.6439 0.6538 2.4913 1.4333 30.1427 -7.9057 -1.8448
Car -1 -1 -4.7560 575.8581 176.9951 594.8505 194.3256 1.5529 1.5674 3.7579 -1.4736 1.1490 66.2962 -4.7831 -1.8613
Car -1 -1 -7.8969 1092.2117 137.5895 1226.0603 237.9469 1.4772 1.5927 3.5235 9.4681 0.8315 12.4804 -7.2630 -1.9148
Pedestrian -1 -1 -5.5783 586.2332 173.9250 598.5721 199.2260 1.8310 0.7316 0.5618 -0.6441 1.2827 52.4447 -5.5956 -2.0313
Pedestrian -1 -1 -5.8850 91.8129 168.4018 130.6910 244.1749 1.8832 0.6801 0.5997 -12.4754 1.5582 18.2457 -6.4834 -2.0801
Cyclist -1 -1 -3.7714 735.0327 179.8985 815.9763 265.4859 1.5749 0.5295 1.4851 3.2937 1.5460 13.7538 -3.5462 -2.1364
Car -1 -1 -4.7570 0.0000 0.0000 1237.0000 373.0000 1.5473 1.5728 3.6028 -1.0424 1.6841 1.8474 -5.2253 -2.1627
Car -1 -1 -6.7588 805.8057 174.5909 972.2683 234.1650 1.4965 1.5920 3.7922 7.5223 1.3235 19.0429 -6.3925 -2.1820
