Pedestrian -1 -1 -4.3174 133.4431 178.8795 248.5969 353.8062 1.6862 0.7353 0.9125 -4.2509 1.6617 7.4202 -4.8288 1.8785
Pedestrian -1 -1 -8.8649 1001.4217 145.7447 1151.5686 373.0000 1.7632 0.6704 0.7791 3.7591 1.5002 5.7966 -8.3157 1.7942
Pedestrian -1 -1 -4.1203 781.3531 152.3916 895.6376 328.4485 1.8196 0.8200 0.9735 2.6052 1.5195 8.0493 -3.8226 1.5902
Pedestrian -1 -1 -5.9909 28.5491 178.6204 119.6075 306.7712 1.6913 0.6052 0.8746 -7.2955 1.6539 9.9099 -6.6187 1.2794
Pedestrian -1 -1 -7.1577 606.3737 167.5567 649.0275 229.9512 1.7194 0.7347 1.0142 0.7184 1.3357 20.4182 -7.1282 0.5034
Pedestrian -1 -1 -7.5451 117.3119 170.5647 164.6479 263.4583 1.7913 0.5504 0.8954 -9.2263 1.5810 14.3553 -8.1135 0.4814
Pedestrian -1 -1 -4.8142 146.3338 161.8903 195.2057 276.4210 1.9086 0.6231 1.1422 -7.6156 1.5824 12.6144 -5.3538 0.0631
Pedestrian -1 -1 -4.5733 627.0023 166.3008 644.1404 206.1619 1.8685 0.6944 0.9633 1.6184 1.1563 34.2080 -4.5314 -0.1247
Car -1 -1 -7.9911 613.2652 165.9195 643.6150 189.5398 1.6505 1.6566 3.9422 1.9385 0.5618 52.2425 -7.9591 -0.3885
Pedestrian -1 -1 -6.5790 678.8111 164.3642 701.5304 208.6738 1.8266 0.7161 0.7631 3.6872 1.1205 30.0328 -6.4630 -0.4063
Pedestrian -1 -1 -4.7556 519.2778 168.2770 545.8174 232.7894 1.7265 0.6789 0.9512 -1.9344 1.3731 19.7443 -4.8572 -0.4822
Cyclist -1 -1 -6.9530 932.0172 160.2042 1036.7834 239.9426 1.6810 0.8745 1.9032 8.3437 1.2326 15.7570 -6.4780 -0.6562
Cyclist -1 -1 -8.4458 582.9835 164.7074 627.8643 226.3795 1.8233 0.5073 1.7006 0.0752 1.3273 22.0835 -8.4477 -0.9229
Pedestrian -1 -1 -4.6768 745.7372 176.6999 772.5411 245.9684 1.5300 0.5772 0.6188 3.5305 1.4246 16.2362 -4.4714 -1.0081
Car -1 -1 -4.5294 454.3837 160.7569 531.4247 228.2788 1.9527 1.6894 4.2690 -3.3809 1.3533 22.9354 -4.6793 -1.3235
Cyclist -1 -1 -4.9327 839.9385 169.1813 875.8232 240.8649 1.6002 0.4472 1.5304 5.9480 1.3258 16.8208 -4.6030 -1.3779
Pedestrian -1 -1 -3.3374 1197.2488 136.4164 1237.0000 261.8167 1.7489 0.6288 0.6473 9.1109 1.1208 10.4497 -2.6379 -1.5113
Pedestrian -1 -1 -4.7578 1183.5573 148.9124 1237.0000 323.6566 1.6810 0.5122 0.5234 6.1872 1.3682 7.2729 -4.0760 -1.6361
Pedestrian -1 -1 -8.4564 706.1601 164.1247 729.8220 208.2306 1.7845 0.6391 0.7617 4.7717 1.0819 29.5456 -8.3027 -1.7373
Pedestrian -1 -1 -7.5592 628.3295 169.2594 649.0226 210.9786 1.7180 0.7299 0.5726 1.5377 1.2143 29.9731 -7.5135 -1.7480
Car -1 -1 -6.7819 891.0312 162.5451 1106.5265 229.6694 1.5374 1.6624 4.2797 9.4172 1.1038 17.3097 -6.2951 -1.7936
Car -1 -1 -4.5334 672.7238 167.0368 702.7792 188.3050 1.5005 1.5550 3.8255 6.3851 0.4801 52.7344 -4.4184 -1.8984
Car -1 -1 -2.2218 197.3968 179.5637 325.5269 231.3902 1.4940 1.6188 3.7987 -10.5950 1.4386 22.2958 -2.6661 -1.9989
Pedestrian -1 -1 -4.0037 774.5614 181.1418 821.5654 266.4856 1.4615 0.4587 0.7007 3.4305 1.4560 12.6899 -3.7504 -2.0540
Pedestrian -1 -1 -3.5001 1206.0375 133.8149 1237.0000 228.4285 1.8060 0.5811 0.5304 12.2625 0.8964 14.0747 -2.7976 -2.1202
Pedestrian -1 -1 -4.6415 0.0000 185.6850 38.8975 356.0290 1.6512 0.5076 0.5957 -6.1644 1.6971 7.3717 -5.3266 -2.1426
Pedestrian -1 -1 -5.9102 112.2635 169.7488 154.4216 257.2782 1.7922 0.5415 0.5823 -9.8259 1.5521 15.0320 -6.4866 -2.1476
Pedestrian -1 -1 -4.8874 56.2693 154.3379 86.9013 208.3604 1.7734 0.7178 0.6850 -17.7853 0.8822 24.0763 -5.5233 -2.1762
