Pedestrian -1 -1 -7.3814 197.6264 166.8380 310.7725 358.5205 1.7667 0.6888 0.8470 -3.4288 1.6323 7.0537 -7.8258 1.9627
Car -1 -1 -7.9958 675.2264 160.9716 738.2901 216.5488 1.8340 1.6607 3.8046 3.6475 1.1570 25.6127 -7.8609 1.8680
Pedestrian -1 -1 -8.4410 870.2615 157.1442 925.1624 253.5461 1.7196 0.6098 0.7639 5.4109 1.2858 13.2510 -8.0656 0.8249
Pedestrian -1 -1 -3.5983 810.4778 149.6581 897.6602 326.5880 1.7814 0.7121 0.6126 2.6134 1.4615 7.6286 -3.2845 0.6015
Pedestrian -1 -1 -2.9136 151.5568 163.0257 260.4684 318.0543 1.8368 0.7045 1.0615 -4.9622 1.6186 8.9920 -3.4116 0.3131
Pedestrian -1 -1 -7.0698 484.2447 167.5672 509.9090 215.0495 1.8656 0.6314 0.8070 -4.1923 1.3185 28.7354 -7.2185 0.1912
Pedestrian -1 -1 -4.7290 71.8946 164.8971 163.2766 360.5006 1.8550 0.7415 0.9683 -5.0433 1.6982 7.4213 -5.3158 -0.1243
Cyclist -1 -1 -3.2701 535.9313 169.3594 574.8100 210.9069 1.8006 0.6597 1.6338 -2.0478 1.2748 31.6162 -3.3393 -0.3912
Cyclist -1 -1 -7.8091 484.0223 170.2478 496.5216 214.3849 1.7757 0.4441 1.7489 -4.6214 1.3234 29.7938 -7.9668 -0.7384
Car -1 -1 -4.8501 652.9345 174.4711 691.7699 203.9071 1.4742 1.5510 3.3897 3.6706 1.1224 37.7055 -4.7588 -0.8356
Car -1 -1 -7.8819 553.9027 171.1667 582.0044 197.9106 1.5888 1.6146 3.7021 -2.1100 0.9750 44.5854 -7.9339 -1.0708
Pedestrian -1 -1 -7.8731 566.9959 169.8367 579.8813 199.7513 1.7677 0.7504 0.6752 -1.6708 1.0786 42.8071 -7.9169 -1.2188
Car -1 -1 -4.9746 844.8884 173.5819 960.0151 236.3948 1.4023 1.6280 3.9788 7.3860 1.2261 18.1063 -4.5976 -1.5584
Pedestrian -1 -1 -7.5068 497.1199 176.4526 514.3029 209.6774 1.6318 0.6637 0.6589 -4.7605 1.3841 35.6716 -7.6436 -1.6176
Cyclist -1 -1 -6.3379 651.9833 168.9235 680.3167 198.9437 1.7373 0.6489 1.6095 3.7688 1.0096 41.9197 -6.2538 -1.6535
Car -1 -1 -4.7992 640.8939 162.7696 667.2198 188.0532 1.8578 1.6392 3.9466 3.9942 0.4815 54.7714 -4.7316 -1.7171
Pedestrian -1 -1 -5.7457 171.9931 160.1791 199.0539 239.2280 1.8893 0.5165 0.3545 -10.1231 1.3803 17.4292 -6.2707 -1.7221
Cyclist -1 -1 -7.4888 527.9693 173.3792 553.9301 215.0300 1.6241 0.5085 1.6024 -2.4365 1.3078 28.8504 -7.5775 -1.8056
Pedestrian -1 -1 -4.7557 823.5920 166.5329 840.1684 212.0740 1.6163 0.5388 0.5452 8.2569 1.0855 25.8261 -4.4542 -1.9340
Car -1 -1 -8.3896 755.2296 163.6960 801.5384 185.6798 1.5517 1.6160 3.7031 12.9498 0.2950 52.7105 -8.1547 -1.9673
Car -1 -1 -3.6268 0.0000 213.7604 64.2321 373.0000 1.4471 1.6096 3.9444 -6.5690 1.7821 5.3451 -4.4969 -2.0105
Car -1 -1 -8.2255 645.5517 159.7829 676.5617 179.5869 1.8605 1.6770 3.9391 5.8166 -0.1926 70.0248 -8.1477 -2.1362
Pedestrian -1 -1 -7.2725 318.2327 182.0887 424.4831 329.5405 1.5708 0.7200 1.0205 -2.6617 1.5787 8.2453 -7.5817 -2.1499
Cyclist -1 -1 -4.5652 865.3743 156.4964 890.8933 205.3546 1.7572 0.6632 1.6708 10.2819 0.8583 26.7263 -4.2062 -2.1671
Car -1 -1 -4.4815 498.4701 175.3561 546.1502 205.6647 1.4897 1.6182 3.9574 -4.0616 1.1880 37.3679 -4.5941 -2.1788
