Car -1 -1 -8.1691 732.4554 149.5647 937.5408 298.4093 1.8053 1.6552 3.8647 3.1541 1.4187 10.6766 -7.8940 2.4047
Pedestrian -1 -1 -3.9227 336.2314 164.4236 381.8862 262.9394 1.8401 0.6533 0.5222 -4.6942 1.5217 13.7965 -4.2505 0.2351
Pedestrian -1 -1 -4.5718 1101.5740 134.5012 1148.4899 244.4524 1.7725 0.5537 0.6953 8.7215 1.0155 12.0233 -3.9597 -0.0789
Pedestrian -1 -1 -7.2941 284.9984 166.6937 334.5865 266.9828 1.7780 0.5804 0.6544 -5.3550 1.5161 13.1074 -7.6806 -0.2814
Cyclist -1 -1 -7.5666 453.5973 174.3509 517.3351 264.1258 1.6202 0.7757 1.6768 -2.2420 1.4918 13.8438 -7.7297 -0.5354
Car -1 -1 -8.3712 817.1966 196.2575 1237.0000 373.0000 1.4495 1.5695 3.7404 1.8178 1.5370 2.2880 -7.7596 -0.6427
Pedestrian -1 -1 -6.3336 332.3961 170.9647 362.6106 257.1261 1.7007 0.5502 0.5478 -5.1830 1.4933 14.5376 -6.6759 -0.7549
Cyclist -1 -1 -7.3951 688.7119 165.4733 715.8658 200.9631 1.7635 0.6985 1.6983 5.1388 0.9674 36.5944 -7.2615 -0.7825
Pedestrian -1 -1 -7.0970 1136.5430 128.6646 1215.7548 249.6903 1.8097 0.5283 0.8352 8.7984 1.0203 11.0678 -6.4419 -0.7949
Pedestrian -1 -1 -7.8837 525.8166 170.6153 546.1254 215.5668 1.7151 0.7551 0.8257 -2.5659 1.3002 27.8650 -7.9798 -0.8372
Car -1 -1 -7.7618 524.9741 177.8166 562.1700 207.1243 1.4294 1.5811 3.8064 -2.9350 1.2500 36.9443 -7.8456 -0.9416
Pedestrian -1 -1 -4.2404 657.4254 166.9834 672.3543 198.5135 1.8067 0.5831 0.7598 3.6786 0.9750 41.6388 -4.1578 -1.1731
Pedestrian -1 -1 -7.7790 657.4175 172.5308 675.7370 215.7218 1.6321 0.6564 0.6588 2.4773 1.2935 27.5208 -7.6953 -1.2978
Car -1 -1 -4.8100 660.1138 179.2785 717.7922 224.5703 1.4151 1.5387 3.7360 2.8613 1.3462 24.3218 -4.6994 -1.3581
Car -1 -1 -7.4170 636.8090 171.4349 705.1211 206.6591 1.5465 1.6436 4.0599 3.3132 1.1049 33.7060 -7.3249 -1.4547
Pedestrian -1 -1 -2.2291 470.4621 173.8197 508.6721 246.4177 1.6447 0.6351 0.6142 -2.6401 1.4712 16.7150 -2.3888 -1.6024
Car -1 -1 -5.9265 1010.0977 188.0855 1237.0000 373.0000 1.5329 1.6251 4.0149 3.4861 1.5735 2.2001 -4.9771 -1.6106
Pedestrian -1 -1 -7.4181 551.2537 161.6397 561.3282 182.9067 1.8241 0.5685 0.8454 -3.8727 0.1204 62.1085 -7.4849 -1.6236
Cyclist -1 -1 -2.7987 628.5477 169.6157 664.8744 209.0682 1.7436 0.6366 1.5061 2.0230 1.2187 32.3327 -2.7418 -1.7696
Car -1 -1 -3.3457 478.5351 173.3240 540.7551 195.4989 1.5110 1.6315 4.0799 -6.4317 0.9539 50.3893 -3.4770 -1.7706
Pedestrian -1 -1 -7.1548 310.5166 172.5683 330.5589 205.1925 1.7084 0.7442 0.6519 -14.8805 1.2409 38.0438 -7.5303 -1.7941
Pedestrian -1 -1 -6.8265 637.5793 169.5043 655.1002 203.7788 1.7538 0.8032 0.5708 2.3179 1.1402 37.2453 -6.7698 -1.8148
Car -1 -1 -8.3296 463.4554 170.5779 507.3229 192.0375 1.5477 1.6091 3.9346 -8.7191 0.7599 53.8668 -8.4942 -1.8175
Car -1 -1 -6.7198 582.8313 167.9579 643.7926 189.7854 1.5472 1.6420 4.1536 0.8875 0.5873 52.5232 -6.7078 -1.9216
Cyclist -1 -1 -5.0520 646.9927 172.5283 672.5287 213.8576 1.6069 0.5245 1.5398 2.3015 1.2584 28.7407 -4.9780 -2.0168
Pedestrian -1 -1 -8.0332 703.7211 171.5627 730.7644 227.9619 1.6624 0.6943 0.6204 3.4287 1.3699 21.4928 -7.8821 -2.0260
Car -1 -1 -5.0350 644.6838 174.5933 716.3730 213.6872 1.4872 1.6379 4.2276 3.1431 1.2248 29.5697 -4.9352 -2.1945
