Pedestrian -1 -1 -7.2891 100.6696 173.3198 253.8089 373.0000 1.6649 0.6451 0.9421 -3.3944 1.6058 5.7397 -7.8100 2.0883
Car -1 -1 -8.0116 678.5872 162.2860 751.1027 222.7086 1.8392 1.7178 4.0550 3.6450 1.2548 23.9038 -7.8671 1.9600
Pedestrian -1 -1 -8.3961 905.6263 151.8642 968.2645 265.5828 1.8199 0.6823 0.6763 5.4883 1.3463 11.8736 -7.9769 1.3014
Pedestrian -1 -1 -4.0478 859.8517 156.4221 1006.7222 373.0000 1.6872 0.7130 0.8352 2.5963 1.5048 5.7602 -3.6471 0.7858
Pedestrian -1 -1 -2.2904 41.0045 162.9435 189.4653 352.5235 1.7901 0.7164 1.0748 -4.9499 1.6156 7.2687 -2.8778 0.4918
Cyclist -1 -1 -7.9196 549.9494 175.8787 567.2236 221.4553 1.6504 0.5176 1.7906 -1.6396 1.4472 26.9336 -7.9850 -0.2012
Car -1 -1 -4.7903 657.3169 176.2473 693.0443 204.6871 1.4206 1.5439 3.8540 3.8278 1.1585 37.8227 -4.6951 -0.2581
Pedestrian -1 -1 -3.1564 481.6078 171.8463 501.3810 221.6791 1.8497 0.6009 0.7229 -4.1614 1.4918 27.0210 -3.3130 -0.6802
Pedestrian -1 -1 -8.0572 565.4069 171.8430 580.4955 202.5237 1.7348 0.7280 0.7193 -1.6328 1.1889 41.0541 -8.1017 -0.7225
Pedestrian -1 -1 -2.5163 0.0000 173.4975 61.2616 373.0000 1.7363 0.4772 0.4666 -4.9007 1.6741 5.9029 -3.1939 -1.0192
Car -1 -1 -3.3576 525.4849 173.8803 575.3768 191.3873 1.5210 1.6075 4.1673 -4.5033 0.8587 63.7748 -3.4327 -1.0279
Pedestrian -1 -1 -7.5663 532.3045 176.5232 556.3811 220.9491 1.6276 0.6950 0.8197 -2.1465 1.4456 26.7884 -7.6507 -1.0604
Car -1 -1 -7.6587 565.9869 174.4025 599.5392 197.8558 1.5733 1.6314 3.9459 -1.2531 1.0972 50.2677 -7.6885 -1.1220
Pedestrian -1 -1 -2.8829 808.6014 176.6456 873.9010 293.2108 1.5054 0.5124 0.7346 3.1880 1.4434 9.6897 -2.5787 -1.1992
Car -1 -1 -2.5127 628.3987 173.5428 695.0939 200.6908 1.5498 1.5974 3.7287 3.5680 1.0957 42.8250 -2.4351 -1.4251
Car -1 -1 -6.7530 487.9903 178.8847 580.8429 210.4677 1.4785 1.6334 4.2941 -3.2895 1.3563 35.4695 -6.8499 -1.4341
Pedestrian -1 -1 -2.8983 473.7229 172.3002 499.4582 219.5358 1.8126 0.4956 0.8939 -4.4699 1.4599 27.8481 -3.0612 -1.5434
Car -1 -1 -4.7899 884.3110 174.2980 979.4019 242.5105 1.4031 1.6430 4.1532 7.6378 1.2555 17.0065 -4.3787 -1.7063
Pedestrian -1 -1 -7.6529 716.9631 161.5425 732.2203 199.7366 1.9639 0.6623 0.6886 6.4025 0.9379 37.3750 -7.4894 -1.7155
Pedestrian -1 -1 -7.4850 261.7453 179.4125 378.9069 369.3440 1.6157 0.7154 0.9105 -2.5849 1.5987 6.5662 -7.8531 -1.8638
Car -1 -1 -3.4222 576.5433 173.3714 628.9066 191.0179 1.5631 1.6569 4.4548 0.1433 0.8428 65.0458 -3.4249 -1.8932
Car -1 -1 -8.3951 643.0327 162.8527 682.0111 184.8717 2.0254 1.7438 4.2381 5.8101 0.3099 68.3622 -8.3154 -1.9407
Pedestrian -1 -1 -5.7564 623.1797 172.8511 636.5672 196.6118 1.7854 0.4479 0.9111 2.1708 1.1355 54.4098 -5.7217 -1.9884
Cyclist -1 -1 -4.6031 838.3137 166.4809 859.1431 216.1048 1.6115 0.5202 1.4453 8.2749 1.1242 24.0919 -4.2807 -1.9918
Pedestrian -1 -1 -7.5698 538.1046 174.0008 557.7518 218.1714 1.6897 0.5585 0.8212 -2.0976 1.4032 27.9386 -7.6493 -2.0115
Cyclist -1 -1 -3.2552 532.7703 172.0416 573.8748 215.8934 1.7969 0.6754 1.6391 -2.0275 1.4097 29.9190 -3.3275 -2.0721
