Pedestrian -1 -1 -6.0556 228.0230 187.7486 348.2187 363.7751 1.6300 0.7043 0.9556 -3.1184 1.6964 7.1140 -6.4618 -0.3609
Pedestrian -1 -1 -4.2348 1050.5643 150.3479 1149.5898 323.0264 1.7051 0.7060 0.4960 5.1581 1.3982 7.5226 -3.6554 -0.6649
Car -1 -1 -5.9378 60.7636 180.9676 265.2899 248.6363 1.6087 1.6721 4.1270 -11.0298 1.5966 18.2995 -6.4792 -1.0351
Car -1 -1 -8.0758 1103.2463 159.8844 1206.5121 216.0062 1.5276 1.6435 3.6114 16.4193 0.9397 21.5359 -7.4353 -1.0547
Pedestrian -1 -1 -7.4545 937.5266 143.5273 1078.3717 373.0000 1.7583 0.7497 0.7407 3.1427 1.4878 5.6576 -6.9726 -1.5379
Car -1 -1 -5.1661 1144.2418 159.8386 1237.0000 229.5553 1.4782 1.6025 3.8320 14.8913 1.0195 17.2844 -4.4675 -1.7995
Pedestrian -1 -1 -3.7884 956.2334 149.2420 1027.5995 272.6692 1.8023 0.7357 0.6313 5.8662 1.3319 10.9046 -3.3101 -1.9250
Car -1 -1 -6.5636 353.6489 173.1763 504.1046 231.6449 1.5444 1.6428 3.9039 -4.9671 1.3251 20.6556 -6.8020 -2.0486
Car -1 -1 -4.6383 479.8214 178.6472 538.3652 227.5945 1.4594 1.6172 3.9728 -2.9590 1.3748 23.4450 -4.7677 -2.1217
Car -1 -1 -6.8549 586.5925 165.8283 704.7949 219.1745 1.6022 1.5889 3.4997 1.4110 1.1320 23.1291 -6.7998 -2.1273
Car -1 -1 -7.9402 947.1812 166.9338 1130.6639 310.6603 1.4856 1.5931 3.7917 5.4634 1.3357 9.4808 -7.4347 -2.1646
