Pedestrian -1 -1 -5.8033 167.1864 182.7941 273.2499 323.7531 1.6535 0.6344 0.9570 -4.6700 1.6706 8.7515 -6.2872 0.4351
Pedestrian -1 -1 -3.8623 942.9717 158.9621 1001.2654 263.2249 1.6430 0.4828 0.6955 5.9573 1.2885 11.6428 -3.4038 -0.1029
Pedestrian -1 -1 -3.6745 1033.9796 154.3961 1117.4871 309.8433 1.6163 0.5127 0.5632 5.0394 1.3352 7.7322 -3.1178 -0.2800
Pedestrian -1 -1 -3.0083 885.1352 150.4226 967.1672 328.0731 1.7281 0.5883 0.7126 3.3080 1.4265 7.4220 -2.6077 -1.3061
Pedestrian -1 -1 -6.4698 995.9879 161.5935 1023.6115 219.3310 1.7225 0.7738 0.5898 12.4050 1.1291 21.8896 -5.9645 -1.6013
Pedestrian -1 -1 -7.3204 963.8446 158.7759 1035.1218 288.7984 1.6310 0.6525 0.5073 5.1654 1.3466 9.4216 -6.8360 -1.6777
Pedestrian -1 -1 -3.2424 793.1703 158.5872 808.1599 213.7552 1.7835 0.5230 0.4171 6.4908 1.0432 23.5140 -2.9810 -1.7986
Pedestrian -1 -1 -2.9211 1006.1716 155.5273 1060.5413 300.3159 1.6401 0.5583 0.4504 5.0602 1.3465 8.4947 -2.4027 -1.8546
Car -1 -1 -6.9318 0.0000 206.2802 288.6565 373.0000 1.4674 1.5690 3.5171 -2.6240 1.6030 2.0971 -7.7771 -1.9019
Car -1 -1 -4.6468 1011.2900 159.0455 1079.6276 211.8813 1.5154 1.6228 3.7951 14.0065 0.8718 22.6226 -4.1026 -2.0034
Car -1 -1 -3.9841 0.0000 195.5495 198.2561 373.0000 1.4874 1.6015 3.7183 -5.8070 1.6595 6.8758 -4.6729 -2.0774
