Pedestrian -1 -1 -6.1199 192.5956 187.2970 253.6595 319.5613 1.6124 0.7625 0.5785 -4.9004 1.6914 9.2494 -6.6014 0.1303
Pedestrian -1 -1 -7.0151 940.2237 157.7837 1005.5048 280.7408 1.6535 0.6518 0.4993 5.1337 1.3352 10.0415 -6.5584 -0.9950
Pedestrian -1 -1 -3.3357 844.1276 153.6844 949.1548 314.8775 1.7145 0.5658 0.9817 3.2120 1.4194 8.0028 -2.9709 -1.0752
Pedestrian -1 -1 -1.8042 0.0000 199.0284 24.1964 291.9403 1.6330 0.5412 0.5539 -11.0356 1.9638 13.1518 -2.4982 -1.3469
Pedestrian -1 -1 -5.6181 970.3722 147.5528 1045.6268 293.3976 1.7388 0.5733 0.5896 5.0082 1.3348 8.9495 -5.1258 -1.3497
Pedestrian -1 -1 -3.5518 1008.2363 146.8086 1077.6877 299.9932 1.7116 0.4455 0.5442 5.0266 1.3247 8.2790 -3.0255 -1.5545
Pedestrian -1 -1 -7.1634 940.4870 153.3512 994.5742 257.0120 1.7122 0.5956 0.5710 6.1953 1.2479 12.2540 -6.7092 -1.5889
Pedestrian -1 -1 -6.7322 825.5950 161.2031 846.5305 217.7217 1.7238 0.5212 0.4277 7.2174 1.1052 22.1975 -6.4264 -1.6565
Pedestrian -1 -1 -3.9751 1169.7389 148.5092 1237.0000 360.3870 1.6444 0.4571 0.7032 5.0961 1.3890 5.8517 -3.2860 -1.7592
Car -1 -1 -8.1195 710.6700 158.2570 785.9630 213.2546 1.7194 1.5896 3.5008 4.8463 0.9932 24.2634 -7.9294 -1.7778
Car -1 -1 -6.4901 987.7240 163.3881 1128.9969 207.8616 1.5071 1.6478 4.0137 16.2424 0.8938 25.7981 -5.9378 -1.9488
Pedestrian -1 -1 -6.6911 978.5405 158.7356 1008.1272 215.5602 1.7599 0.7605 0.5566 12.3193 1.0553 22.6490 -6.2029 -2.0443
