Car -1 -1 -6.7420 655.9803 155.4310 943.0002 276.2752 1.8893 1.7783 4.5317 3.3431 1.4824 12.5720 -6.4928 1.1059
Pedestrian -1 -1 -3.8157 754.9222 148.7708 895.7632 338.9237 1.8606 0.8742 1.1352 2.3158 1.5410 7.6506 -3.5371 1.0754
Pedestrian -1 -1 -6.9990 725.9586 186.6932 861.6865 373.0000 1.5485 0.7239 0.8203 1.5400 1.5962 5.9951 -6.7642 0.3242
Pedestrian -1 -1 -3.3277 553.2686 171.5808 651.9801 353.0010 1.7188 0.6229 0.8818 -0.0545 1.6256 7.1984 -3.3414 -0.1664
Pedestrian -1 -1 -3.0986 423.2323 165.5871 440.2377 215.7461 1.7935 0.5878 0.5780 -6.1690 1.2249 26.0284 -3.3342 -0.3988
Car -1 -1 -6.9647 1168.8019 155.4453 1237.0000 217.7748 1.5026 1.6144 3.9445 17.0174 0.8750 18.2354 -6.2260 -1.5977
Car -1 -1 -6.4525 636.9814 169.1427 768.9741 226.5319 1.6146 1.6110 3.6035 2.8823 1.2674 21.0869 -6.3235 -1.6458
Pedestrian -1 -1 -3.7870 1177.7244 125.4866 1237.0000 272.7632 1.9854 0.7087 0.5966 8.5935 1.2310 10.0508 -3.0977 -1.8226
Pedestrian -1 -1 -4.4982 219.0152 164.7995 244.3656 223.1079 1.8840 0.6155 0.6636 -12.1732 1.3448 23.6101 -4.9748 -1.9134
Car -1 -1 -7.2802 1115.4700 131.3185 1237.0000 373.0000 1.6964 1.6426 3.7928 4.5910 1.5477 3.0749 -6.3440 -1.9512
Pedestrian -1 -1 -6.6835 1100.8707 142.5180 1237.0000 373.0000 1.7906 0.5950 0.5269 2.9522 1.6092 3.7064 -6.0507 -2.0037
