Pedestrian -1 -1 -3.4095 643.3742 146.2691 769.9065 354.7686 1.9013 0.6083 1.0782 0.9432 1.5807 6.9287 -3.2854 1.9400
Pedestrian -1 -1 -7.2152 870.9675 178.6271 1005.5148 373.0000 1.5874 0.6576 0.7447 2.6054 1.5673 5.6907 -6.8090 1.8069
Pedestrian -1 -1 -3.6855 408.8733 181.7700 522.6813 373.0000 1.6395 0.6580 0.7686 -1.2635 1.6429 6.4183 -3.8789 0.3281
Pedestrian -1 -1 -2.9948 390.1143 166.3493 398.3713 217.5408 1.7968 0.4442 0.2204 -7.3638 1.2654 25.4488 -3.2789 0.0307
Car -1 -1 -7.0532 891.7011 154.6556 1163.1997 262.6227 1.7791 1.7468 4.3441 7.7458 1.3374 13.2280 -6.5373 -0.0447
Cyclist -1 -1 -6.8090 589.1083 166.3702 637.3923 217.4170 1.7979 0.6177 1.6628 0.4079 1.2654 25.9791 -6.7986 -0.8235
Pedestrian -1 -1 -3.2779 1158.1042 105.1452 1237.0000 373.0000 1.8871 0.5542 0.4646 2.8807 1.5691 3.3557 -2.6122 -1.0385
Pedestrian -1 -1 -7.0453 1197.5956 151.3954 1222.6279 205.6944 1.8096 0.5219 0.3894 20.4868 0.8068 24.2143 -6.3534 -1.1992
Pedestrian -1 -1 -8.5481 1181.8878 159.5344 1213.3922 209.3564 1.8321 0.6784 0.5930 22.1437 1.0247 26.7152 -7.8658 -1.6215
Cyclist -1 -1 -5.9489 574.7451 166.6556 620.2473 215.6868 1.7808 0.5885 1.5809 -0.1683 1.2420 26.6198 -5.9603 -1.6454
Pedestrian -1 -1 -4.5197 210.8902 164.9464 236.0747 222.3676 1.8202 0.5949 0.7190 -12.2278 1.2959 23.2009 -5.0052 -1.7837
Pedestrian -1 -1 -7.1402 293.6225 165.9171 322.4857 220.5645 1.7969 0.5877 0.6887 -9.8407 1.2849 24.0402 -7.5301 -1.8302
Car -1 -1 -8.2346 731.0526 165.1738 837.9935 230.7562 1.5903 1.5659 3.4331 4.7499 1.1950 19.2316 -8.0008 -2.0307
Cyclist -1 -1 -6.6743 1191.7407 148.6652 1237.0000 206.5050 1.8701 0.6732 1.7385 20.7505 0.8089 23.8150 -5.9680 -2.1314
Car -1 -1 -5.1831 959.7524 170.2840 1113.1240 237.6017 1.4631 1.5683 3.8552 10.3984 1.2199 17.5778 -4.6606 -2.1904
