Car -1 -1 -7.2525 992.5887 179.7358 1212.3541 272.4579 1.4222 1.5046 3.3392 8.5466 1.3958 12.3343 -6.6617 1.4282
Pedestrian -1 -1 -6.1977 753.9646 161.0080 774.8498 202.3837 1.8777 0.5348 0.8965 7.4718 0.9480 32.9869 -5.9816 -0.2106
Pedestrian -1 -1 -3.2370 284.0657 191.8228 399.6563 373.0000 1.5837 0.5290 0.6656 -1.7672 1.6578 4.7166 -3.5849 -0.5384
Cyclist -1 -1 -7.0296 1075.2041 148.1319 1126.5587 195.5463 1.8638 0.6673 1.6852 19.9217 0.5525 28.6922 -6.4319 -1.0228
Pedestrian -1 -1 -3.4748 796.5459 157.7023 815.6382 204.9903 1.8582 0.6578 0.5404 8.1160 0.9234 28.5728 -3.2055 -1.7382
Pedestrian -1 -1 -6.8242 955.0229 168.9763 991.5167 227.4608 1.6546 0.6512 0.6932 10.6615 1.3007 20.6727 -6.3584 -1.8873
Pedestrian -1 -1 -6.9953 994.1865 164.8576 1019.2285 220.1102 1.7348 0.5459 0.4435 12.8689 1.2127 22.8675 -6.4927 -2.0421
Car -1 -1 -4.4822 836.9240 172.8219 899.0367 210.5468 1.4537 1.5928 3.8910 11.0701 1.1197 29.7450 -4.1339 -2.1611
Pedestrian -1 -1 -5.5250 113.2255 168.4774 134.5003 230.7515 1.7813 0.4496 0.2812 -13.8525 1.4093 20.7928 -6.1120 -2.1814
Cyclist -1 -1 -4.8937 1134.2614 149.2464 1171.9918 203.3307 1.7812 0.6782 1.8734 18.8772 0.7194 24.6470 -4.2501 -2.1946
