Car -1 -1 -7.2589 993.3331 178.3980 1212.8179 272.4863 1.4415 1.5133 3.3386 8.5569 1.3946 12.3328 -6.6675 1.4919
Pedestrian -1 -1 -3.5790 100.3202 195.8804 271.3168 373.0000 1.6571 0.5634 0.7391 -2.5820 1.7552 4.3947 -4.0922 -0.2210
Pedestrian -1 -1 -5.8945 754.4736 160.7599 773.4476 201.7195 1.8570 0.6153 0.6696 7.4557 0.9170 33.0104 -5.6790 -0.4594
Pedestrian -1 -1 -6.5664 1115.4584 155.3063 1148.9731 206.5328 1.7622 0.5803 0.8081 18.5264 0.8615 25.1200 -5.9409 -0.5613
Pedestrian -1 -1 -7.8162 1107.2830 151.5924 1128.5319 197.4030 1.7972 0.6697 0.6712 20.5808 0.6243 28.6516 -7.2025 -1.3730
Pedestrian -1 -1 -8.9178 1009.1213 163.9901 1049.5917 242.0778 1.7123 0.7616 0.4783 9.5836 1.3289 16.1525 -8.3946 -1.7766
Car -1 -1 -7.1031 1114.9579 168.4383 1237.0000 239.1550 1.4917 1.6310 4.0236 14.0467 1.2167 16.2006 -6.4019 -1.8521
Pedestrian -1 -1 -4.1998 1081.1936 153.1189 1106.8762 195.8767 1.7475 0.5743 0.7778 20.4080 0.5879 29.7892 -3.6082 -1.8741
Cyclist -1 -1 -6.6623 938.8336 165.5322 1007.7789 229.0225 1.7918 0.6701 1.6289 10.6527 1.3416 20.6765 -6.1969 -1.8763
Pedestrian -1 -1 -6.8300 813.2778 157.6221 837.5626 204.2934 1.8356 0.6766 0.6681 8.9131 0.8968 28.6629 -6.5361 -1.8877
Cyclist -1 -1 -7.4425 1128.2681 145.2071 1171.2909 197.0270 1.8709 0.6496 1.7165 20.3176 0.5610 26.6410 -6.8006 -1.9510
Pedestrian -1 -1 -5.3403 252.6132 173.4945 269.5500 202.7817 1.8141 0.6339 0.7566 -21.2952 1.3183 44.9544 -5.7855 -2.0263
Car -1 -1 -7.5790 284.7919 173.6619 349.9910 215.5115 1.5275 1.5351 3.2557 -10.9830 1.2418 27.9165 -7.9557 -2.1500
Pedestrian -1 -1 -4.6501 186.2921 158.8855 210.4887 222.0461 1.8547 0.5914 0.7106 -12.1099 1.1911 21.5420 -5.1621 -2.1583
