Car -1 -1 -7.2754 992.1956 179.7681 1208.3149 273.0669 1.4266 1.5072 3.3298 8.5124 1.4008 12.3304 -6.6864 1.4752
Pedestrian -1 -1 -8.6638 1076.7753 158.2247 1105.0477 206.0784 1.7412 0.6102 0.6088 18.0300 0.8947 26.5010 -8.0760 -0.1410
Pedestrian -1 -1 -3.7318 329.5237 186.8526 460.4148 373.0000 1.6115 0.5512 0.6539 -1.4432 1.6515 4.8535 -4.0137 -0.3434
Pedestrian -1 -1 -6.4043 751.5128 159.1312 776.6616 201.3741 1.9198 0.5718 1.0607 7.4480 0.9035 32.9807 -6.1889 -0.4197
Pedestrian -1 -1 -5.5961 0.0000 177.9111 14.1843 239.6020 1.7612 0.4641 0.3202 -17.3364 1.6592 20.7409 -6.2913 -1.0466
Cyclist -1 -1 -6.8442 991.7483 158.8577 1059.9220 218.5665 1.8173 0.7132 1.7027 13.1023 1.1286 22.2528 -6.3223 -1.9331
Car -1 -1 -7.0637 1114.1533 163.8674 1237.0000 234.0030 1.4846 1.6270 4.0173 14.0396 1.1119 16.1743 -6.3620 -1.9597
Pedestrian -1 -1 -6.7155 955.7601 168.0967 992.4548 226.7085 1.6593 0.6857 0.7116 10.6934 1.2803 20.6907 -6.2488 -1.9664
Pedestrian -1 -1 -3.4735 215.2777 157.5660 245.5803 217.8055 1.7950 0.5101 0.6895 -11.3038 1.0823 21.8308 -3.9515 -1.9736
Pedestrian -1 -1 -4.2177 261.0873 157.4456 291.4896 217.3364 1.8297 0.5814 0.7393 -10.1316 1.0953 22.3347 -4.6442 -2.0350
Pedestrian -1 -1 -8.0684 253.9983 174.0449 268.5422 203.3127 1.8113 0.6862 0.7062 -21.2808 1.3500 44.9451 -8.5134 -2.1586
