Car -1 -1 1.9867 181.1357 187.4840 328.4296 265.5015 1.5695 1.6601 4.0506 -8.3752 1.9630 17.3349 1.5367 10.9754
Car -1 -1 1.8330 352.8729 184.5843 420.4829 230.2802 1.6084 1.6268 3.6743 -8.6895 2.0979 28.2172 1.5343 10.5327
Car -1 -1 -1.5775 570.9575 179.9840 611.4409 219.6393 1.6280 1.7084 4.4225 -0.9104 1.9733 32.6639 -1.6053 8.3594
Car -1 -1 2.3555 0.0000 201.0678 82.3802 374.0000 1.4870 1.5949 3.8507 -8.2510 1.8835 8.1987 1.5669 5.9437
Car -1 -1 1.8034 426.2715 183.8106 473.4073 213.4898 1.5132 1.6581 4.1902 -8.9461 2.1598 40.4485 1.5858 5.1718
Car -1 -1 1.3707 752.5359 170.0613 789.5011 193.8821 1.5053 1.6132 3.9778 10.5402 1.3292 47.5965 1.5886 0.9748
Car -1 -1 1.7477 433.4696 182.0059 481.5160 216.3972 1.5272 1.6238 3.8974 -7.3840 1.9973 35.0612 1.5401 0.4556
Car -1 -1 1.5645 754.2604 163.6315 777.4298 184.4885 1.4704 1.6015 3.8934 11.3881 0.8206 52.9329 1.7764 0.3838
Car -1 -1 -2.2916 1065.8245 112.5258 1241.0000 360.0838 1.6866 1.6952 4.1468 6.4909 1.2759 7.0080 -1.5445 -0.0828
Car -1 -1 -1.5843 1085.1786 150.2429 1115.5531 174.2000 1.4947 1.5807 3.8501 31.9092 0.0843 47.0583 -0.9884 -0.8799
Car -1 -1 1.9388 247.1694 188.5034 379.2217 262.7673 1.4848 1.6053 3.8820 -6.9469 1.9006 17.1998 1.5549 -1.1834
