Car -1 -1 1.9135 285.7800 174.1286 384.1652 229.8039 1.8398 1.8196 4.8738 -9.9424 1.8911 26.4052 1.5534 8.4387
Car -1 -1 -1.5671 529.6372 174.4454 561.8335 206.3563 1.6502 1.6706 3.9145 -3.5506 1.7422 39.5323 -1.6566 5.8541
Car -1 -1 -1.5987 580.4492 175.0582 607.6258 200.4946 1.5711 1.6495 3.9589 -1.1060 1.7210 46.9327 -1.6223 4.4603
Car -1 -1 1.7845 441.0359 179.9912 475.8464 202.0517 1.4850 1.6299 4.0519 -10.8844 2.0190 51.9133 1.5779 3.5102
Car -1 -1 1.8527 358.8627 180.4649 436.2871 226.1330 1.4468 1.6111 3.8232 -7.4226 1.7354 25.4076 1.5685 2.0811
Car -1 -1 1.8319 868.0886 151.4071 899.7800 169.4114 1.4684 1.5993 3.8234 23.4021 -0.3034 61.6337 2.1948 1.4845
Car -1 -1 1.9079 248.5167 182.0993 375.1270 252.5237 1.4990 1.6411 4.0775 -7.2968 1.7564 17.9768 1.5223 0.9571
Car -1 -1 1.4787 636.9874 176.3280 662.5862 196.2293 1.4883 1.6324 4.1261 3.0698 1.7721 56.7785 1.5328 0.9474
Car -1 -1 -0.2242 1111.3548 124.5751 1241.0000 170.8018 1.4899 1.6415 4.1339 19.9970 -0.0755 25.0360 0.4498 -0.5330
Car -1 -1 1.9521 681.2504 172.0622 713.1198 189.2306 1.4735 1.5625 3.6347 7.7266 1.4059 63.8917 2.0725 -1.0746
Car -1 -1 1.7463 456.0947 178.0425 492.4207 203.9399 1.4544 1.5492 3.4408 -8.0689 1.7760 42.9402 1.5605 -1.2017
Car -1 -1 1.7830 437.9495 176.3479 483.0658 206.3399 1.4833 1.5869 3.6712 -7.8437 1.6764 37.9545 1.5792 -1.6385
Car -1 -1 -1.5424 236.4724 186.5100 260.4418 206.6682 1.5207 1.6576 4.2843 -29.9630 2.6967 59.8245 -2.0067 -2.1480
