Car -1 -1 1.9367 273.3376 182.1792 378.2366 238.2517 1.5386 1.6669 4.1533 -8.7860 1.8576 22.5696 1.5654 11.7045
Car -1 -1 -1.5171 586.3616 175.0900 614.5991 200.7928 1.6469 1.6840 4.2588 -0.6326 1.8051 48.7689 -1.5301 4.1101
Car -1 -1 1.7590 430.6958 180.4733 478.9041 213.4604 1.4721 1.6055 3.7884 -7.5020 1.8622 34.9926 1.5478 1.7920
Car -1 -1 1.7620 452.3769 180.5882 494.4668 209.8887 1.5021 1.5997 3.7656 -7.5279 1.9501 39.8691 1.5753 0.2722
Car -1 -1 1.9160 313.7767 170.6311 383.2301 215.9028 2.0157 1.7791 4.1972 -12.3418 1.9171 34.2227 1.5699 -0.1168
Car -1 -1 2.2079 19.6723 194.5763 99.0442 224.7890 1.4690 1.5608 3.7178 -30.1839 2.7190 39.6371 1.5570 -0.3172
Car -1 -1 2.0272 104.0200 190.2683 310.1453 293.8503 1.4857 1.6174 4.0184 -7.0612 1.8508 13.0710 1.5319 -0.4402
Car -1 -1 -0.1502 1145.6815 133.2536 1241.0000 180.5029 1.4638 1.6021 3.8789 20.3059 0.2373 24.0490 0.5510 -0.7339
Car -1 -1 1.8034 389.7605 178.7013 457.7956 224.5001 1.6270 1.6737 4.0966 -7.2295 1.8728 28.2204 1.5526 -0.8482
Car -1 -1 1.5974 465.7582 176.0581 488.7312 196.4734 1.4832 1.6250 3.8682 -10.1309 1.7373 55.0934 1.4155 -0.9747
Car -1 -1 -1.8551 700.4621 154.9778 743.2066 182.3368 1.5258 1.5520 3.4382 6.4352 0.5292 42.0426 -1.7032 -1.3900
Car -1 -1 2.0749 188.8001 187.2604 245.7443 212.1970 1.4778 1.5961 3.8392 -25.4878 2.4532 46.9061 1.5771 -1.5262
Car -1 -1 1.8730 354.3758 184.2751 436.6643 233.5655 1.4807 1.6062 3.8263 -7.2170 1.8992 24.4895 1.5864 -1.5599
Car -1 -1 1.8876 295.4410 185.2487 400.5499 246.9840 1.4790 1.6169 3.8223 -7.1674 1.8560 19.9920 1.5434 -1.8149
Car -1 -1 2.3577 0.0000 197.7058 133.8321 374.0000 1.4856 1.6100 3.9740 -7.0640 1.8088 7.3640 1.5931 -2.0538
Car -1 -1 -1.1891 879.1972 174.5465 927.5226 198.8833 1.4742 1.5701 3.7288 18.6385 1.5865 45.8526 -0.8030 -2.1609
