Car -1 -1 1.8412 339.4559 173.3157 414.0397 222.9401 1.9871 1.8551 4.8398 -10.0624 2.0091 31.3906 1.5310 8.5644
Car -1 -1 -1.5492 534.5836 180.5528 563.6221 207.1763 1.4426 1.6109 3.7680 -3.5522 1.9133 42.1416 -1.6333 5.7890
Car -1 -1 -1.6415 583.0336 177.2705 611.6183 202.2880 1.5323 1.5912 3.6379 -0.8868 1.8302 46.7376 -1.6605 4.2050
Car -1 -1 1.7154 453.3791 178.3581 490.9957 207.2717 1.5295 1.5840 3.5905 -7.7594 1.8542 40.6892 1.5270 2.5520
Car -1 -1 1.7981 456.7911 180.5286 487.7612 200.3796 1.4747 1.5717 3.8945 -10.8841 2.1035 57.1035 1.6098 2.0394
Car -1 -1 1.4035 656.4952 177.7078 695.9479 205.5917 1.4592 1.5980 3.6609 3.6155 1.7434 40.3000 1.4929 0.7774
Car -1 -1 2.7902 744.4932 164.9933 819.8244 193.8343 1.5493 1.6014 3.7141 9.4250 1.1274 39.7733 3.0229 0.5291
Car -1 -1 2.2208 0.0000 185.3011 265.3381 319.3649 1.5331 1.6451 4.1345 -7.1092 1.7557 10.7588 1.6368 0.4059
Car -1 -1 0.0659 1118.0585 137.5863 1241.0000 181.8763 1.5063 1.6161 4.0058 21.1622 0.3072 26.4846 0.7401 0.1317
Car -1 -1 1.9895 259.5554 189.9449 302.2844 211.1119 1.4724 1.5907 3.7278 -25.0938 2.8219 55.0816 1.5620 -0.6512
Car -1 -1 1.8574 335.7349 182.1245 423.6915 235.0857 1.5008 1.6256 3.9653 -7.3109 1.8242 23.1421 1.5514 -0.8756
Car -1 -1 1.7732 432.5344 181.3687 478.5667 213.4125 1.4667 1.5546 3.5137 -7.6290 1.9094 35.7227 1.5628 -0.9161
Car -1 -1 1.9118 261.0179 181.2395 383.9019 250.8173 1.5223 1.6364 3.9963 -7.1685 1.7589 18.2957 1.5384 -0.9335
Car -1 -1 1.5414 676.2030 155.1870 693.3504 170.4880 1.4749 1.5881 3.8644 7.4381 -0.2427 72.1489 1.6441 -1.0302
Car -1 -1 1.8175 429.6417 185.1837 455.7653 201.2166 1.4759 1.6067 3.9475 -16.5512 2.7315 71.4644 1.5899 -1.4376
Car -1 -1 1.7848 389.6863 180.1943 452.0940 221.2253 1.4674 1.6022 3.8230 -7.4131 1.7769 28.4400 1.5298 -2.0034
