Car -1 -1 2.1253 70.5390 199.2443 218.1612 265.0076 1.4625 1.5845 3.7781 -12.4188 2.2444 19.4673 1.5575 13.0316
Car -1 -1 -1.3360 346.0950 177.9129 510.9164 300.3562 1.6510 1.6966 4.0641 -2.8220 1.7493 11.9288 -1.5683 11.4441
Car -1 -1 1.7571 464.3566 181.3932 494.3737 201.5183 1.5114 1.6482 4.0724 -10.4762 2.2219 57.9590 1.5783 3.6414
Car -1 -1 -1.5702 590.8035 176.4237 617.5800 202.6436 1.6119 1.6673 4.1435 -0.4109 1.8551 46.9986 -1.5790 1.6086
Car -1 -1 2.2603 0.0000 202.3925 74.2550 263.2168 1.4637 1.6107 3.8228 -17.9577 2.4087 21.1507 1.5564 1.0544
Car -1 -1 1.6833 706.6151 155.4327 733.0607 175.3636 1.5059 1.6193 3.9620 8.6281 0.1900 56.6373 1.8345 0.4174
Car -1 -1 -1.8203 755.4051 174.9379 807.3437 206.0021 1.4624 1.6092 3.9037 8.4902 1.5730 36.1958 -1.5899 0.3687
Car -1 -1 -0.7853 0.0000 191.1826 131.8274 374.0000 1.4726 1.6154 4.0933 -7.2388 1.7167 7.5289 -1.5511 0.1497
Car -1 -1 -1.0528 69.4030 170.7915 139.1051 200.6147 1.7465 1.6953 4.1143 -31.0386 1.6261 44.3792 -1.6631 -0.2077
Car -1 -1 1.8840 294.1727 187.6695 385.9692 243.4462 1.5561 1.6212 3.9399 -8.5957 2.0738 23.1924 1.5291 -1.3782
