Car -1 -1 2.0997 30.0363 183.4149 257.9354 289.5956 1.6481 1.6832 4.2998 -8.6249 1.8824 13.8033 1.5412 12.3807
Car -1 -1 1.9948 209.1421 172.3571 322.7756 236.6098 2.0576 1.8313 4.7138 -12.0059 2.0421 25.4752 1.5544 8.2322
Car -1 -1 1.8218 441.6130 172.2889 488.0477 203.2000 1.9000 1.8001 4.8711 -9.3767 1.8656 46.8282 1.6242 5.0879
Car -1 -1 -1.6104 588.4368 176.4150 614.8535 200.7448 1.5495 1.6193 3.7113 -0.6239 1.7981 48.4015 -1.6233 4.8500
Car -1 -1 1.8249 352.1986 177.9453 435.4534 231.5272 1.5867 1.6587 4.0528 -7.0604 1.7695 23.8073 1.5366 2.3215
Car -1 -1 2.2361 0.0000 188.8363 181.3665 372.8455 1.4886 1.6451 4.2052 -7.0205 1.7208 8.3343 1.5361 1.4860
Car -1 -1 1.7947 422.9187 178.7335 476.1967 213.9221 1.4992 1.6073 3.7288 -7.3609 1.7856 33.2313 1.5767 1.2774
Car -1 -1 1.7462 456.5724 176.7235 496.7111 205.1598 1.5144 1.6035 3.7546 -7.5276 1.7438 40.8199 1.5638 0.6024
Car -1 -1 1.5805 636.2396 174.6934 656.4996 193.6444 1.4846 1.5974 3.9332 2.9634 1.6403 58.9221 1.6308 -0.5965
Car -1 -1 -0.2154 1200.7176 121.6657 1241.0000 176.5739 1.5247 1.6482 4.1264 20.5988 0.1037 21.8031 0.5416 -1.3796
Car -1 -1 -1.8541 715.8736 157.1774 767.4097 192.7793 1.7691 1.6569 3.7785 6.7993 0.9905 37.8171 -1.6762 -1.8651
