Car -1 -1 -1.5497 585.8873 173.3759 611.7632 197.5839 1.5497 1.6493 3.9881 -0.7423 1.5864 48.2713 -1.5651 2.4517
Car -1 -1 1.8009 374.9889 178.6284 448.1646 224.1329 1.4996 1.6615 4.2284 -7.2131 1.7290 26.4628 1.5348 1.9424
Car -1 -1 1.6977 460.4624 177.8554 496.9425 204.9609 1.4468 1.5913 3.6862 -7.4643 1.7450 41.0874 1.5180 1.3599
Car -1 -1 -1.9036 662.4680 165.4342 696.5874 187.1362 1.6258 1.5959 3.4230 5.3264 1.0703 55.9015 -1.8086 0.1436
Car -1 -1 1.9205 262.0283 172.5942 391.1470 246.8940 1.6486 1.6755 4.1473 -6.9707 1.6432 18.0954 1.5528 0.0432
Car -1 -1 1.7843 412.0072 179.9066 469.6269 217.4230 1.4845 1.6233 3.9956 -7.3035 1.8106 31.3140 1.5552 -0.2237
Car -1 -1 2.2083 0.0000 187.6861 222.9546 341.4560 1.4798 1.6204 3.9363 -6.9015 1.7116 9.2900 1.5694 -1.2298
Car -1 -1 -0.2169 711.7605 173.7790 800.9728 205.5826 1.4670 1.6088 3.8830 6.8459 1.5123 34.1709 -0.0192 -1.7979
Car -1 -1 -3.1905 1139.0453 157.9511 1229.2906 184.0804 1.4780 1.6403 4.0963 33.8078 0.6354 42.6709 -2.5205 -1.8963
Car -1 -1 1.6628 709.9104 152.6174 743.8001 181.6412 1.5349 1.5483 3.4289 6.4789 0.4651 40.0079 1.8234 -1.9515
