Car -1 -1 -1.5908 598.0111 179.4987 625.5266 206.5431 1.6025 1.6569 3.9823 0.0426 2.0426 45.7434 -1.5898 4.5779
Car -1 -1 1.8133 414.1334 178.1547 476.2303 220.3846 1.5930 1.6206 3.7847 -6.7235 1.8249 29.6020 1.5900 2.6275
Car -1 -1 1.8798 308.2211 184.2849 416.1924 249.2387 1.5756 1.6665 4.2107 -6.8835 1.9322 20.3646 1.5538 1.6844
Car -1 -1 1.8720 404.5273 186.1399 445.7261 210.8543 1.4727 1.5783 3.6613 -11.9902 2.3706 46.8708 1.6216 1.4104
Car -1 -1 1.8162 378.6015 183.1424 455.9372 234.6992 1.5870 1.6542 4.0522 -6.6290 1.9737 25.0565 1.5575 1.0656
Car -1 -1 -1.7113 694.1110 182.8168 747.0245 220.6445 1.4673 1.6677 4.2584 4.6694 1.9286 31.2455 -1.5630 1.0039
Car -1 -1 -1.3181 799.3044 155.8030 832.1864 174.8974 1.4888 1.6114 3.9995 16.6560 0.1597 58.3885 -1.0402 0.7938
Car -1 -1 2.1061 146.2534 188.8603 242.6528 231.8024 1.4483 1.5779 3.5692 -15.7455 2.0979 27.4680 1.5856 0.2235
Car -1 -1 1.8762 349.9582 185.5868 394.7440 213.2728 1.5521 1.6042 3.5096 -14.4169 2.3572 43.8351 1.5585 -0.1559
Car -1 -1 1.9658 310.4604 187.3067 363.8983 215.0024 1.4559 1.5950 3.6921 -15.7558 2.3302 41.7543 1.6050 -0.3374
Car -1 -1 2.0063 248.9386 189.9851 285.7598 207.4207 1.4783 1.5978 3.8848 -31.7640 3.1145 66.9492 1.5633 -0.9652
Car -1 -1 1.3415 713.1588 179.8239 742.7750 199.1758 1.4425 1.5380 3.5281 9.2431 2.0101 56.8999 1.5025 -0.9923
Car -1 -1 2.0616 239.6811 192.9468 283.4236 212.6866 1.4796 1.6192 3.9396 -29.0165 3.2109 60.1560 1.6122 -1.0437
Car -1 -1 2.1546 0.0000 181.8746 273.9694 322.7448 1.5929 1.6620 4.1445 -6.7616 1.7506 10.5046 1.5827 -1.1677
