Car -1 -1 -1.5310 597.5508 178.9321 627.9855 208.1460 1.6623 1.6955 4.1701 0.1792 2.0517 44.0558 -1.5270 4.9138
Car -1 -1 1.7639 426.7562 183.1135 481.2724 222.3270 1.5052 1.5816 3.6428 -6.5641 1.9653 30.4907 1.5519 3.1823
Car -1 -1 1.7250 496.1453 182.9308 528.1106 207.5759 1.5083 1.5624 3.4960 -6.4171 2.1947 47.3604 1.5903 2.6571
Car -1 -1 2.2758 0.0000 197.0017 103.2368 263.7928 1.4630 1.6186 3.8751 -15.7049 2.1702 19.1657 1.5894 1.8434
Car -1 -1 1.3512 983.8524 147.6940 1019.7148 167.7302 1.4802 1.6369 3.9739 30.6170 -0.4162 56.5282 1.8476 1.6576
Car -1 -1 -3.6629 989.3945 175.5508 1055.7059 196.6521 1.4813 1.5830 3.8425 29.4677 1.6776 51.6481 -3.1444 0.8307
Car -1 -1 -1.1973 343.9264 184.8777 386.9693 208.3848 1.4971 1.5758 3.6843 -16.8372 2.3577 49.7462 -1.5236 0.6809
Car -1 -1 1.6684 523.8776 182.0797 546.0349 200.6403 1.5016 1.5570 3.5169 -6.4320 2.3159 61.8886 1.5648 0.6040
Car -1 -1 1.7388 453.5487 181.0914 499.9505 217.3570 1.6411 1.6296 3.7910 -6.5190 2.0677 35.4218 1.5568 0.5614
Car -1 -1 1.8365 363.5922 178.2441 446.9085 233.5557 1.6039 1.6264 3.8216 -6.5225 1.7920 23.2117 1.5625 0.1129
Car -1 -1 2.2487 0.0000 197.4484 200.5843 374.0000 1.4766 1.6375 4.0726 -6.6511 1.8248 8.1617 1.5649 -0.1377
Car -1 -1 1.3242 750.4284 179.5822 793.9182 206.2296 1.4621 1.6116 3.7948 9.4572 1.8765 42.4760 1.5433 -0.4119
Car -1 -1 -0.8755 1129.6618 160.3323 1220.6740 190.2962 1.4905 1.5999 3.8320 28.9814 0.8680 37.0752 -0.2120 -0.6209
Car -1 -1 -1.2780 300.5392 169.1972 329.5211 185.1176 1.4744 1.5642 3.6684 -28.0734 1.1361 68.7183 -1.6658 -0.9689
Car -1 -1 0.9474 1103.1885 128.1560 1241.0000 176.1772 1.5095 1.6303 4.2326 19.1320 0.1048 24.8200 1.6041 -1.9336
Car -1 -1 2.0877 219.7617 192.3077 384.5909 275.0553 1.4742 1.6076 3.8560 -6.5885 1.9551 15.8093 1.6928 -2.1887
