Car -1 -1 1.8449 418.3510 186.3040 459.4729 211.6142 1.6014 1.6982 4.2213 -11.8438 2.5752 50.0725 1.6126 3.7175
Car -1 -1 -1.2760 330.0005 188.8831 429.3427 247.9048 1.4820 1.6441 4.1855 -6.7204 2.0035 21.3564 -1.5808 2.9505
Car -1 -1 -1.5758 597.4186 181.4937 624.4799 208.9456 1.6218 1.6445 3.8574 0.0158 2.1934 45.7721 -1.5754 2.5473
Car -1 -1 1.7326 463.3487 185.9666 505.6331 216.9341 1.4961 1.6178 3.8703 -6.6671 2.2304 38.4439 1.5609 2.1277
Car -1 -1 -1.6970 690.6188 188.1270 739.2400 224.9596 1.4822 1.6563 4.2951 4.6845 2.2265 32.9830 -1.5559 1.9725
Car -1 -1 2.1429 101.7499 193.1892 215.9343 241.1529 1.4538 1.6113 3.7808 -15.7694 2.2232 25.3839 1.5870 1.6010
Car -1 -1 1.9263 318.8728 188.4623 369.6612 215.6050 1.4589 1.6036 3.8223 -15.7651 2.4286 42.8948 1.5741 0.7746
Car -1 -1 -3.0701 1015.2627 140.9533 1118.2295 174.4624 1.4862 1.6047 3.9758 21.3357 0.0717 33.8238 -2.5074 0.4508
Car -1 -1 1.7761 438.5642 186.6618 490.0032 221.6975 1.4583 1.5989 3.7751 -6.7210 2.1343 33.4142 1.5776 0.1376
Car -1 -1 1.7186 473.6702 185.7975 504.2826 208.8630 1.4667 1.5475 3.8103 -8.3674 2.3976 49.9510 1.5526 -0.1532
Car -1 -1 -1.9453 747.5104 162.5059 785.5862 182.6045 1.4904 1.5759 3.7999 11.9711 0.7234 55.5046 -1.7329 -0.4999
Car -1 -1 1.7460 394.6472 185.6157 460.4970 232.9319 1.5572 1.6769 4.2586 -6.7973 2.0756 27.1046 1.5003 -0.5153
Car -1 -1 -0.8807 761.8675 175.7481 831.6573 204.1333 1.5428 1.6436 4.1104 10.7261 1.7170 41.4686 -0.6276 -0.8652
Car -1 -1 2.0058 158.7222 186.5576 343.9236 283.8623 1.5440 1.6484 4.0391 -6.7762 1.8499 14.0500 1.5564 -1.2828
Car -1 -1 1.1089 1155.7379 118.5404 1241.0000 171.6064 1.4955 1.6151 4.1383 19.0410 -0.0426 22.6358 1.8083 -1.5211
Car -1 -1 -0.2261 722.0495 185.7997 851.1986 231.3349 1.4965 1.6346 4.0843 6.0063 1.9608 25.0221 0.0095 -1.8975
