Car -1 -1 1.1901 971.6461 148.0207 1013.1480 167.4861 1.4775 1.6026 3.9012 30.6072 -0.4455 57.9055 1.6763 3.2328
Car -1 -1 -1.6039 598.0541 179.5545 626.7349 207.3620 1.5903 1.6214 3.6516 0.0773 2.0165 44.0035 -1.6022 3.1786
Car -1 -1 1.7175 471.4068 183.3214 510.9420 212.8223 1.4841 1.6036 3.7834 -6.4976 2.0859 39.5521 1.5547 2.6901
Car -1 -1 1.8910 312.9040 188.0485 422.2495 252.3107 1.5053 1.6459 4.0777 -6.5812 1.9678 19.9030 1.5717 2.0359
Car -1 -1 1.7870 403.6656 185.7907 468.9248 232.0059 1.5626 1.6271 3.8061 -6.5499 2.0884 27.3856 1.5522 2.0034
Car -1 -1 2.2733 0.0000 195.4452 120.6975 258.5208 1.4757 1.6057 3.7596 -15.8397 2.1669 20.1530 1.6072 1.0146
Car -1 -1 -2.1934 1081.6658 150.7775 1160.8070 179.0570 1.4776 1.5877 3.8591 27.9430 0.3245 39.6340 -1.5793 0.9031
Car -1 -1 1.7611 447.5487 183.9856 495.7862 219.2256 1.5397 1.5958 3.7104 -6.6015 2.1018 34.5517 1.5723 0.8778
Car -1 -1 1.1106 1158.3456 151.2186 1222.3619 176.9637 1.5581 1.5826 3.9143 36.6730 0.2491 45.7462 1.7864 -0.5889
Car -1 -1 -0.9961 1127.5477 155.9961 1204.1120 182.2608 1.5236 1.6493 4.1560 33.3393 0.5461 43.3250 -0.3402 -1.1722
Car -1 -1 -0.4156 738.6196 179.6915 807.4988 204.0135 1.4782 1.6175 3.9357 10.2730 1.9227 45.6841 -0.1944 -1.3206
Car -1 -1 1.9573 203.1878 195.1446 361.9345 285.6903 1.4729 1.5936 3.7742 -6.4609 1.9829 14.5853 1.5403 -2.1715
Car -1 -1 2.3061 0.0000 197.3345 178.0290 374.0000 1.4831 1.6274 3.9828 -6.6347 1.8093 7.5957 1.5881 -2.1840
