Car -1 -1 -1.5549 600.3196 178.4941 627.5850 205.2844 1.5974 1.6596 4.1237 0.2513 1.9734 45.9734 -1.5494 3.2411
Car -1 -1 1.8686 438.1105 186.7809 475.5358 209.2972 1.5700 1.6599 4.1154 -11.6637 2.6740 55.0569 1.6599 2.9079
Car -1 -1 1.8587 344.0825 184.8558 434.9761 240.1372 1.4743 1.6104 3.8825 -6.6564 1.8736 22.0310 1.5653 1.7018
Car -1 -1 2.0777 184.1734 190.5284 270.6371 230.3101 1.4541 1.5888 3.6428 -15.7588 2.2306 29.8422 1.5919 1.3410
Car -1 -1 2.3122 0.0000 202.2786 172.3607 374.0000 1.4716 1.6174 3.9135 -6.7247 1.8647 7.6560 1.5915 1.0682
Car -1 -1 -1.7042 683.7337 183.7553 728.5740 216.7505 1.4768 1.6479 4.1888 4.6649 2.0494 35.7751 -1.5745 0.8236
Car -1 -1 1.9664 278.7410 187.3071 338.6653 218.7359 1.4963 1.6063 3.6891 -15.7838 2.2927 37.8912 1.5717 0.4779
Car -1 -1 1.8344 394.2036 180.8741 464.9241 227.9685 1.5890 1.6321 3.7502 -6.6746 1.9092 26.8784 1.5910 0.1678
Car -1 -1 1.7629 454.1891 184.6274 500.0632 216.9754 1.4899 1.5963 3.7407 -6.6962 2.1162 36.4768 1.5814 -0.1171
Car -1 -1 2.0371 265.6626 193.0371 305.8399 211.5664 1.4890 1.6210 4.0758 -28.9797 3.3533 64.5632 1.6152 -1.5918
