Car -1 -1 -7.5567 308.4824 176.9809 466.1413 285.4446 1.5755 1.5766 3.4203 -3.5976 1.4560 12.1638 -7.8386 7.7539
Car -1 -1 -7.3024 37.4632 184.1549 257.1651 281.8626 1.4777 1.5818 3.5586 -7.8867 1.4618 12.6537 -7.8504 7.4564
Car -1 -1 -8.0602 697.9068 185.6440 805.6167 257.0845 1.3694 1.5579 3.4794 2.9367 1.3798 15.5574 -7.8774 7.3008
Car -1 -1 -7.6429 421.4060 177.2041 511.0306 239.3658 1.5557 1.6361 3.9501 -3.8602 1.3554 19.9840 -7.8316 7.2008
Car -1 -1 -7.6919 478.2582 176.8888 529.3120 214.8076 1.5458 1.6298 3.5663 -4.4748 1.2065 31.1048 -7.8340 6.7825
Car -1 -1 -7.9559 641.8161 176.4433 682.3169 207.2246 1.4925 1.6615 3.9497 2.6952 1.0673 36.8539 -7.8839 6.5542
Car -1 -1 -7.4594 299.7469 181.2112 395.9862 230.0229 1.4182 1.5288 3.7556 -8.1665 1.3020 22.8029 -7.7998 4.3514
Car -1 -1 -7.8924 586.0661 176.0869 611.6757 198.7188 1.4741 1.5876 3.6280 -0.6581 0.8796 48.6733 -7.9063 2.0707
Car -1 -1 -7.7953 518.0392 176.0144 546.6347 201.4216 1.4716 1.5148 3.5347 -4.5503 0.9388 43.4353 -7.8994 1.8093
Car -1 -1 -7.6388 428.4292 166.0665 473.2274 199.6303 1.8037 1.6677 3.9312 -8.8329 0.7748 40.5988 -7.8520 1.4541
Car -1 -1 -7.6669 383.9167 179.1454 437.0273 214.1998 1.4491 1.5759 3.7649 -8.6542 1.1983 31.6550 -7.9319 1.2925
Car -1 -1 -4.5872 570.6489 174.8093 596.4400 195.1244 1.5253 1.5482 3.7788 -1.8704 0.7441 55.9236 -4.6208 0.3048
Car -1 -1 -4.8256 527.4541 174.1485 555.4554 194.8915 1.4729 1.6040 4.1050 -4.9657 0.6872 53.2174 -4.9185 -0.5093
Pedestrian -1 -1 -5.9784 80.3303 167.8650 132.0374 248.9669 1.7749 0.7063 0.7764 -11.3259 1.3953 16.1833 -6.5814 -0.8844
Car -1 -1 -7.7517 400.1619 152.7954 434.3914 187.1502 2.0906 1.7143 3.9144 -12.1167 0.1179 45.8105 -8.0089 -1.1506
Cyclist -1 -1 -4.9194 691.6412 172.2404 704.9472 203.3834 1.7157 0.4286 1.5475 5.0486 1.0010 40.3905 -4.7963 -1.4008
Car -1 -1 -4.7403 705.2130 178.5406 739.4277 208.4457 1.4225 1.5773 3.8264 5.6855 1.1051 36.1911 -4.5861 -1.9691
Car -1 -1 -4.7404 677.6230 175.0075 705.0854 200.4524 1.5673 1.6321 4.1489 5.3303 0.9387 46.4162 -4.6272 -2.0706
