Car -1 -1 -7.7117 463.4642 176.6235 524.9778 227.0882 1.6152 1.6140 3.4433 -3.8770 1.3404 24.7398 -7.8659 7.6979
Car -1 -1 -7.5996 347.4153 182.9265 480.3599 268.3990 1.5030 1.6641 3.7658 -3.7954 1.4629 14.5262 -7.8511 7.5498
Car -1 -1 -7.8615 683.6799 187.6968 796.2327 285.6177 1.3963 1.6125 3.3322 2.1294 1.4444 12.1148 -7.6919 7.1818
Car -1 -1 -7.9874 661.5757 178.5005 729.8894 229.0258 1.5012 1.6329 4.2308 2.7303 1.3018 23.4893 -7.8735 7.0136
Car -1 -1 -7.5291 282.6137 177.4671 384.8936 235.2535 1.6116 1.6919 4.1245 -8.3347 1.3957 22.1360 -7.8855 5.4635
Car -1 -1 -7.8846 584.8218 177.5176 616.8018 204.8991 1.4758 1.6851 3.6445 -0.4632 1.0611 40.6018 -7.8964 5.2034
Car -1 -1 -7.7286 490.8796 178.5799 536.5571 213.5210 1.5115 1.6061 3.8874 -4.2979 1.2246 33.0425 -7.8572 4.8202
Car -1 -1 -7.2331 0.0000 188.0579 203.3330 320.5474 1.4804 1.6709 4.3374 -7.8768 1.5300 10.3105 -7.8730 4.4471
Car -1 -1 -7.9925 642.1788 176.9738 678.4294 204.3138 1.4720 1.5586 3.4870 2.8863 1.0284 40.4953 -7.9223 3.7546
Car -1 -1 -7.6587 418.3192 179.0725 463.4374 209.1100 1.4785 1.5689 3.8057 -8.6347 1.1763 37.3099 -7.8849 1.9070
Car -1 -1 -7.8884 624.6309 176.2632 649.4252 199.2517 1.5243 1.5698 3.7456 1.9606 0.9308 49.5403 -7.8495 1.8198
Car -1 -1 -4.5836 513.6579 176.2802 546.6945 202.6482 1.5573 1.5674 3.6653 -4.7682 1.0297 44.3054 -4.6905 1.6062
Car -1 -1 -8.0698 532.2488 176.7302 562.5652 196.8405 1.4825 1.5624 3.6349 -4.6659 0.8571 54.9611 -8.1544 0.8593
Car -1 -1 -7.6894 467.4494 172.0341 498.2739 196.3677 1.7372 1.6293 3.9313 -9.2378 0.7963 53.2902 -7.8606 0.5277
Car -1 -1 -8.0107 449.1984 179.0259 484.6220 202.7215 1.3994 1.5645 3.8682 -8.7929 1.0340 44.5391 -8.2049 0.2549
Car -1 -1 -7.4536 400.6224 157.2129 448.4224 194.1347 2.6772 1.8632 4.6072 -13.8521 0.6469 54.5426 -7.7015 -0.2708
Car -1 -1 -7.5517 571.7010 178.7609 604.4382 198.9762 1.4335 1.4888 3.3031 -1.4352 0.9759 52.7664 -7.5792 -0.5563
Car -1 -1 -4.2114 355.3627 179.7563 438.3792 218.8140 1.4798 1.5742 3.8678 -8.5350 1.2731 29.2945 -4.4928 -0.9511
Pedestrian -1 -1 -8.0102 458.6062 179.3608 473.9133 206.5186 1.6005 0.8205 0.5313 -8.4462 1.2556 42.7537 -8.2044 -1.5008
Car -1 -1 -4.5947 548.4017 175.5836 570.8865 192.7047 1.4731 1.5509 3.8639 -4.2550 0.6445 63.8201 -4.6613 -1.5427
