Car -1 -1 -7.6990 463.6689 177.7858 519.6335 220.3567 1.5159 1.5591 3.6440 -4.3996 1.2515 27.4217 -7.8569 7.8156
Car -1 -1 -7.6166 369.1536 180.2831 491.1369 259.4195 1.5171 1.6554 4.1013 -3.7900 1.4227 15.8369 -7.8480 7.4483
Car -1 -1 -8.0561 696.4667 186.4493 800.3373 255.5627 1.3576 1.5441 3.4987 2.9450 1.3881 15.9502 -7.8771 7.2492
Car -1 -1 -7.4307 131.4184 177.4835 413.5935 354.8221 1.5975 1.5678 3.3916 -3.5482 1.5280 8.1913 -7.8278 7.1534
Car -1 -1 -7.9765 635.5803 176.8530 674.7349 205.3495 1.5024 1.6792 4.0123 2.5494 1.0616 39.9520 -7.9137 5.7015
Car -1 -1 -7.7743 508.2893 178.3893 541.8696 205.7713 1.4516 1.5729 3.5898 -4.5817 1.0899 39.9302 -7.8882 4.9439
Car -1 -1 -7.8789 587.2714 175.7347 615.0881 201.0503 1.5445 1.6671 3.9224 -0.4840 0.9663 45.8483 -7.8898 4.5634
Car -1 -1 -7.6605 413.7089 169.4094 461.0162 205.6443 1.7787 1.6738 3.8356 -8.7956 1.0029 37.2339 -7.8912 2.9120
Car -1 -1 -7.2009 0.0000 188.2414 165.8306 326.1664 1.4542 1.6117 3.6928 -7.8214 1.5023 9.5237 -7.8748 2.6438
Car -1 -1 -7.8747 579.5530 177.5582 601.3464 197.7220 1.4505 1.5437 3.3459 -1.3321 0.8998 53.4194 -7.8999 1.8543
Car -1 -1 -7.4479 239.4867 184.6089 358.8271 244.0016 1.4283 1.5663 3.6900 -8.1123 1.4139 19.1401 -7.8440 1.6039
Car -1 -1 -7.7805 526.7645 175.9192 554.3947 198.4120 1.5087 1.6372 3.9555 -4.6775 0.8853 50.2090 -7.8733 1.5709
Car -1 -1 -7.6883 454.2690 171.0412 488.4081 196.5406 1.6062 1.6099 3.7058 -8.9292 0.7135 47.1487 -7.8747 1.3970
Car -1 -1 -7.5718 352.4761 179.4843 419.9716 218.6298 1.4228 1.5443 3.6513 -8.5724 1.2146 27.9628 -7.8669 0.7469
Car -1 -1 -6.9726 0.0000 189.0261 196.1192 272.7836 1.4347 1.5680 3.7899 -10.5513 1.5226 14.5313 -7.5921 -0.7779
