Car -1 -1 -7.3433 50.7194 180.7965 259.8250 276.9798 1.5370 1.6197 3.7530 -8.2031 1.4665 13.3876 -7.8843 7.8401
Car -1 -1 -7.5369 262.2576 186.1002 450.7086 300.5590 1.4959 1.6476 3.7440 -3.7584 1.5123 11.2982 -7.8513 7.7611
Car -1 -1 -7.6977 444.1238 177.7875 513.5433 233.5857 1.5875 1.6027 3.2853 -3.9308 1.3763 22.1082 -7.8720 7.4510
Car -1 -1 -8.0583 707.6573 187.9590 829.8986 271.2128 1.3702 1.5388 3.4714 2.8651 1.4292 13.6830 -7.8564 7.3205
Car -1 -1 -7.9655 655.1547 179.5424 715.2171 223.0796 1.4687 1.7086 4.1476 2.7077 1.2775 26.3334 -7.8645 7.1848
Car -1 -1 -7.6930 480.9961 178.0991 535.2677 217.6952 1.5457 1.6292 3.9695 -4.1324 1.2681 30.0672 -7.8287 6.2952
Car -1 -1 -7.5798 380.9560 178.6452 444.5367 215.5854 1.5107 1.6986 3.8050 -8.4491 1.2422 31.3116 -7.8415 6.1480
Car -1 -1 -7.8871 584.6020 177.1407 609.4685 200.0540 1.5427 1.6055 3.9165 -0.8084 0.9992 50.3947 -7.9035 3.3585
Car -1 -1 -7.7667 437.4487 180.1913 471.3564 206.7637 1.4642 1.5982 3.7012 -8.8478 1.1875 41.5453 -7.9756 2.9057
Car -1 -1 -7.9401 626.7856 177.4105 653.1402 198.5681 1.4849 1.5982 3.6599 2.2888 0.9373 52.3138 -7.8971 2.8285
Car -1 -1 -7.8209 505.9355 179.4222 536.1885 206.0128 1.4447 1.5906 3.7409 -4.9335 1.1301 40.9876 -7.9403 1.9794
Car -1 -1 -4.3083 272.9337 180.6443 376.9643 234.6985 1.4505 1.5440 3.5746 -8.2220 1.3280 21.1041 -4.6758 1.4437
Car -1 -1 -7.8064 527.7468 177.1314 551.7630 198.5604 1.5065 1.5710 3.7095 -4.9497 0.9383 52.4248 -7.9004 0.5891
Car -1 -1 -4.3253 616.6866 176.7090 649.2416 194.7503 1.5280 1.5411 3.7711 2.2243 0.8077 62.9171 -4.2905 0.2901
Car -1 -1 -7.6111 457.6726 166.5608 494.4975 194.1174 1.8302 1.6339 3.8140 -9.0797 0.5914 49.6972 -7.7911 -0.1769
Car -1 -1 -7.6294 449.6370 155.9465 479.8907 180.8331 2.1162 1.7547 4.1741 -12.6966 -0.4028 63.9816 -7.8247 -0.5107
Pedestrian -1 -1 -7.7431 351.0059 170.9240 368.2888 209.5698 1.8037 0.6927 0.7590 -11.7648 1.1368 33.9963 -8.0742 -0.5998
Car -1 -1 -4.8543 536.7943 176.2215 562.5131 195.0230 1.5466 1.6143 4.1204 -5.0040 0.8069 61.3189 -4.9357 -0.6984
Car -1 -1 -7.4693 333.9943 170.3437 393.3933 205.8864 1.6718 1.5457 3.6016 -12.0690 0.9725 35.6572 -7.7936 -2.1446
Car -1 -1 -4.3355 567.6158 176.4640 601.6650 195.4623 1.5335 1.5833 3.7296 -1.9117 0.8272 60.0463 -4.3676 -2.1632
