Car -1 -1 -8.0620 696.0764 190.4735 801.3392 263.5923 1.4164 1.5636 3.4476 2.9468 1.5458 15.9220 -7.8827 7.8359
Car -1 -1 -7.6304 392.6684 184.3752 498.0045 260.3439 1.5895 1.6604 3.4151 -3.7111 1.5721 16.7552 -7.8455 7.5253
Car -1 -1 -7.7062 462.2489 185.6853 526.1580 232.4758 1.4951 1.6005 4.1541 -3.9146 1.5130 25.0923 -7.8598 6.7312
Car -1 -1 -7.3568 0.0000 193.2313 364.0328 375.0000 1.5456 1.6469 3.8968 -3.6540 1.6377 6.2881 -7.8651 6.4947
Car -1 -1 -7.4308 198.8629 188.8222 338.1749 259.0691 1.4701 1.5954 3.6744 -7.9293 1.5652 17.0753 -7.8599 6.4478
Car -1 -1 -7.7357 495.4471 183.2709 536.5515 215.6641 1.5336 1.6180 3.6087 -4.5583 1.4416 35.8426 -7.8617 5.9019
Car -1 -1 -7.9598 646.8491 184.1452 690.7611 216.7980 1.4753 1.6826 3.8303 2.8286 1.4271 34.4141 -7.8789 5.7231
Car -1 -1 -7.6005 351.3434 186.1789 420.8039 227.6123 1.4510 1.6561 3.5342 -8.2991 1.4898 27.0577 -7.8958 4.7894
Car -1 -1 -7.8426 587.9478 182.3373 611.3089 203.7336 1.4961 1.6335 3.7848 -0.5928 1.2950 52.1565 -7.8544 3.6075
Car -1 -1 -7.8074 526.3678 184.8433 551.4028 206.6310 1.3923 1.5007 3.3164 -4.5596 1.3687 47.6304 -7.9028 1.7441
Car -1 -1 -4.7410 618.4470 181.9204 638.6279 198.2833 1.4913 1.7701 4.1835 1.9150 1.1912 67.6105 -4.7133 1.4356
Car -1 -1 -7.7541 578.2417 181.3790 602.3237 201.1521 1.5784 1.6212 3.7808 -1.4282 1.2723 59.3300 -7.7785 1.0844
Car -1 -1 -4.5794 534.8722 180.9541 561.5731 201.5477 1.5841 1.6200 3.8970 -4.7268 1.2564 57.2821 -4.6618 0.5317
Car -1 -1 -4.9518 677.0730 176.9070 708.4273 198.0900 1.6700 1.6164 4.0760 6.8927 1.0151 58.7952 -4.8360 -0.2742
Pedestrian -1 -1 -8.0834 245.3423 178.4920 271.5318 233.3085 1.7459 0.6475 0.5935 -11.3819 1.5319 23.3292 -8.5331 -0.4097
Car -1 -1 -6.1537 434.6371 179.1779 497.1150 206.0837 1.6039 1.6130 3.5540 -8.6278 1.2441 43.7705 -6.3476 -0.7696
Cyclist -1 -1 -7.7635 311.8808 175.5869 324.9615 217.8337 1.7413 0.3622 1.6832 -12.3022 1.3446 30.4870 -8.1443 -1.2031
Car -1 -1 -4.7973 413.7436 184.1300 453.4641 216.7845 1.4790 1.5574 3.4644 -8.4203 1.4300 34.4487 -5.0357 -1.4142
Car -1 -1 -4.8347 437.6281 167.7733 461.9514 187.9283 1.7458 1.6500 4.0095 -14.1983 0.2351 64.4301 -5.0510 -1.5800
