Car -1 -1 -8.0295 691.4630 187.0629 785.1909 251.9600 1.3685 1.5526 3.5051 2.9274 1.4169 17.0178 -7.8623 7.7974
Car -1 -1 -7.5783 312.0572 183.1438 468.5513 281.3300 1.5083 1.6428 3.9728 -3.7782 1.4766 13.0302 -7.8554 7.2868
Car -1 -1 -7.6955 447.6891 179.9203 511.3678 225.9703 1.4838 1.6241 3.5949 -4.4180 1.3134 24.9726 -7.8691 6.8915
Car -1 -1 -7.4463 176.7578 184.6792 323.7203 254.4592 1.4219 1.6082 3.8521 -8.1086 1.4112 16.6053 -7.8944 6.8393
Car -1 -1 -7.6357 398.7466 170.1988 451.4279 208.7136 1.7702 1.6861 3.8498 -8.8552 1.0802 34.9883 -7.8821 6.2399
Car -1 -1 -8.0062 629.6371 177.3047 668.5525 205.0412 1.5714 1.7033 4.0793 2.3813 1.1234 42.8402 -7.9514 5.1646
Car -1 -1 -7.3000 0.0000 182.3739 340.0864 375.0000 1.5650 1.5472 3.4113 -3.5070 1.5503 5.4614 -7.8489 4.7239
Car -1 -1 -7.7681 502.1330 179.4027 538.2806 209.0136 1.4732 1.5719 3.6285 -4.5673 1.1842 37.6049 -7.8885 3.8776
Car -1 -1 -7.8819 585.6567 177.1312 615.1469 203.7765 1.5597 1.6887 3.9273 -0.5190 1.0866 44.0734 -7.8940 3.3533
Car -1 -1 -4.4298 323.5342 182.2624 395.2880 226.0992 1.4094 1.4809 3.2456 -8.5176 1.3146 24.7674 -4.7580 1.4448
Car -1 -1 -7.5991 574.7631 179.2360 608.7251 200.7241 1.4988 1.5716 3.7474 -1.1450 1.0819 52.1460 -7.6214 0.5500
Car -1 -1 -7.9264 522.3671 176.0592 551.1888 200.2059 1.5470 1.6290 4.0095 -4.8184 0.9606 48.1706 -8.0259 0.3655
Car -1 -1 -4.7246 486.5648 174.2834 508.5723 196.2282 1.5780 1.5684 3.6577 -8.2632 0.7920 53.6223 -4.8771 -1.1435
Cyclist -1 -1 -6.5002 452.0041 171.0662 483.6475 202.8199 1.8660 0.6897 1.7465 -8.3812 1.0347 42.9082 -6.6922 -1.5619
Car -1 -1 -8.4493 666.0530 174.1435 716.2796 197.9443 1.7010 1.6798 4.1393 6.1476 0.9099 53.5989 -8.3361 -1.6882
Pedestrian -1 -1 -7.7110 354.7019 166.9190 371.6862 205.8480 1.8555 0.7080 0.5097 -11.7965 0.9836 34.5791 -8.0377 -1.7810
