Car -1 -1 -7.6019 364.8431 180.4278 487.2750 266.7868 1.5829 1.6274 3.4510 -3.6750 1.4953 14.9134 -7.8398 7.3608
Car -1 -1 -8.0446 696.9778 187.0097 799.9872 258.7876 1.3937 1.5469 3.4485 2.9151 1.4376 15.7778 -7.8655 7.2268
Car -1 -1 -7.6815 448.3210 179.4440 521.7964 233.3561 1.5715 1.6222 4.1372 -3.8704 1.4034 23.0291 -7.8465 7.0272
Car -1 -1 -7.3738 141.2313 186.9866 307.2131 266.0573 1.4580 1.5698 3.5853 -7.9184 1.4999 15.1323 -7.8488 6.7513
Car -1 -1 -7.9574 643.5949 179.7582 687.0478 211.7809 1.4850 1.7107 3.9823 2.7358 1.2321 35.3489 -7.8812 6.2232
Car -1 -1 -7.7105 489.3259 179.2351 533.2943 213.3594 1.5238 1.5616 3.5490 -4.5285 1.2569 33.8828 -7.8427 5.4684
Car -1 -1 -7.5006 329.9163 183.1288 414.0813 227.0860 1.4346 1.5809 3.8466 -8.2679 1.3666 25.4152 -7.8123 5.1334
Car -1 -1 -7.1990 0.0000 197.7786 279.6978 375.0000 1.4855 1.5949 3.8163 -3.5719 1.5916 4.1330 -7.8801 4.3185
Car -1 -1 -7.8575 586.7668 178.2759 611.1368 200.9531 1.5440 1.6596 3.8252 -0.6561 1.0716 50.8694 -7.8707 4.1794
Car -1 -1 -7.7941 521.0412 180.0338 548.3403 203.3522 1.4327 1.5421 3.2299 -4.6523 1.1145 45.8115 -7.8952 2.3579
Car -1 -1 -7.6442 437.3601 167.5503 478.3136 196.3577 1.6446 1.6338 3.8191 -8.9333 0.6363 42.9537 -7.8483 1.5470
Car -1 -1 -7.8721 618.5140 178.7642 636.1918 194.6703 1.5007 1.6392 3.7669 1.8687 0.8922 69.7137 -7.8458 1.2328
Car -1 -1 -7.5671 472.2399 172.7265 508.0206 196.9784 1.7445 1.6314 3.7903 -8.7621 0.8463 53.6902 -7.7284 1.2115
Pedestrian -1 -1 -5.2773 189.9366 170.3495 228.3133 235.7465 1.8110 0.6632 0.7326 -11.3420 1.3995 20.3736 -5.7799 0.3739
Car -1 -1 -7.5634 568.0671 178.6298 600.4854 198.4240 1.5408 1.6025 3.7713 -1.8751 1.0283 57.9846 -7.5960 -0.1627
Cyclist -1 -1 -7.5518 579.2621 178.5512 589.6805 199.2875 1.6106 0.3395 1.6764 -1.8494 1.0931 56.6874 -7.5847 -0.4908
Car -1 -1 -7.5243 397.8116 182.3820 454.9432 215.1011 1.4670 1.5591 3.5382 -8.5630 1.3401 34.0605 -7.7691 -0.4957
Car -1 -1 -4.7247 532.4512 176.3403 554.2690 197.6616 1.5838 1.6170 3.9836 -5.0145 0.9247 55.4629 -4.8148 -1.5079
Car -1 -1 -4.8297 688.7676 180.3207 725.8910 208.2680 1.4915 1.5851 4.0712 5.5133 1.2304 40.4115 -4.6955 -2.1498
