Car -1 -1 -7.6328 390.0035 178.3245 484.8639 244.2576 1.5484 1.6406 3.5489 -4.3525 1.3867 18.6604 -7.8591 7.4275
Car -1 -1 -7.4495 228.1248 184.9414 348.8794 241.6420 1.3791 1.6050 3.7412 -8.4876 1.3725 19.3576 -7.8579 7.0353
Car -1 -1 -8.0092 663.7123 181.0594 726.9294 225.6153 1.3764 1.5554 3.4352 2.7995 1.2482 23.9548 -7.8946 6.9280
Car -1 -1 -7.7416 479.4898 180.3313 526.2790 214.2767 1.3889 1.6304 3.4273 -4.5267 1.1892 31.1509 -7.8851 6.5236
Car -1 -1 -7.2558 0.0000 188.8376 330.7277 375.0000 1.5559 1.6677 4.2454 -3.6509 1.5922 5.0514 -7.8568 4.5700
Car -1 -1 -7.8974 584.3965 175.7851 617.6102 205.1064 1.5532 1.6702 3.9753 -0.4533 1.0538 40.1103 -7.9091 4.4483
Car -1 -1 -7.5442 347.4848 169.1405 420.8969 219.8046 1.8352 1.6215 3.8478 -8.6431 1.2531 27.9730 -7.8415 3.9797
Car -1 -1 -7.9284 621.6974 176.3220 649.1563 196.8297 1.4721 1.7360 4.1543 2.0074 0.8338 53.7094 -7.8916 3.6772
Car -1 -1 -7.6421 458.6966 177.4865 496.9135 202.7850 1.5181 1.6039 3.7433 -8.1201 1.0545 45.0356 -7.8198 2.7850
Car -1 -1 -7.7916 515.3643 175.6537 546.9789 202.7282 1.5189 1.6052 4.0470 -4.5004 0.9827 42.3859 -7.8971 2.6038
Car -1 -1 -7.8759 579.1413 178.9785 604.0966 201.7879 1.4536 1.5680 3.4960 -1.1239 1.0563 47.5946 -7.8998 2.3215
Cyclist -1 -1 -4.6742 401.3336 171.5053 412.2550 199.0945 1.7415 0.6149 1.6310 -12.9475 0.8762 46.2415 -4.9461 0.5182
Car -1 -1 -8.1248 718.4162 175.6638 791.3576 216.3195 1.5442 1.7804 4.4732 5.9089 1.1815 29.6012 -7.9300 -0.4990
Cyclist -1 -1 -4.5413 397.7022 175.0296 418.5190 210.9633 1.7145 0.6839 1.8137 -9.8077 1.2287 35.2349 -4.8111 -0.6907
Car -1 -1 -4.0474 0.0000 191.6678 73.8806 370.3418 1.4833 1.5324 3.6012 -7.9432 1.5717 7.9717 -4.8142 -0.7181
Car -1 -1 -7.7700 375.9632 167.7114 409.9805 195.8545 1.6656 1.6803 4.1813 -13.3497 0.6298 44.7615 -8.0584 -2.0349
