Car -1 -1 -8.0026 583.4666 179.8575 677.9725 254.4064 1.6076 1.7153 3.8083 0.3926 1.4922 17.4995 -7.9810 7.6508
Car -1 -1 -7.6193 255.7841 189.5327 371.4369 259.9650 1.4010 1.5748 3.8817 -6.6716 1.5130 16.5818 -7.9966 7.5357
Car -1 -1 -7.4471 30.2134 193.9085 274.9605 321.5878 1.4227 1.5806 3.4778 -6.1297 1.5669 10.0843 -7.9818 6.9496
Car -1 -1 -7.6846 333.3199 184.2099 404.6073 231.7043 1.4970 1.6006 4.4796 -8.2293 1.4655 24.9903 -7.9999 6.0555
Car -1 -1 -7.8564 480.3416 179.6393 530.3947 225.2484 1.5690 1.7134 3.4244 -3.8259 1.3774 26.5477 -7.9986 5.5649
Car -1 -1 -7.3586 0.0000 160.0111 196.4600 266.8279 1.9733 1.8120 4.6601 -11.0552 1.5079 15.6958 -7.9644 3.9820
Car -1 -1 -7.7183 394.8904 183.4368 436.8805 213.0055 1.4298 1.5593 3.8944 -9.7944 1.3440 36.7889 -7.9771 3.8705
Car -1 -1 -7.6052 282.9151 169.9527 347.6233 211.4235 1.8745 1.8797 4.3248 -14.0772 1.1848 34.7607 -7.9876 2.9479
Car -1 -1 -7.5520 226.7363 182.9613 313.0841 231.8477 1.5727 1.6850 3.7017 -11.7096 1.5003 25.0713 -7.9852 2.7598
Car -1 -1 -7.8329 475.7377 183.4851 510.0402 214.6644 1.4638 1.5959 3.4616 -5.6798 1.3827 35.5727 -7.9905 2.5198
Car -1 -1 -7.9234 530.0397 182.5311 553.7755 200.9110 1.4338 1.6405 3.8755 -5.3709 1.2245 58.1201 -8.0155 1.7650
Car -1 -1 -4.6552 377.2992 176.1554 400.7371 196.6451 1.6171 1.6205 3.7269 -17.8572 0.9022 58.7366 -4.9494 1.2600
Car -1 -1 -7.8604 443.1060 176.9420 463.4230 197.0815 1.6417 1.6244 3.4696 -13.0211 0.9674 60.4681 -8.0720 0.8023
Car -1 -1 -7.6093 414.0481 179.9269 454.4533 204.3320 1.4930 1.6081 3.9119 -11.0606 1.1696 45.9400 -7.8446 0.0343
Car -1 -1 -7.8537 341.6140 169.0591 362.2880 187.8965 1.5832 1.6449 4.1157 -22.2965 0.2255 62.6319 -8.1946 -2.0862
