Car -1 -1 -7.8203 416.4578 181.0942 481.9576 238.7811 1.5621 1.7474 3.4773 -4.6797 1.4506 21.3325 -8.0340 6.7391
Car -1 -1 -7.5146 152.1998 186.7906 302.8582 261.3204 1.4825 1.6591 4.4416 -8.6449 1.5243 16.7072 -7.9858 6.5221
Car -1 -1 -7.3734 48.3194 186.9079 205.2069 252.3251 1.4885 1.6348 4.0772 -12.2465 1.5374 18.5739 -7.9499 6.4036
Car -1 -1 -7.6262 310.6742 184.5174 380.1653 225.3649 1.4754 1.6263 4.2464 -10.2142 1.4503 28.1684 -7.9713 6.1563
Car -1 -1 -7.9174 522.3802 178.4671 589.3748 236.3247 1.6034 1.7799 3.7643 -1.7082 1.4165 21.9100 -7.9947 6.0211
Car -1 -1 -7.7141 357.5912 183.4968 400.9048 213.3100 1.4504 1.5811 3.9967 -11.7557 1.3670 37.0740 -8.0194 4.2677
Car -1 -1 -7.3337 0.0000 203.9907 151.0057 375.0000 1.3690 1.6801 4.3653 -6.8447 1.6310 7.7263 -8.0416 3.2893
Car -1 -1 -7.4778 171.2102 168.8357 273.4030 222.5965 1.8923 1.9142 4.5249 -14.7033 1.3159 27.6559 -7.9627 2.9495
Car -1 -1 -7.6563 273.0910 183.6914 319.1661 211.8871 1.4532 1.5824 3.7588 -16.8979 1.3748 39.0527 -8.0625 2.1450
Car -1 -1 -7.8106 502.3775 184.2881 524.2545 202.7296 1.4693 1.6306 3.6329 -7.7595 1.3955 59.1532 -7.9409 1.8443
Car -1 -1 -8.0106 583.4240 180.2898 643.0080 223.1512 1.5821 1.7058 4.3704 0.0943 1.4005 28.8251 -8.0078 1.6308
Car -1 -1 -7.7880 403.4691 176.9806 431.2340 200.8091 1.6490 1.6870 3.7521 -13.6911 1.0793 51.7502 -8.0457 1.4300
Car -1 -1 -4.6421 373.1839 173.1304 394.9964 190.4217 1.5120 1.6048 3.9999 -20.2004 0.4554 64.9883 -4.9426 -0.3526
Car -1 -1 -6.0865 607.2224 182.1738 678.3063 210.5067 1.4745 1.5682 3.5769 1.8634 1.3164 38.6040 -6.0390 -1.0000
