Car -1 -1 -7.5153 262.2391 182.1820 438.4352 288.5894 1.5085 1.6276 3.5498 -4.1264 1.4657 11.9769 -7.8406 8.2571
Car -1 -1 -7.2881 0.0000 186.3949 228.8551 286.8036 1.4365 1.5655 3.7537 -8.2388 1.4598 12.2187 -7.8713 7.3076
Car -1 -1 -7.6905 453.0110 181.0845 516.9360 226.2220 1.4210 1.6002 3.3589 -4.1218 1.2911 24.3119 -7.8570 6.2963
Car -1 -1 -7.8799 595.6074 177.8510 632.4226 211.0003 1.5063 1.6613 3.3738 0.2203 1.1718 34.3671 -7.8740 5.3508
Car -1 -1 -7.4771 246.2296 165.4570 362.2364 237.5533 1.7987 1.5908 3.9590 -8.2997 1.3059 19.9244 -7.8673 5.2238
Car -1 -1 -7.7386 502.0701 176.7071 545.5963 211.8694 1.5492 1.5898 3.8123 -3.8991 1.1745 33.5776 -7.8536 5.0247
Car -1 -1 -7.6587 425.0032 178.6620 473.7658 211.4571 1.5141 1.6399 3.6494 -7.6904 1.2117 35.0284 -7.8736 4.7687
Car -1 -1 -7.9513 644.1679 177.9115 677.9282 203.5595 1.4468 1.6297 3.6137 3.0698 1.0349 42.3782 -7.8799 4.6903
Car -1 -1 -7.8609 586.9894 179.2197 614.5215 204.9279 1.4566 1.5604 3.3025 -0.4575 1.1170 42.3933 -7.8720 2.1660
Car -1 -1 -4.8092 481.6663 177.2408 506.0242 194.5914 1.4714 1.7070 4.2713 -10.0669 0.7953 63.2453 -4.9668 1.1946
Car -1 -1 -7.8846 535.0540 176.5647 557.8094 198.1878 1.5667 1.5820 3.8778 -4.6651 0.9401 54.1024 -7.9706 1.1328
Car -1 -1 -7.6752 449.1615 167.7075 486.7819 194.8454 1.6728 1.6735 4.1271 -8.9920 0.5937 46.3837 -7.8659 0.4765
Car -1 -1 -7.5484 368.9695 176.9888 436.2554 216.6599 1.4973 1.5830 3.6226 -8.2235 1.1870 28.9676 -7.8229 -0.5825
Car -1 -1 -7.9635 715.3653 178.0815 760.7885 213.0501 1.5608 1.6498 4.2810 6.1084 1.2426 34.2759 -7.7890 -0.7692
Car -1 -1 -7.5697 657.4435 173.3213 694.8099 197.3797 1.7343 1.6951 4.1922 5.1655 0.8770 54.0825 -7.4754 -1.1304
Car -1 -1 -7.4810 676.2043 173.3722 718.5757 197.6587 1.7296 1.7014 4.2465 6.6888 0.8863 53.4680 -7.3576 -2.0089
Car -1 -1 -5.0619 686.1589 176.9189 730.8414 200.2221 1.5250 1.6576 4.2779 6.8266 0.9822 49.3104 -4.9256 -2.1329
