Car -1 -1 -8.0323 608.2896 180.4351 715.4470 262.7836 1.6207 1.6979 3.8500 1.0307 1.5268 16.1586 -7.9702 7.7231
Car -1 -1 -7.6443 307.5127 188.5303 407.1055 251.8331 1.4457 1.6311 3.9550 -6.4182 1.5416 18.6925 -7.9710 7.4884
Car -1 -1 -7.5251 156.4677 194.0520 334.8369 294.8289 1.4054 1.6154 3.4426 -5.9480 1.5771 12.1460 -7.9720 7.0375
Car -1 -1 -7.8819 500.4764 180.7116 548.5558 224.2207 1.5619 1.7238 3.4906 -3.2948 1.4004 27.6576 -7.9998 4.7295
Car -1 -1 -7.7305 417.4592 183.0813 456.7686 211.7743 1.4705 1.5916 3.9480 -9.2082 1.3613 38.8895 -7.9618 4.4509
Car -1 -1 -7.3966 57.4890 161.2903 242.8072 259.9378 2.0365 1.7942 4.7346 -10.7351 1.5427 17.2799 -7.9458 4.0918
Car -1 -1 -7.6905 364.8375 184.8415 431.0819 228.4928 1.5002 1.6785 4.4040 -7.8136 1.4875 26.9896 -7.9700 3.9916
Car -1 -1 -7.5548 267.1783 184.0126 346.3731 227.3508 1.4860 1.6334 3.8394 -11.0845 1.4449 26.6345 -7.9460 3.6289
Car -1 -1 -7.8327 494.8175 184.9575 528.5139 214.3773 1.4320 1.6304 3.5948 -4.9218 1.4196 36.8669 -7.9649 2.9685
Car -1 -1 -7.9109 546.8164 182.4870 570.1998 201.7395 1.4866 1.6405 3.9339 -3.9916 1.2761 57.5619 -7.9802 2.3939
Car -1 -1 -8.0069 607.1193 180.9870 648.9609 210.7247 1.5524 1.6622 4.3064 1.0311 1.3318 39.7671 -7.9816 2.1139
Car -1 -1 -7.6247 312.4701 171.2227 370.8272 208.5698 1.7717 1.8452 4.2130 -13.3847 1.1081 36.3049 -7.9758 1.9317
Car -1 -1 -7.2917 0.0000 197.3452 88.4649 375.0000 1.5048 1.5906 3.5796 -4.9210 1.6111 4.3552 -8.1075 1.2789
Car -1 -1 -7.9008 460.3956 177.1871 481.1457 196.6256 1.6422 1.6066 3.6166 -11.9802 0.9641 62.6760 -8.0893 0.8644
Car -1 -1 -4.6619 396.1797 175.0039 418.4428 194.6118 1.6035 1.6148 4.0451 -16.9736 0.7686 60.9368 -4.9328 0.6184
Car -1 -1 -7.5151 0.0000 198.4044 246.9324 375.0000 1.5229 1.5927 3.6865 -3.5779 1.6436 4.5746 -8.1510 0.1812
Car -1 -1 -7.5976 434.6955 181.6838 474.5699 205.9928 1.5574 1.6385 4.0361 -10.2186 1.3313 48.1105 -7.8061 -0.2371
Car -1 -1 -4.8594 599.2179 182.4119 634.7595 208.0287 1.5247 1.6178 4.1702 0.5012 1.3580 44.9616 -4.8488 -0.3452
Car -1 -1 -4.6154 586.1539 184.1919 615.4216 206.3624 1.5318 1.7039 4.3434 -0.4831 1.4612 51.9044 -4.6251 -0.6080
Pedestrian -1 -1 -4.9938 0.0000 168.1436 39.2853 242.6763 1.8023 0.6548 0.9155 -14.7834 1.3896 17.9125 -5.6766 -2.0102
