Car -1 -1 -7.6372 404.7987 178.4155 491.5913 237.1723 1.5166 1.6635 3.5198 -4.4511 1.3413 20.3182 -7.8504 8.4630
Car -1 -1 -7.3731 10.0961 186.8892 396.5388 375.0000 1.5295 1.6354 4.0685 -3.7270 1.5519 7.4814 -7.8214 7.4713
Car -1 -1 -8.0073 670.3882 181.7887 741.2795 232.5801 1.3797 1.5359 3.4950 2.7737 1.2868 21.2944 -7.8799 7.0473
Car -1 -1 -7.4706 261.9010 182.7550 366.8770 235.1822 1.4149 1.5855 3.7001 -8.5850 1.3486 21.2530 -7.8504 5.8380
Car -1 -1 -7.7413 484.1911 180.1466 528.5480 212.9288 1.4249 1.6342 3.4831 -4.6384 1.2048 33.0089 -7.8802 5.2986
Car -1 -1 -7.6384 362.6586 168.0617 426.7601 216.6779 1.8927 1.7192 4.1327 -8.8679 1.2251 30.1074 -7.9228 3.8975
Car -1 -1 -7.9417 623.3271 175.5732 652.3356 198.6577 1.5356 1.6692 3.8103 2.0202 0.8943 49.7627 -7.9018 3.4772
Car -1 -1 -7.8965 583.2763 176.7298 615.2061 203.6962 1.4697 1.6560 3.7889 -0.5589 1.0073 41.1157 -7.9104 3.4091
Car -1 -1 -7.2773 0.0000 188.5970 187.1407 307.1286 1.4565 1.5523 3.6834 -8.1574 1.5164 10.8236 -7.9114 3.1708
Car -1 -1 -7.7761 516.6531 175.7605 547.2516 201.9169 1.5331 1.5741 3.8179 -4.6340 0.9791 44.0632 -7.8807 2.4031
Car -1 -1 -7.7059 464.8705 175.4935 497.5187 200.0434 1.5641 1.5972 3.7487 -8.3796 0.9448 47.6930 -7.8792 0.9167
Car -1 -1 -7.7205 576.3661 177.8157 605.8695 200.0083 1.4554 1.5492 3.5976 -1.1243 0.9703 49.0165 -7.7437 0.3275
Car -1 -1 -5.0463 635.5599 175.2852 676.9904 196.8613 1.4974 1.6840 4.2663 3.4460 0.8083 52.1677 -4.9811 -2.0622
