Car -1 -1 -7.4178 189.7332 183.8816 329.0103 249.3821 1.4289 1.6132 3.7095 -8.3696 1.3999 17.5392 -7.8574 7.7789
Car -1 -1 -7.6237 372.9647 181.2360 477.5516 251.7444 1.4923 1.6275 3.4393 -4.2255 1.4083 16.9431 -7.8648 7.7143
Car -1 -1 -7.9708 662.1816 179.3889 714.7650 219.7799 1.4238 1.5565 3.4496 2.9351 1.2185 27.0719 -7.8643 7.6048
Car -1 -1 -7.7212 475.3220 178.8943 525.9829 216.8749 1.4662 1.6125 3.4284 -4.3709 1.2223 29.4755 -7.8675 5.5683
Car -1 -1 -7.8797 590.3052 176.6239 623.1441 204.8618 1.4482 1.6632 3.8287 -0.1316 1.0077 38.8053 -7.8834 5.3484
Car -1 -1 -7.6938 455.0319 175.9298 493.0280 203.3169 1.5478 1.6088 3.9108 -7.9022 1.0231 42.5991 -7.8764 4.1273
Car -1 -1 -7.5492 329.6786 169.0475 410.1846 223.0527 1.8052 1.6734 3.8329 -8.5214 1.2649 25.9535 -7.8637 3.8822
Car -1 -1 -7.1049 0.0000 212.0708 213.1067 375.0000 1.4350 1.6095 3.7213 -3.4785 1.6205 3.0566 -7.9118 2.7527
Car -1 -1 -7.6984 582.3726 178.4010 614.6029 201.7817 1.4438 1.5586 3.4519 -0.5869 1.0231 46.2095 -7.7115 2.3621
Car -1 -1 -7.7768 517.4107 177.2436 550.6140 203.2276 1.3983 1.5599 4.1250 -4.1651 0.9695 40.7660 -7.8783 2.0897
Car -1 -1 -4.7747 624.4363 174.9798 649.1239 194.9340 1.5326 1.7097 3.9902 2.2584 0.7466 57.2271 -4.7358 1.7962
Car -1 -1 -7.6821 402.2431 170.9430 451.2955 207.8169 1.6846 1.6852 3.7087 -8.7200 1.0327 34.7509 -7.9264 1.5232
Car -1 -1 -7.3218 0.0000 185.7030 40.6079 375.0000 1.5239 1.6509 3.9222 -7.5736 1.5302 7.0699 -8.1227 0.5387
Cyclist -1 -1 -7.1323 55.6175 169.0327 134.4265 247.0902 1.7826 0.5195 1.7397 -12.3503 1.4132 17.3099 -7.7449 -1.4838
Car -1 -1 -7.7894 563.5828 177.9513 592.7230 202.1577 1.5045 1.6502 3.7526 -1.9070 1.0532 46.5741 -7.8305 -1.7564
Car -1 -1 -3.4092 0.0000 167.3556 122.4568 250.3175 1.6490 1.6222 3.9481 -13.6739 1.2942 16.3687 -4.0972 -1.9186
