Car -1 -1 -7.4348 113.6804 187.5182 376.7719 335.6913 1.5275 1.6205 3.5971 -4.4028 1.5632 9.2760 -7.8671 8.1406
Car -1 -1 -8.1903 747.1175 181.7261 1004.1573 344.5718 1.6083 1.7001 3.8843 2.9792 1.5740 9.0649 -7.8823 7.1801
Car -1 -1 -7.6608 386.7626 187.5757 473.1298 244.7973 1.3914 1.6165 3.4306 -4.7347 1.4609 19.3727 -7.8977 6.6998
Car -1 -1 -7.6922 447.3500 184.3981 508.4680 227.5758 1.4525 1.5747 3.8803 -4.6802 1.4251 26.1332 -7.8680 6.1572
Car -1 -1 -7.9112 570.1800 180.9308 613.4457 218.1175 1.5287 1.6756 3.5326 -0.7854 1.3527 31.3813 -7.9365 5.6362
Car -1 -1 -7.3192 51.6742 163.7918 256.6456 271.6358 1.8300 1.6117 3.8810 -8.7002 1.4666 14.1455 -7.8624 5.0018
Car -1 -1 -7.6532 381.6933 183.0751 436.9246 218.5049 1.4628 1.6163 3.7635 -8.6908 1.3746 31.6112 -7.9197 4.6667
Car -1 -1 -7.9291 613.4527 180.3324 639.4061 201.1618 1.4800 1.6246 3.7871 1.3220 1.1332 53.0084 -7.9048 3.4363
Car -1 -1 -7.6686 409.3879 170.8403 454.6745 204.3933 1.8704 1.8182 4.3172 -10.2947 1.0692 42.2747 -7.9064 2.4757
Car -1 -1 -7.7363 469.4196 183.5431 514.8864 216.7576 1.4802 1.6717 3.9405 -5.4471 1.4059 34.0388 -7.8942 1.9235
Car -1 -1 -7.5205 274.0473 182.3106 373.7985 234.5270 1.5209 1.6993 4.1066 -8.9901 1.4365 23.0205 -7.8892 1.7481
Car -1 -1 -7.0158 651.4978 178.8163 713.9538 204.1787 1.5768 1.6584 3.9183 4.8456 1.1791 46.5166 -6.9131 1.6903
Car -1 -1 -4.1738 0.0000 195.6690 54.7790 375.0000 1.4681 1.6770 4.3336 -8.0330 1.6138 7.7056 -4.9627 1.5410
Car -1 -1 -7.8032 502.2668 180.3544 530.2430 204.6527 1.5059 1.6002 3.9654 -5.9172 1.2048 46.5889 -7.9292 1.4149
Car -1 -1 -8.0934 551.1375 182.2999 593.3746 209.5183 1.4600 1.5909 3.4581 -2.0707 1.3038 40.4450 -8.1447 1.1476
Cyclist -1 -1 -2.6523 509.4890 173.7529 534.3714 198.6590 1.8522 0.6978 1.7349 -6.4795 0.9999 54.0989 -2.7713 -0.8454
Car -1 -1 -7.6452 336.5140 184.6756 412.2280 234.3264 1.4710 1.5805 3.6915 -7.4804 1.4552 23.2129 -7.9539 -1.5714
Car -1 -1 -5.1061 662.1396 180.9814 706.4426 202.8638 1.5197 1.6789 4.2699 5.4807 1.2258 52.2091 -5.0025 -1.6633
