Car -1 -1 -7.5559 308.7617 179.6896 452.9925 271.8533 1.5175 1.6194 3.4480 -4.1612 1.4267 13.5647 -7.8483 7.8640
Car -1 -1 -7.3341 79.8198 184.3761 274.6312 269.7669 1.4542 1.6000 3.7198 -8.2461 1.4400 14.1025 -7.8551 6.8780
Car -1 -1 -7.6917 460.9555 180.1926 520.4265 220.9537 1.3913 1.6099 3.4005 -4.2453 1.2200 26.2386 -7.8509 6.3022
Car -1 -1 -7.8826 593.2507 176.4971 627.9982 208.7347 1.5338 1.6254 3.7812 0.0641 1.1191 36.1132 -7.8812 5.6114
Car -1 -1 -7.7398 509.6566 177.9998 547.9301 207.7668 1.4444 1.5250 3.7834 -4.0238 1.0944 36.7769 -7.8483 5.3690
Car -1 -1 -7.9603 650.3023 178.3987 689.4031 208.8066 1.4357 1.5663 3.4104 2.9997 1.1140 35.6640 -7.8774 4.7241
Car -1 -1 -7.4796 283.6763 164.6282 383.2969 229.4615 1.8320 1.6274 3.6562 -8.3726 1.2504 22.1540 -7.8372 3.9054
Car -1 -1 -7.6307 435.0067 176.6176 484.3087 208.0151 1.5479 1.6871 3.9028 -7.6743 1.1241 37.4081 -7.8320 3.8090
Car -1 -1 -7.6883 583.4660 177.0896 617.8165 202.2434 1.4631 1.5528 3.3610 -0.4237 0.9906 43.5944 -7.6983 1.9869
Car -1 -1 -7.8911 623.1091 176.1931 642.0507 193.1836 1.5249 1.6042 3.7162 2.2566 0.7153 66.3770 -7.8577 1.7714
Car -1 -1 -7.6318 386.9586 174.8488 442.0862 213.2106 1.5597 1.5437 3.5726 -8.3134 1.1384 31.0413 -7.8916 0.8824
Car -1 -1 -7.6805 453.8235 163.1132 488.7461 188.9227 1.6688 1.6624 3.9004 -9.1737 0.2398 48.4404 -7.8669 -0.6455
Car -1 -1 -4.8040 665.7352 175.5078 695.5485 199.4538 1.4723 1.5626 3.6230 4.6008 0.8756 46.0152 -4.7054 -1.1211
Car -1 -1 -4.6980 541.0123 175.2951 561.6123 194.3316 1.4902 1.6094 4.0954 -4.5713 0.7138 58.3680 -4.7762 -1.5725
Car -1 -1 -7.3305 685.2498 175.8305 738.1214 200.8757 1.5099 1.6463 3.7556 6.5605 0.9442 45.3225 -7.1880 -1.6004
Car -1 -1 -2.8865 324.7767 171.6807 433.1685 215.8565 1.6886 1.6398 3.7873 -9.0078 1.1714 28.3911 -3.1913 -1.7000
