Car -1 -1 -7.8545 572.3288 174.4363 620.4781 217.5836 1.5717 1.7548 3.5591 -0.4882 1.1792 27.9807 -7.8722 5.0332
Car -1 -1 -7.6399 353.1540 184.5552 479.1670 264.7897 1.4233 1.6287 4.1514 -3.8262 1.4117 14.8538 -7.8880 4.8576
Car -1 -1 -7.2638 34.9207 178.9170 196.5535 246.2366 1.5093 1.6205 3.4977 -12.0820 1.3682 17.8674 -7.8516 4.4074
Car -1 -1 -7.1629 0.0000 186.2558 109.3901 350.8690 1.4953 1.5756 3.5704 -7.8270 1.5102 8.3717 -7.8987 2.4754
Car -1 -1 -7.7951 525.3529 174.2899 551.9467 196.6660 1.4640 1.5837 3.7981 -4.6957 0.7493 48.9591 -7.8906 0.8117
Car -1 -1 -4.4848 429.6588 172.4670 460.3189 193.6158 1.5999 1.5568 3.6377 -12.7063 0.6356 56.2037 -4.7064 -0.6693
Car -1 -1 -4.0013 607.1392 171.2885 649.4819 188.2434 1.5336 1.6369 4.1570 1.9373 0.2740 67.1106 -3.9729 -0.8430
Pedestrian -1 -1 -5.7556 351.6034 177.7742 378.2403 229.3116 1.7066 0.6827 0.5853 -8.2133 1.4604 24.1981 -6.0798 -0.8689
Car -1 -1 -4.7178 644.7787 175.4619 670.9855 199.2270 1.5031 1.6553 4.1797 3.2761 0.8863 47.6023 -4.6499 -1.3830
Car -1 -1 -5.1933 623.9301 175.5708 680.1978 204.0373 1.4962 1.5662 3.6971 2.3671 0.9894 39.7892 -5.1347 -1.4388
Car -1 -1 -4.6114 444.2420 176.1758 477.3050 201.9822 1.4869 1.5804 3.7801 -8.8535 0.9662 43.3780 -4.8119 -1.5773
Car -1 -1 -5.2595 850.6328 196.4361 1240.0000 375.0000 1.4015 1.6117 4.0335 2.8658 1.5005 4.3073 -4.7018 -1.8230
