Car -1 -1 -7.8608 566.1587 173.5645 630.8671 230.8486 1.6023 1.8118 3.5010 -0.3453 1.2765 21.8775 -7.8768 6.2387
Car -1 -1 -7.5443 267.3064 176.1186 337.3271 215.3682 1.4966 1.6097 3.5382 -12.3762 1.1499 29.2431 -7.9416 3.6857
Car -1 -1 -7.1922 0.0000 189.8306 121.1765 357.2043 1.4362 1.5594 3.8299 -7.6100 1.5019 8.2401 -7.9217 3.6134
Car -1 -1 -7.4920 275.6492 180.2213 372.5757 234.1624 1.4173 1.5185 3.2090 -8.0264 1.2862 20.4974 -7.8610 3.3713
Car -1 -1 -7.1619 0.0000 207.3960 154.5494 375.0000 1.4046 1.6014 3.9167 -3.5625 1.5540 2.7687 -8.0254 2.3833
Car -1 -1 -4.6474 513.5573 174.2021 553.2766 207.1021 1.5121 1.6695 4.0270 -3.6072 1.0061 35.0823 -4.7495 -0.0381
Car -1 -1 -6.2632 445.0117 178.5199 545.5052 212.4429 1.3870 1.5340 4.0985 -4.7659 1.1134 30.4253 -6.4175 -0.1002
Car -1 -1 -7.8465 514.5707 176.3831 542.1957 201.5838 1.4445 1.5771 3.7317 -4.7787 0.9384 43.1415 -7.9565 -0.4622
Car -1 -1 -2.5287 438.6194 175.1470 550.2524 216.3258 1.4575 1.6058 3.9390 -4.3146 1.1013 27.0316 -2.6857 -0.6196
Car -1 -1 -7.9083 536.2669 172.1095 562.7518 197.1737 1.6466 1.5975 3.7776 -4.0439 0.7857 49.2046 -7.9902 -0.6824
Car -1 -1 -7.9559 546.6950 173.4539 571.5302 192.6479 1.4703 1.5760 3.8767 -3.9135 0.5695 57.1081 -8.0244 -0.8425
Car -1 -1 -7.6864 433.1298 180.7825 505.3921 230.8808 1.4069 1.5553 3.8233 -4.2093 1.2825 22.1129 -7.8726 -1.3558
Cyclist -1 -1 -4.3458 521.8906 173.1678 550.3337 217.6998 1.5906 0.4942 1.6312 -2.6719 1.1604 26.5274 -4.4455 -2.1755
