Car -1 -1 -7.6278 328.4907 188.9434 451.3701 273.9001 1.4162 1.5169 3.3898 -4.1069 1.4973 13.8704 -7.9108 7.0072
Car -1 -1 -7.4241 0.0000 183.5769 390.9552 375.0000 1.5646 1.6287 3.8824 -3.2542 1.5552 6.1750 -7.8916 6.9558
Car -1 -1 -7.9189 558.6614 176.6888 603.1834 214.7626 1.5890 1.7277 3.6691 -1.2832 1.2333 31.9159 -7.9592 5.6243
Car -1 -1 -7.5265 267.5081 184.5440 360.5831 234.0969 1.3916 1.5322 3.6527 -8.9355 1.3729 22.0528 -7.9076 4.2584
Car -1 -1 -7.2917 31.7035 185.9468 186.6730 245.9698 1.4185 1.5786 3.7368 -12.9714 1.4398 18.9272 -7.8861 3.3752
Car -1 -1 -4.5404 412.2654 176.3998 455.7568 208.3011 1.6033 1.6158 3.7531 -9.1722 1.1604 38.0520 -4.7757 2.9691
Car -1 -1 -7.6340 365.9238 158.1791 436.4253 215.1319 2.1494 1.8449 4.3725 -8.3690 1.1292 29.3639 -7.9095 2.0767
Car -1 -1 -4.1901 83.6565 187.6771 287.7949 271.3022 1.4111 1.5895 4.1734 -8.1812 1.4675 14.3492 -4.7004 1.5072
Car -1 -1 -7.1419 0.0000 154.3951 62.1753 203.9062 1.9770 1.7593 4.0756 -25.8312 0.7465 30.7576 -7.8363 1.0398
Car -1 -1 -7.5633 315.0571 180.1335 370.0806 210.8797 1.4664 1.5745 3.7897 -13.3235 1.2242 36.2235 -7.9137 0.9260
Car -1 -1 -4.5450 233.2118 177.2850 291.8880 216.8017 1.4338 1.5010 3.3758 -13.3702 1.1462 27.9115 -4.9882 -0.8287
Pedestrian -1 -1 -3.6471 468.7727 167.4745 490.0206 217.6250 1.8913 0.6009 0.5827 -4.9574 1.2224 27.5262 -3.8239 -1.1790
Pedestrian -1 -1 -7.5466 449.6213 180.3598 464.5978 208.7671 1.6884 0.7142 0.6551 -9.0560 1.4000 43.0876 -7.7530 -1.2383
Car -1 -1 -7.6793 588.2911 175.8234 618.0123 197.3517 1.6546 1.6723 4.2116 -0.3462 0.9329 57.4652 -7.6857 -1.2626
Pedestrian -1 -1 -7.7419 808.3926 164.2669 844.8705 254.9968 1.7492 0.6412 0.5107 4.2800 1.3455 14.2185 -7.4553 -1.5210
Pedestrian -1 -1 -7.4565 521.8122 175.1971 536.5651 205.0533 1.7722 0.5886 0.8753 -4.7445 1.1777 43.1735 -7.5657 -1.9114
Car -1 -1 -2.8958 403.7900 184.0019 473.8991 208.9250 1.4903 1.6207 3.8838 -10.2887 1.4179 43.8260 -3.1254 -2.0417
