Car -1 -1 -7.5426 342.8142 180.9759 421.1149 224.3620 1.4480 1.6010 3.7674 -8.0712 1.3067 25.8849 -7.8423 7.1268
Car -1 -1 -7.4753 129.6043 183.3877 419.6671 346.3533 1.5559 1.7006 4.2452 -3.7942 1.5386 8.9944 -7.8641 6.3574
Car -1 -1 -7.8897 569.8604 174.1998 623.5499 223.0443 1.5737 1.7202 3.7252 -0.4965 1.2189 25.0675 -7.9097 5.3803
Car -1 -1 -7.5298 326.3724 177.8080 383.0671 209.3217 1.4718 1.5691 3.5722 -12.4142 1.1260 35.3681 -7.8653 2.7600
Car -1 -1 -4.7602 513.1992 175.5866 552.4790 209.4551 1.5391 1.6852 4.1891 -3.7224 1.1017 34.8654 -4.8661 -0.0090
Car -1 -1 -7.9382 618.0833 175.0690 650.4356 201.5510 1.6261 1.7085 4.4093 1.6348 1.0032 46.3855 -7.9036 -0.0389
Car -1 -1 -4.5386 399.7253 175.5534 434.2419 198.5126 1.5473 1.6439 4.2043 -13.4028 0.8963 50.6106 -4.7964 -0.2550
Car -1 -1 -4.8443 508.9615 177.3608 541.8280 201.6791 1.4685 1.5659 3.8496 -5.2750 0.9943 45.4661 -4.9595 -0.4199
Car -1 -1 -8.4185 627.0366 179.8197 707.4914 214.8162 1.4598 1.6646 4.0508 2.5463 1.2349 32.1646 -8.3406 -1.1161
Car -1 -1 -4.9103 610.6993 173.0454 638.8256 192.5497 1.5606 1.6015 3.8200 1.3580 0.5870 59.5369 -4.8880 -1.3414
Pedestrian -1 -1 -8.2508 737.7473 172.4607 760.6191 217.1002 1.7445 0.6734 0.6902 5.5617 1.2462 28.4987 -8.0603 -1.6141
Car -1 -1 -4.6081 539.6639 173.0575 568.7427 196.6599 1.5981 1.6354 4.0448 -3.7614 0.7750 50.7189 -4.6821 -1.9206
Car -1 -1 -6.2751 626.1003 176.5724 697.3141 207.1254 1.4999 1.5943 3.5000 2.6812 1.0757 36.2252 -6.2022 -1.9473
Car -1 -1 -4.8558 640.4418 176.1728 694.0257 215.9634 1.4755 1.5859 3.7270 2.2556 1.1403 28.5683 -4.7782 -1.9825
Car -1 -1 -8.0078 595.6597 174.6582 630.8827 201.1221 1.6214 1.6555 4.0137 0.2815 0.9747 46.1490 -8.0021 -2.0777
