Car -1 -1 -7.5817 300.2371 185.6978 463.9560 287.1152 1.4999 1.6428 4.1854 -3.8175 1.5100 12.7546 -7.8671 5.4740
Car -1 -1 -7.8756 571.2311 175.0876 621.1804 218.9612 1.5365 1.7522 3.5281 -0.5197 1.1820 26.9741 -7.8951 4.7407
Car -1 -1 -7.6212 420.3913 177.8814 454.5935 197.6629 1.4414 1.6522 3.9341 -12.8465 0.9071 54.3487 -7.8526 2.6293
Car -1 -1 -5.2303 624.6228 177.0222 692.3065 207.8648 1.5035 1.6435 4.1612 2.5241 1.1042 37.2730 -5.1636 0.5757
Car -1 -1 -4.2165 521.6784 177.9894 574.3583 201.1979 1.4676 1.6436 4.2919 -3.9342 1.0108 47.7532 -4.2987 0.5268
Car -1 -1 -4.5736 489.3638 180.7330 544.4390 220.6964 1.4355 1.5868 3.8657 -3.4770 1.2746 27.7656 -4.6974 -0.0237
Car -1 -1 -7.5313 365.6492 180.4848 436.7137 219.0331 1.4321 1.5843 3.8167 -8.1810 1.2565 28.6488 -7.8073 -0.8797
Car -1 -1 -4.9719 601.5392 176.4289 630.5347 193.5605 1.4934 1.6163 4.0767 0.6988 0.7276 64.8390 -4.9615 -0.8855
Car -1 -1 -8.2061 404.5706 166.2455 435.4706 186.1568 1.8348 1.6388 3.7686 -17.8585 0.0869 68.2560 -8.4613 -1.1642
Car -1 -1 -4.8453 513.0292 179.3204 554.0657 209.8094 1.4619 1.5862 3.6875 -3.8428 1.1794 36.4464 -4.9500 -1.4095
Pedestrian -1 -1 -3.1869 403.0414 176.6431 420.5674 219.7240 1.6310 0.5720 0.6236 -7.5623 1.3066 27.5824 -3.4523 -1.6061
Car -1 -1 -4.8960 431.6476 177.1248 471.4667 204.1079 1.4758 1.5715 3.7768 -9.0579 1.0334 41.3619 -5.1106 -1.6216
Car -1 -1 -4.5959 545.6125 175.1355 572.4700 194.9439 1.4790 1.6129 4.1219 -3.7613 0.7265 55.7728 -4.6633 -1.6792
Car -1 -1 -3.3332 631.7759 182.2037 694.6005 207.3236 1.4054 1.4738 3.3637 3.1187 1.2371 41.1475 -3.2585 -2.0169
Car -1 -1 -3.1511 602.5429 176.4046 652.9201 196.2219 1.5241 1.6683 3.8755 1.5306 0.8466 56.1542 -3.1244 -2.1565
