Car -1 -1 -7.4049 176.3691 182.4422 314.8336 258.4580 1.5163 1.5016 3.1367 -7.9153 1.4611 15.9115 -7.8600 6.1477
Car -1 -1 -7.8696 575.1297 176.3079 619.8154 216.0741 1.5938 1.7930 3.3706 -0.5069 1.2370 30.5250 -7.8865 5.9348
Car -1 -1 -7.1722 0.0000 181.8734 144.8686 339.9243 1.5974 1.6205 3.5750 -7.8328 1.5638 9.0659 -7.8703 3.1190
Car -1 -1 -7.3260 181.4859 183.7812 292.5578 232.1652 1.4629 1.5759 3.7093 -12.0931 1.4197 23.6324 -7.7947 3.0521
Car -1 -1 -4.5169 426.0598 186.9356 513.6938 242.3209 1.4095 1.7012 3.8809 -3.8356 1.4631 20.3654 -4.7010 2.6494
Car -1 -1 -4.0940 635.1821 179.8342 708.9188 210.7808 1.4640 1.6085 4.1051 3.2464 1.2096 36.0907 -4.0055 0.9251
Car -1 -1 -7.7384 453.5566 180.0876 501.0571 216.3027 1.4523 1.5797 3.6736 -5.5497 1.2468 30.7096 -7.9160 0.4973
Pedestrian -1 -1 -4.1398 296.0688 168.1418 332.9853 234.8849 1.9039 0.6418 0.8450 -8.5961 1.4170 20.9813 -4.5245 -0.3242
Car -1 -1 -4.6796 544.6428 177.7066 562.5166 193.7235 1.4723 1.5645 3.8342 -5.1123 0.7822 68.0253 -4.7547 -1.2082
Car -1 -1 -4.3916 552.5894 175.2841 587.4672 194.2065 1.4970 1.6187 4.2182 -3.0754 0.7114 59.1190 -4.4437 -1.3056
Pedestrian -1 -1 -6.5803 1149.8966 116.1506 1240.0000 375.0000 1.7960 0.5303 0.4435 3.6252 1.4040 4.4082 -5.9227 -1.6081
Car -1 -1 -4.2417 613.1539 176.4033 651.3724 195.1053 1.5275 1.6529 3.8831 2.0923 0.8079 60.8138 -4.2079 -1.6361
Car -1 -1 -7.8507 642.1448 173.1402 664.8465 196.2624 1.6975 1.6649 4.0291 3.4712 0.8111 54.8384 -7.7882 -1.6783
Car -1 -1 -4.4671 637.6168 176.7193 676.2689 201.2932 1.5285 1.6268 3.8561 3.2181 1.0002 46.7971 -4.3993 -2.0901
