Car -1 -1 -7.5941 360.2901 181.7118 426.7436 222.1293 1.4365 1.5428 3.5991 -8.1140 1.3121 27.3677 -7.8800 6.4560
Car -1 -1 -7.5215 226.6742 185.3920 444.2391 312.8712 1.5376 1.6667 4.2395 -3.8235 1.5409 10.7966 -7.8544 5.6077
Car -1 -1 -7.8696 569.8357 176.2607 622.6885 222.5309 1.5554 1.7791 3.3539 -0.4882 1.2545 25.8711 -7.8887 5.5620
Car -1 -1 -7.5446 413.6192 179.1041 450.3318 200.1885 1.4789 1.5665 3.6145 -12.7617 1.0504 52.2809 -7.7832 1.8124
Car -1 -1 -7.4389 337.6264 176.8868 395.8695 209.5964 1.6138 1.5617 3.5521 -12.4734 1.2030 37.3082 -7.7597 -0.3766
Car -1 -1 -6.3556 664.2891 176.9224 740.1061 205.7800 1.5135 1.6631 3.9245 4.9942 1.0787 38.6406 -6.2284 -0.6741
Car -1 -1 -4.7866 517.3981 180.4015 547.2321 203.7128 1.4419 1.6158 4.1264 -4.9602 1.1443 46.6384 -4.8924 -1.0431
Cyclist -1 -1 -2.7524 544.5402 172.3672 568.8546 194.6856 1.8107 0.6602 1.8781 -4.2022 0.7685 58.9288 -2.8237 -1.0494
Car -1 -1 -4.4552 488.1746 180.4832 551.0079 216.4567 1.4556 1.6608 4.3618 -3.7955 1.2643 31.3619 -4.5750 -1.1446
Car -1 -1 -4.3900 553.6119 174.8644 581.7805 191.5958 1.5445 1.5923 3.6793 -3.7876 0.5891 68.3444 -4.4455 -1.9503
Car -1 -1 -7.7399 549.1136 174.9044 573.7292 194.4532 1.5972 1.6339 4.0041 -3.8992 0.7549 60.7740 -7.8041 -1.9952
Car -1 -1 -4.2915 610.4504 174.8762 646.1571 192.8047 1.4971 1.5968 3.9950 1.7988 0.6339 62.1720 -4.2631 -2.0290
