Car -1 -1 -7.6605 342.1621 179.0370 475.6107 278.3109 1.6004 1.6861 3.7555 -3.6128 1.5009 13.5159 -7.9171 7.4905
Car -1 -1 -7.4385 150.4660 187.1522 313.0305 260.2620 1.4251 1.6301 4.2811 -8.3335 1.4751 16.3069 -7.9046 7.1584
Car -1 -1 -7.6086 311.3325 181.2095 388.9566 226.8070 1.5031 1.6277 4.2639 -9.2041 1.3712 25.8953 -7.9471 5.3621
Car -1 -1 -7.8897 543.3104 176.1999 593.9492 221.9174 1.5835 1.7379 3.9124 -1.5734 1.2714 26.9272 -7.9479 5.0510
Car -1 -1 -7.7093 413.2829 184.3721 480.6862 233.9144 1.3767 1.5137 3.3106 -4.8151 1.3534 21.6810 -7.9256 4.8453
Car -1 -1 -7.6373 310.2107 181.1684 357.4969 209.9002 1.4786 1.6255 3.7265 -14.8109 1.2705 38.9550 -7.9987 2.0079
Car -1 -1 -7.3364 0.0000 161.8139 187.9256 256.4278 2.0719 1.8506 4.8769 -12.8769 1.5596 18.2540 -7.9441 1.9269
Car -1 -1 -2.9716 377.0790 164.6017 454.4965 199.1030 1.8222 1.7151 3.8214 -10.3898 0.7336 38.9906 -3.2306 0.6387
Car -1 -1 -4.8919 441.3389 173.4736 471.1820 193.8622 1.5181 1.5735 3.9747 -11.7823 0.6440 55.6631 -5.0999 -1.1907
Car -1 -1 -8.0062 612.1403 178.4444 669.0397 219.0270 1.5384 1.6958 4.1339 1.2251 1.2819 29.3990 -7.9654 -1.3962
Car -1 -1 -7.4182 212.1080 179.2046 298.3224 219.9217 1.5405 1.6221 3.9272 -14.2286 1.3132 29.1725 -7.8686 -1.4437
Car -1 -1 -4.3565 94.2963 186.9767 191.5981 230.8470 1.4490 1.6518 3.9948 -16.7358 1.5181 26.0394 -4.9234 -1.6459
Car -1 -1 -7.7555 590.7476 165.8804 613.9239 189.9549 2.1644 1.7474 4.2576 -0.4818 0.4262 66.8281 -7.7630 -1.8157
Car -1 -1 -4.3071 99.1259 177.3885 187.3741 216.4993 1.5198 1.6309 4.0179 -19.3266 1.2158 30.0489 -4.8748 -1.8328
Car -1 -1 -7.9519 559.8672 174.5725 592.1296 200.7893 1.5890 1.6445 4.1348 -2.0910 0.9441 45.7332 -7.9977 -1.8796
Car -1 -1 -7.2380 596.3745 167.3961 640.8693 190.0422 1.8489 1.6760 4.1556 0.9411 0.3942 60.8626 -7.2230 -1.8976
