Car -1 -1 -7.5088 168.2770 189.3262 449.0276 357.4791 1.5105 1.6485 4.2206 -3.2528 1.5723 8.6741 -7.8578 7.7058
Car -1 -1 -7.3752 147.5638 183.8710 319.8788 268.2237 1.5523 1.6012 3.8225 -7.7073 1.5277 15.1515 -7.8389 6.7982
Car -1 -1 -7.7656 494.2542 177.5767 549.9833 221.8116 1.6057 1.8019 4.2265 -3.3214 1.3286 28.2314 -7.8820 6.1023
Car -1 -1 -7.6561 399.9813 175.8457 512.2244 259.9538 1.6584 1.6825 4.0400 -3.3093 1.4738 16.1950 -7.8548 6.0877
Car -1 -1 -7.8433 558.7634 178.5430 623.4991 235.2394 1.5872 1.8130 3.5780 -0.5375 1.4005 21.9252 -7.8680 5.9069
Car -1 -1 -7.6048 357.5289 176.7138 429.1763 220.4980 1.5226 1.6884 3.7385 -7.9696 1.2271 26.8969 -7.8904 3.6753
Car -1 -1 -7.4418 308.9907 183.1398 373.0153 215.9569 1.4595 1.5799 3.4002 -12.4743 1.3674 33.7154 -7.7939 3.5485
Car -1 -1 -7.9578 634.5234 175.5301 689.8342 220.7567 1.6400 1.7045 4.3072 2.0159 1.2889 28.2479 -7.8877 2.4284
Car -1 -1 -6.7353 0.0000 213.8495 195.7421 375.0000 1.4607 1.5780 3.7498 -3.5098 1.6340 2.3550 -7.6628 1.7060
Car -1 -1 -7.8173 475.7172 177.6670 499.4574 199.9753 1.6346 1.6445 3.7342 -9.1202 1.0816 54.6293 -7.9824 1.5567
Car -1 -1 -4.8675 532.8981 178.0436 561.4927 199.3135 1.5277 1.5359 3.9197 -4.5806 1.0127 53.7161 -4.9525 0.6494
Car -1 -1 -4.5033 407.8170 175.2960 440.9611 196.7692 1.4807 1.5590 3.7218 -13.1058 0.7969 51.4601 -4.7517 -0.7924
Car -1 -1 -7.2394 0.0000 206.6785 379.9840 375.0000 1.5400 1.6050 4.0688 -2.0313 1.6667 2.1428 -7.9381 -0.8388
Car -1 -1 -4.1924 634.6520 178.9707 678.5140 199.4338 1.5098 1.5805 4.0017 3.7629 1.0492 55.1412 -4.1250 -0.9543
Pedestrian -1 -1 -6.7775 738.2067 172.9145 767.2546 235.8780 1.6859 0.5656 0.5755 3.9020 1.3567 19.6035 -6.5842 -2.1160
