Car -1 -1 -7.6287 389.5435 182.1304 446.6122 217.4308 1.4717 1.6335 3.8034 -8.3773 1.3432 31.8941 -7.8839 7.3416
Car -1 -1 -7.4102 0.0000 169.4960 406.1212 375.0000 1.6611 1.6391 3.9873 -3.2140 1.5654 6.3813 -7.8603 6.7529
Car -1 -1 -7.8231 557.3878 178.5553 613.4760 228.0432 1.5731 1.7829 3.4358 -0.7547 1.3615 24.5687 -7.8539 6.6379
Car -1 -1 -7.7123 449.9741 178.8476 531.4040 240.1086 1.6170 1.7766 4.0932 -3.3554 1.4491 21.0342 -7.8690 6.4406
Car -1 -1 -7.4458 250.9837 176.3866 375.5388 246.2343 1.6952 1.6583 3.9551 -7.8459 1.4811 19.4477 -7.8248 5.7175
Car -1 -1 -7.7584 498.0867 181.7529 539.3677 214.9388 1.5000 1.6080 3.7572 -4.2409 1.3436 34.3907 -7.8806 4.1282
Car -1 -1 -4.4497 352.7062 178.7869 402.6687 206.8996 1.4951 1.6712 4.0314 -12.8520 1.1533 40.2806 -4.7569 3.6873
Car -1 -1 -7.3801 220.3627 183.9486 313.7864 226.5587 1.4598 1.5799 3.7146 -12.4888 1.4165 26.5131 -7.8167 3.1407
Car -1 -1 -7.7653 448.3706 178.5439 480.3000 204.6060 1.5534 1.6230 3.7773 -8.9249 1.1559 44.8120 -7.9612 2.8777
Car -1 -1 -7.6115 412.0045 179.4010 460.3761 208.3456 1.4714 1.6184 3.9406 -9.1609 1.1760 38.5226 -7.8437 2.7710
Car -1 -1 -7.8614 526.2303 180.0925 551.1713 202.5723 1.4060 1.5558 3.8865 -4.5550 1.0858 46.9754 -7.9579 1.9057
Car -1 -1 -3.7748 0.0000 184.2553 65.7064 375.0000 1.4817 1.6698 4.3808 -7.7653 1.4759 6.7340 -4.6113 1.2634
Car -1 -1 -4.2474 0.0000 183.8361 152.3897 250.0105 1.3304 1.5120 3.9067 -12.2270 1.3029 16.5035 -4.8774 0.8747
Car -1 -1 -5.9593 615.4619 177.8874 670.8380 201.1432 1.4963 1.5617 3.3386 2.3218 1.0250 47.5871 -5.9112 0.8447
Car -1 -1 -8.1382 216.9194 174.6879 274.3976 209.2377 1.5602 1.5549 3.4069 -17.3117 1.0850 34.2391 -8.6035 -1.1366
