Car -1 -1 -7.8563 559.4763 173.3935 630.8289 238.3336 1.5898 1.7486 3.3815 -0.3960 1.3005 19.3087 -7.8769 5.9479
Car -1 -1 -7.7595 501.3022 177.4514 547.8878 213.0441 1.4690 1.6535 4.2144 -3.6473 1.1487 31.7923 -7.8731 3.9654
Car -1 -1 -7.7098 471.8389 180.4845 539.3774 224.8612 1.4081 1.6892 4.5190 -3.5007 1.2581 25.0747 -7.8474 3.8484
Car -1 -1 -7.7573 518.7062 174.4556 555.1991 203.8846 1.5226 1.6128 3.8440 -3.8363 0.9661 39.1154 -7.8547 3.7922
Car -1 -1 -4.7891 535.8160 173.0843 564.2654 197.1570 1.5030 1.5641 3.6609 -3.8182 0.7457 46.8119 -4.8703 -0.0356
Car -1 -1 -7.6589 489.6464 159.1065 521.5007 183.4251 1.8104 1.7013 4.0351 -7.9187 -0.1442 55.8789 -7.7992 -0.8035
Car -1 -1 -5.6767 616.8888 174.9672 683.7135 199.2027 1.4621 1.6188 3.9820 2.6219 0.8440 45.2308 -5.6196 -1.1110
Car -1 -1 -7.9807 636.8178 173.1001 694.6768 218.0255 1.5628 1.6327 4.2166 2.0657 1.1415 27.1542 -7.9059 -1.1868
Car -1 -1 -6.0947 335.4452 185.7081 508.0982 242.8147 1.3791 1.5589 4.0241 -4.6683 1.3923 18.2706 -6.3416 -1.2323
Car -1 -1 -7.5314 549.6580 173.3916 591.6029 198.1781 1.5451 1.5998 3.8342 -2.3995 0.8082 46.8713 -7.5827 -1.7855
Car -1 -1 -4.7525 631.1679 171.7214 650.7167 188.7317 1.5078 1.6270 3.7084 2.9904 0.3118 65.5783 -4.7075 -2.1536
