Car -1 -1 -7.5909 347.8275 182.9603 460.6820 248.8479 1.4044 1.6041 3.9928 -4.7962 1.3565 17.3217 -7.8574 7.8673
Car -1 -1 -7.3245 0.0000 193.8543 343.1155 375.0000 1.4331 1.5462 3.4885 -4.2735 1.5447 7.5067 -7.8270 7.7889
Car -1 -1 -7.6856 450.1150 180.1429 509.5891 220.7601 1.3985 1.5539 3.7708 -4.7042 1.2240 26.6408 -7.8590 6.9922
Car -1 -1 -7.3781 126.8783 176.6862 295.3522 257.8508 1.5544 1.6328 3.7654 -8.4698 1.3912 15.6602 -7.8669 5.2402
Car -1 -1 -7.4047 212.5026 177.8686 307.8977 224.4902 1.5342 1.5825 3.7031 -12.2548 1.2926 25.5111 -7.8487 4.7492
Car -1 -1 -7.4884 303.4744 180.6289 394.0721 226.3392 1.4249 1.5630 3.9677 -8.7150 1.2820 24.4114 -7.8281 4.5246
Car -1 -1 -7.8708 575.7993 173.2944 612.0276 206.3583 1.5893 1.7432 3.9363 -0.7767 1.0165 36.5545 -7.8923 3.9485
Car -1 -1 -4.1350 26.4582 179.6642 135.4395 217.2659 1.4414 1.5657 4.2227 -21.6443 1.2287 29.7024 -4.7607 1.9699
Car -1 -1 -7.6318 445.3724 171.4420 486.2752 200.0603 1.7432 1.7398 3.8813 -9.0064 0.9044 45.7530 -7.8254 1.4194
Car -1 -1 -4.6034 470.6885 178.1531 512.8055 210.4845 1.4458 1.5524 3.9518 -5.4897 1.1301 34.1573 -4.7619 1.2398
Car -1 -1 -4.1473 23.6068 160.3340 100.7505 196.2582 1.8560 1.5914 3.7101 -29.5678 0.5707 39.0510 -4.7922 -0.0785
Pedestrian -1 -1 -4.3786 533.3583 164.1507 545.9901 195.6409 1.9367 0.6478 0.5109 -4.2447 0.6413 44.5362 -4.4733 -0.3347
Car -1 -1 -4.7557 423.8240 172.9657 447.1950 192.6345 1.5124 1.6407 4.0165 -13.8071 0.5706 57.4314 -4.9909 -0.3558
Car -1 -1 -4.0215 0.0000 171.4906 66.7417 283.3679 1.7292 1.6372 3.9244 -12.1476 1.5172 13.1089 -4.7587 -1.3430
Car -1 -1 -8.0910 620.3815 176.4200 664.5268 203.2450 1.5187 1.6702 4.2464 1.9841 1.0209 42.9420 -8.0456 -1.5939
Cyclist -1 -1 -7.5614 411.7840 175.2606 433.3691 210.1871 1.6444 0.5238 1.7631 -8.9714 1.1759 34.7376 -7.8126 -1.6081
Car -1 -1 -4.7946 638.0739 173.4693 663.1573 194.6239 1.6033 1.6249 4.1630 3.3188 0.7132 56.5828 -4.7366 -1.7399
Pedestrian -1 -1 -8.2601 908.0386 166.9723 954.5714 259.5104 1.6781 0.6187 0.5412 5.9281 1.3474 13.3077 -7.8492 -1.9957
