Car -1 -1 -7.5516 260.5697 191.5978 439.1461 297.3083 1.4581 1.6297 4.1728 -4.1952 1.5859 12.2723 -7.8747 7.4631
Car -1 -1 -7.2798 3.3803 183.2085 247.1478 290.0639 1.6228 1.6542 4.0475 -8.4011 1.5925 12.9472 -7.8462 7.1879
Car -1 -1 -7.6346 382.1876 182.1374 436.7936 218.7769 1.5274 1.6044 3.4576 -8.7233 1.3993 31.7326 -7.9011 7.0585
Car -1 -1 -7.6596 431.4740 185.4681 502.5680 233.5188 1.4413 1.6055 3.5352 -4.5294 1.4503 23.3522 -7.8494 6.8472
Car -1 -1 -7.7386 477.3705 183.7103 521.7169 216.4766 1.4333 1.5778 4.1325 -5.0207 1.3676 33.5361 -7.8865 4.5401
Car -1 -1 -7.8468 577.8629 179.2870 610.4409 209.5630 1.5872 1.7082 3.9454 -0.7716 1.2766 39.6700 -7.8666 4.2711
Car -1 -1 -7.4261 362.5637 180.7087 414.8959 207.2270 1.4569 1.5612 3.5075 -12.5661 1.2095 41.3369 -7.7198 3.5141
Car -1 -1 -7.4787 248.1876 171.1035 336.5224 222.8643 1.9154 1.8072 4.1886 -12.5130 1.3934 28.7240 -7.8864 3.4118
Car -1 -1 -7.4792 264.8899 189.5189 366.8564 242.0630 1.3848 1.5521 3.5523 -8.4538 1.5214 21.0159 -7.8576 2.8519
Car -1 -1 -7.7101 506.3333 182.9213 541.3823 208.4477 1.4552 1.5754 3.5843 -4.9809 1.3245 42.7932 -7.8256 2.7395
Car -1 -1 -4.8698 640.1188 181.5954 684.3293 211.9921 1.4872 1.6492 4.0884 2.7303 1.3103 37.2792 -4.7977 1.2946
Car -1 -1 -7.7435 484.9608 176.8612 508.4759 195.3174 1.5515 1.6229 3.6422 -9.6045 0.8493 62.2830 -7.8962 1.1238
Car -1 -1 -7.2598 62.1408 186.4635 197.5033 239.2117 1.4540 1.5565 3.7691 -14.3653 1.4953 21.8024 -7.8370 0.2587
Car -1 -1 -7.7204 429.7563 182.7335 466.6627 209.8944 1.4558 1.5570 3.5984 -8.9476 1.3229 40.3875 -7.9374 0.1355
Car -1 -1 -4.5024 142.1228 185.8182 209.0420 225.5417 1.4382 1.5216 3.5088 -16.7801 1.4634 27.9903 -5.0385 0.1020
Car -1 -1 -4.9019 612.6832 179.9931 641.5229 199.1260 1.5669 1.6546 4.3448 1.5903 1.1394 61.1498 -4.8764 -0.4781
Cyclist -1 -1 -8.2709 720.7157 178.8637 746.0565 217.1808 1.6586 0.4937 1.6120 5.5343 1.3838 31.9580 -8.1014 -1.2604
