Car -1 -1 -7.5654 291.8189 194.8126 476.4344 309.0333 1.4516 1.6268 4.2682 -3.4014 1.6357 11.6375 -7.8440 7.5484
Car -1 -1 -7.3900 129.1086 194.3846 308.0826 278.7538 1.4199 1.5664 3.8391 -7.6332 1.6289 14.4483 -7.8687 7.0719
Car -1 -1 -7.6952 440.5647 186.3893 504.6433 228.9997 1.4681 1.6714 4.5560 -5.0516 1.5164 27.1910 -7.8775 6.4014
Car -1 -1 -7.8302 573.8578 181.5816 607.7750 212.7989 1.5673 1.7029 3.6369 -0.8850 1.3850 37.9098 -7.8538 5.4202
Car -1 -1 -7.4444 238.9162 183.9799 326.7596 227.0049 1.5908 1.6463 4.1902 -12.8762 1.5453 28.6818 -7.8632 4.2932
Car -1 -1 -7.6041 314.1972 184.8364 396.6000 236.9125 1.5505 1.6447 3.6900 -8.1186 1.5394 23.3097 -7.9361 3.8381
Car -1 -1 -7.2674 112.3124 191.2300 248.7334 245.6734 1.4292 1.5876 3.8448 -12.5116 1.6238 21.2724 -7.7939 3.5731
Car -1 -1 -7.6053 376.5807 186.7240 434.3992 221.0575 1.4116 1.5660 3.7507 -8.8575 1.4820 31.6138 -7.8766 3.3332
Car -1 -1 -7.5330 436.0628 184.3756 484.1871 211.8873 1.4971 1.6021 3.7096 -8.4043 1.4516 41.0564 -7.7341 2.9905
Car -1 -1 -4.6198 506.4920 173.6494 545.2804 210.7666 2.0718 1.8617 4.5315 -4.7981 1.4263 42.4081 -4.7322 2.3480
Car -1 -1 -4.8004 420.6829 182.4141 445.0853 201.2415 1.4663 1.5731 3.9440 -14.1798 1.2482 58.1044 -5.0391 -0.2436
Car -1 -1 -7.6442 477.0945 175.2025 506.3635 195.8528 1.6733 1.6384 3.9369 -9.7023 0.8621 60.2556 -7.8035 -0.8039
Car -1 -1 -5.2400 601.2454 180.9849 649.1218 204.8722 1.5462 1.5628 3.7236 1.1100 1.2725 48.5381 -5.2177 -1.0869
Car -1 -1 -7.7329 606.9567 180.0947 633.7040 200.8257 1.6215 1.6815 4.2093 1.0413 1.2211 58.4267 -7.7156 -1.3549
Car -1 -1 -4.8507 629.4825 182.9831 664.4338 208.5811 1.4870 1.6475 3.4208 2.3054 1.3575 43.5345 -4.7986 -1.8763
Car -1 -1 -4.7839 642.1132 185.0547 679.9958 215.9756 1.4760 1.6118 3.9717 2.6045 1.4685 36.3014 -4.7133 -2.0285
