Car -1 -1 -7.5723 329.4969 187.8530 450.3950 261.0973 1.4059 1.5890 3.4880 -4.6519 1.4699 15.6698 -7.8565 7.3161
Car -1 -1 -7.6864 434.1160 180.7298 507.1920 228.4497 1.4452 1.6642 4.4444 -4.5093 1.3095 24.0066 -7.8704 6.4805
Car -1 -1 -7.8809 568.9595 175.3817 656.8376 254.3822 1.5982 1.7818 3.7801 0.0026 1.3994 16.4562 -7.8812 6.2211
Car -1 -1 -7.4531 239.3376 182.9575 362.0403 242.3271 1.4803 1.6900 3.9534 -8.3824 1.4241 19.9060 -7.8471 6.0088
Car -1 -1 -7.2677 67.2344 183.4420 217.1262 243.0362 1.5173 1.7054 3.7879 -12.9443 1.4723 20.2149 -7.8315 5.8406
Car -1 -1 -4.0094 0.0000 194.5882 68.1761 288.5528 1.4092 1.6456 4.0374 -12.2731 1.6085 13.2348 -4.7472 2.7018
Car -1 -1 -4.2463 287.0543 180.7564 364.5011 215.4249 1.4582 1.6297 3.9441 -12.5974 1.2708 32.2771 -4.6159 1.8891
Car -1 -1 -6.9793 0.0000 208.3307 134.5151 375.0000 1.4299 1.5802 3.6883 -4.0825 1.5886 3.0825 -7.8616 1.5466
Car -1 -1 -4.7655 635.2451 179.3042 657.6457 199.8058 1.5464 1.5415 3.7135 2.9701 1.1007 56.0793 -4.7133 1.0619
Car -1 -1 -4.3438 426.0024 180.2409 476.5173 207.7483 1.4353 1.5309 3.5347 -8.5469 1.1759 39.3741 -4.5566 0.5234
Car -1 -1 -4.5131 394.8392 177.6821 446.2216 209.4634 1.3804 1.5613 3.8302 -8.6079 1.0533 33.1758 -4.7653 0.4957
Car -1 -1 -7.8145 512.8134 179.0728 545.4491 206.9448 1.4425 1.6181 3.8508 -4.2730 1.1248 39.1813 -7.9228 -0.2553
Car -1 -1 -7.5304 520.7889 180.2003 565.6670 206.0565 1.4538 1.5595 3.6372 -3.7836 1.1720 42.3688 -7.6193 -0.2931
Car -1 -1 -7.7676 539.1295 179.5361 575.3434 208.2500 1.4934 1.6433 3.9826 -2.7509 1.1982 39.3925 -7.8372 -0.6729
Pedestrian -1 -1 -4.6313 708.9972 196.5990 725.4942 242.2097 1.1044 0.3744 0.3932 2.6570 1.3894 17.7563 -4.4856 -1.9502
