Car -1 -1 -7.5698 338.4173 178.5794 466.1535 264.9883 1.6177 1.6429 3.5693 -4.2544 1.4936 15.2559 -7.8376 7.5852
Car -1 -1 -7.6749 451.5818 183.0187 509.8999 222.2497 1.3870 1.5654 3.5147 -4.7728 1.3095 27.1777 -7.8474 7.2269
Car -1 -1 -7.4037 157.8395 187.7187 313.6793 259.6554 1.4644 1.6083 4.0140 -8.5207 1.5301 16.7916 -7.8671 7.0439
Car -1 -1 -7.8751 578.4138 173.7316 656.0976 243.9115 1.6114 1.7855 3.6254 0.1437 1.3478 18.3301 -7.8678 6.7379
Car -1 -1 -7.4428 266.7189 183.4954 344.4408 221.1018 1.5203 1.6299 3.9818 -12.9904 1.4509 31.0652 -7.8362 5.5173
Car -1 -1 -7.2239 0.0000 198.1097 274.7098 375.0000 1.4716 1.5483 3.6969 -3.6139 1.5823 4.2864 -7.8940 5.2315
Car -1 -1 -7.7666 495.4518 178.9370 535.6156 209.6371 1.4154 1.5911 4.2221 -4.5022 1.1261 35.2832 -7.8929 4.3933
Car -1 -1 -4.0950 46.8621 184.7584 123.5684 211.7173 1.4091 1.5355 3.7056 -28.5968 1.3854 39.4325 -4.7195 3.8822
Car -1 -1 -7.2150 156.0686 188.2299 284.5653 237.5842 1.4430 1.6465 3.9133 -12.4566 1.5496 23.3287 -7.7010 1.6348
Car -1 -1 -7.8933 726.0893 177.0676 759.2282 205.6622 1.4631 1.5964 3.6053 7.1824 1.0464 38.6806 -7.7114 1.1954
Car -1 -1 -7.8297 376.4709 183.2083 420.6790 220.0548 1.4505 1.6845 3.7343 -8.8045 1.3717 30.3186 -8.1103 1.1569
Car -1 -1 -4.3184 447.1317 177.5546 495.2395 203.0264 1.4964 1.5680 3.8047 -8.3793 1.0465 44.2550 -4.5048 0.1745
Car -1 -1 -4.6454 472.6396 174.8027 498.6733 197.2373 1.5369 1.5759 3.8416 -8.6898 0.8237 51.2376 -4.8129 -0.0147
Car -1 -1 -7.6267 412.2598 170.4569 452.2638 199.0069 1.9286 1.8446 4.1667 -12.3309 0.9318 50.6519 -7.8647 -0.0839
Car -1 -1 -7.8175 664.6422 178.7742 703.3740 212.7142 1.4637 1.6354 3.9902 3.5231 1.1861 33.0920 -7.7128 -0.4567
Car -1 -1 -4.8738 575.8633 180.9379 627.9126 217.7676 1.4253 1.5575 3.7676 -0.3454 1.2599 29.8102 -4.8857 -0.7361
Car -1 -1 -4.4788 530.6869 178.5471 568.0287 203.6943 1.6128 1.6101 4.0235 -3.8938 1.1853 48.2150 -4.5594 -1.3445
