Car -1 -1 -7.5692 297.4701 184.7873 449.5034 271.4815 1.4413 1.6451 4.2719 -4.4194 1.4343 14.0980 -7.8679 7.1739
Car -1 -1 -7.3562 158.1115 182.3931 275.2454 231.4505 1.4240 1.5614 3.9303 -12.3100 1.3422 22.8378 -7.8459 6.8410
Car -1 -1 -7.8365 585.1019 176.6104 669.5611 251.6836 1.5938 1.7970 3.7662 0.4430 1.4113 17.1807 -7.8116 5.4548
Car -1 -1 -7.2378 0.0000 186.8245 212.2129 299.2995 1.4544 1.6209 4.0011 -8.2131 1.4845 11.3544 -7.8529 4.7262
Car -1 -1 -7.2091 0.0000 202.6786 256.5269 375.0000 1.4272 1.6033 3.8980 -4.5705 1.6129 5.6796 -7.8640 3.6320
Car -1 -1 -7.4463 294.5719 182.4549 393.1354 230.3840 1.3998 1.5599 3.7931 -8.3387 1.3193 22.9356 -7.7915 2.8842
Car -1 -1 -4.2092 112.2460 176.6534 168.8207 201.3007 1.5220 1.5210 3.5504 -29.9916 0.9934 46.2133 -4.7824 2.7094
Car -1 -1 -7.7640 633.9440 180.3502 667.6493 207.5366 1.4109 1.5287 3.5043 2.3497 1.1585 39.1518 -7.7049 2.1743
Car -1 -1 -4.5361 688.9184 180.1777 718.1331 199.7190 1.6308 1.7949 4.2664 8.3210 1.2105 62.2974 -4.4044 2.0441
Car -1 -1 -7.4728 271.6556 168.0374 359.3597 217.7514 1.9148 1.8219 4.5062 -12.0747 1.2533 29.9412 -7.8533 1.9733
Car -1 -1 -7.7092 512.4078 176.2030 535.3329 192.7065 1.5200 1.6382 3.7264 -7.9264 0.6901 68.0929 -7.8250 0.3549
Car -1 -1 -2.5458 193.4490 179.9628 280.5128 207.3734 1.4589 1.6463 4.0012 -20.2793 1.1795 39.3219 -3.0195 0.1145
Car -1 -1 -4.8624 538.3450 177.4305 564.4366 197.2792 1.5663 1.5917 3.6415 -4.6472 0.9521 58.6805 -4.9415 -0.3800
Car -1 -1 -4.8135 116.6056 180.5718 172.6810 218.2116 1.4605 1.5844 3.8687 -19.3430 1.2805 29.9013 -5.3838 -0.4492
Car -1 -1 -7.6731 222.7259 183.5195 278.5618 216.4308 1.4350 1.6329 3.9484 -16.5793 1.3612 33.4652 -8.1302 -1.7001
Car -1 -1 -7.8446 515.9092 175.2338 541.8914 199.9337 1.5430 1.6166 3.7170 -5.1466 0.9196 46.8379 -7.9537 -1.7963
Car -1 -1 -3.0597 618.5225 182.5013 709.5403 217.3214 1.4797 1.6209 3.8786 2.4710 1.3645 31.6542 -2.9830 -1.8114
