Car -1 -1 -7.4693 206.8432 182.4072 420.4622 308.2542 1.5629 1.6710 3.5672 -4.1816 1.5281 10.7281 -7.8328 7.6627
Car -1 -1 -7.6389 422.1876 184.5818 495.4695 231.8344 1.3874 1.5798 3.4016 -4.6864 1.3689 22.8181 -7.8395 6.8283
Car -1 -1 -7.8882 576.7106 174.0800 657.1856 248.1392 1.6072 1.7507 3.4726 0.1000 1.3657 17.3617 -7.8830 6.7346
Car -1 -1 -7.3024 1.4590 190.0349 236.8070 288.4387 1.4568 1.5893 3.9321 -8.4421 1.5562 12.8192 -7.8754 6.6326
Car -1 -1 -7.5570 343.3537 181.6036 419.2740 224.6944 1.4743 1.6059 3.8404 -8.2938 1.3508 26.5171 -7.8576 5.6393
Car -1 -1 -7.3041 89.3494 186.2340 234.9843 242.5358 1.4152 1.5732 4.0256 -12.3404 1.4468 20.1602 -7.8478 3.9953
Car -1 -1 -7.7647 481.1238 179.9252 527.5837 216.5256 1.4670 1.6021 4.2969 -4.4274 1.2551 31.0005 -7.9057 3.7577
Car -1 -1 -4.2529 216.5568 181.6522 307.9843 222.7787 1.4314 1.5784 3.7339 -12.8526 1.3075 26.9002 -4.6950 1.6287
Car -1 -1 -4.6897 462.0953 172.4583 488.1489 197.4561 1.5627 1.5864 3.8644 -8.6563 0.7654 46.9726 -4.8712 1.0316
Car -1 -1 -7.5887 397.7420 169.0928 441.0337 197.9337 1.7834 1.7163 3.9941 -12.1405 0.7866 46.4575 -7.8432 0.8352
Car -1 -1 -8.0934 541.3784 178.1379 576.7905 201.2022 1.5403 1.6300 3.6579 -3.4459 1.0678 49.9960 -8.1623 -0.7792
Pedestrian -1 -1 -6.9772 721.0369 170.6872 738.6990 207.2728 1.7595 0.6370 0.5719 5.9066 1.0609 34.9909 -6.8117 -0.9087
Car -1 -1 -7.3913 158.5845 183.7878 241.4443 217.2975 1.4483 1.6286 4.1623 -18.7396 1.3868 33.1880 -7.9022 -1.0682
Car -1 -1 -4.6146 365.0416 178.9889 399.8475 205.2892 1.4108 1.5221 3.6036 -12.6721 1.0769 40.4782 -4.9165 -1.1846
Car -1 -1 -4.6340 419.6926 177.5582 442.4774 196.5712 1.5406 1.5655 3.7330 -14.7840 0.9203 60.2168 -4.8740 -1.4275
Pedestrian -1 -1 -4.5307 673.4351 189.4647 685.9249 220.4523 1.1232 0.3830 0.4486 2.6001 1.2809 26.3974 -4.4340 -1.8881
