Car -1 -1 -8.0470 484.5605 174.6413 534.1678 208.8883 1.6010 1.7196 3.8903 -4.9787 1.1068 35.7246 -8.1848 6.1761
Car -1 -1 -8.1100 429.7852 175.7139 468.5818 200.3969 1.5258 1.5868 3.5813 -10.2938 0.9386 46.3928 -8.3275 3.0177
Car -1 -1 -4.9417 337.2973 173.8163 367.0005 191.4982 1.5162 1.6116 4.0161 -22.7121 0.5389 63.7644 -5.2829 0.7922
Pedestrian -1 -1 -4.3771 388.1992 205.4772 415.9704 266.6316 1.1046 0.3725 0.4394 -3.8729 1.4880 13.3665 -4.6541 -0.1168
Car -1 -1 -5.0248 344.5045 177.0766 382.3451 198.1817 1.5649 1.6518 3.8585 -18.8579 0.9616 55.3428 -5.3521 -0.4166
Car -1 -1 -7.8484 408.4602 187.4323 462.9798 235.3148 1.4106 1.5896 3.8388 -5.6302 1.4893 23.4167 -8.0821 -0.7736
Car -1 -1 -7.7439 299.0327 172.2619 342.0116 206.1946 1.6635 1.6250 4.1535 -14.9350 1.0286 37.4589 -8.1211 -0.9999
Car -1 -1 -3.7186 309.4471 177.2803 367.6841 198.3347 1.5113 1.5644 3.8347 -20.0512 0.9418 53.6054 -4.0752 -1.1045
Car -1 -1 -5.8092 304.8716 186.2686 461.2125 242.1403 1.4555 1.6087 3.8178 -6.2160 1.4864 19.8928 -6.1086 -1.6140
Pedestrian -1 -1 -6.6462 582.0984 174.0756 594.2675 204.4111 1.6662 0.5666 0.5053 -1.1181 1.0545 39.8420 -6.6744 -1.6211
Pedestrian -1 -1 -4.9699 870.5649 201.2821 902.1487 277.1410 1.1195 0.3506 0.4082 4.1736 1.3687 10.9222 -4.6138 -1.7095
Car -1 -1 -4.9733 307.7520 173.7234 344.8239 194.6989 1.5927 1.6811 4.2792 -22.2924 0.7202 56.8053 -5.3460 -2.0264
