Car -1 -1 -8.0847 476.1753 159.2611 528.1241 196.5155 1.7616 1.7055 4.0151 -5.4049 0.5345 36.1728 -8.2321 4.7775
Car -1 -1 -8.0531 394.2276 162.6080 434.8335 190.1583 1.5244 1.6155 3.4845 -11.2720 0.2736 41.6957 -8.3157 4.1301
Pedestrian -1 -1 -7.9762 312.7030 166.8995 336.3739 219.6361 1.7898 0.7025 0.5171 -9.8120 1.1683 24.7912 -8.3496 0.8786
Car -1 -1 -4.9248 328.7589 166.8017 372.5716 194.9064 1.4688 1.5751 3.4342 -14.1707 0.5066 39.4439 -5.2677 -0.1588
Car -1 -1 -3.9394 301.2776 167.5600 368.2627 194.4736 1.4957 1.5704 3.6170 -15.8871 0.5146 41.9204 -4.2997 -1.1973
Car -1 -1 -3.2687 133.0034 173.4110 213.5203 199.2311 1.5166 1.6288 4.0593 -26.6617 0.8234 44.1209 -3.8098 -1.4048
Pedestrian -1 -1 -4.9424 904.9949 192.1192 933.8903 264.8995 1.1625 0.3427 0.4188 5.0411 1.2779 11.7617 -4.5464 -1.4874
Cyclist -1 -1 -5.2492 536.0023 167.3488 562.4351 199.8372 1.7590 0.6900 1.6902 -3.2826 0.7918 39.8087 -5.3313 -1.7486
Car -1 -1 -7.7078 346.8541 154.9506 375.7344 177.4768 1.7198 1.6681 3.8737 -19.9815 -0.6501 58.3499 -8.0364 -1.7708
Car -1 -1 -3.0933 343.6678 168.3503 401.6156 190.5443 1.5109 1.6159 3.7726 -16.3948 0.3629 50.2111 -3.4075 -1.7722
Pedestrian -1 -1 -3.1480 368.1296 194.2787 396.2570 286.1664 1.3194 0.3831 0.3894 -3.3843 1.4564 10.6114 -3.4498 -1.9011
Car -1 -1 -4.5945 173.7829 168.1640 214.2802 197.4920 1.5446 1.5300 3.5311 -22.8743 0.6467 39.7833 -5.1136 -2.0634
