Car -1 -1 -7.8704 577.2068 184.7672 679.9349 273.0970 1.3719 1.5958 3.3827 0.2758 1.3651 12.8596 -7.8499 7.9554
Car -1 -1 -7.8938 581.8264 175.1335 649.9615 235.6313 1.4841 1.6734 3.8727 0.0838 1.2369 19.5999 -7.8900 5.0033
Car -1 -1 -7.7860 657.4495 162.6053 684.6284 188.3236 1.7508 1.6691 3.8059 4.4947 0.2117 50.9447 -7.6988 3.0317
Car -1 -1 -7.9742 568.2866 172.4025 624.8990 214.3156 1.5053 1.7175 3.9401 -0.5465 1.0453 27.8881 -7.9939 2.1845
Pedestrian -1 -1 -8.0432 617.3465 162.4337 631.9674 196.3520 1.8751 0.6996 0.6795 0.9091 0.6158 40.1334 -8.0210 0.7177
Car -1 -1 -2.8141 491.8230 174.1204 542.4343 190.8920 1.4890 1.6320 4.2449 -8.1998 0.5041 65.0481 -2.9393 -0.3670
Car -1 -1 -7.9103 593.2895 172.3061 630.0980 204.5106 1.4665 1.5586 3.5768 0.1086 0.8788 34.5620 -7.9076 -0.4871
Car -1 -1 -5.9029 327.6636 170.3410 377.0801 187.9438 1.6068 1.6886 3.9680 -23.6242 0.2492 66.5403 -6.2430 -1.3137
Car -1 -1 -7.9595 638.9766 166.6773 660.8638 184.0209 1.6331 1.6951 4.1536 4.0722 -0.1199 70.0947 -7.9020 -1.3712
Car -1 -1 -2.7065 556.3858 163.0250 637.4291 192.1561 1.6210 1.7263 4.3783 -0.6652 0.3864 41.6801 -2.7226 -2.0666
Cyclist -1 -1 -3.1104 518.3345 162.6568 557.7310 207.1005 1.8525 0.6766 1.6363 -2.9728 0.9124 30.3546 -3.2074 -2.0905
