Car -1 -1 -7.8781 553.8968 189.2082 713.1766 331.4884 1.3737 1.5608 3.5482 0.1883 1.4327 8.8173 -7.8579 7.1861
Car -1 -1 -7.8663 566.2591 175.5600 656.7170 252.2954 1.4877 1.7555 3.7242 -0.0031 1.3007 15.8103 -7.8669 5.8645
Car -1 -1 -7.8799 566.1128 172.4272 622.8895 221.3603 1.4861 1.7282 3.8333 -0.5410 1.0979 23.7881 -7.9027 4.6344
Car -1 -1 -7.3648 701.9406 162.1650 743.3528 183.3977 1.6344 1.6326 3.9326 9.2425 -0.1511 57.7471 -7.2072 2.7815
Car -1 -1 -7.7195 585.4818 173.2032 633.3915 208.7683 1.4396 1.5876 3.7126 0.0914 0.9535 31.0445 -7.7170 1.5004
Pedestrian -1 -1 -7.7506 613.1265 162.0186 627.9822 199.5903 1.8700 0.6818 0.6804 0.6120 0.7156 36.1575 -7.7341 1.3215
Pedestrian -1 -1 -3.2823 788.9493 175.4802 810.5486 221.0165 1.5408 0.4950 0.6489 6.5241 1.2116 24.6074 -3.0264 -0.2180
Car -1 -1 -7.7533 332.4158 174.1819 364.3470 198.7258 1.5402 1.6019 3.6812 -16.9729 0.8479 47.0895 -8.0977 -0.2973
Cyclist -1 -1 -7.7521 244.9052 173.6424 265.3311 227.2781 1.6152 0.4031 1.6586 -11.0687 1.2668 22.4955 -8.2048 -0.8155
Pedestrian -1 -1 -8.3875 502.9834 161.1917 531.3376 210.2842 1.7616 0.7157 0.8140 -3.3635 0.8997 26.3357 -8.5135 -1.6833
Car -1 -1 -2.7078 474.5207 171.7887 523.3240 189.5957 1.5140 1.5968 3.8790 -9.4581 0.3726 62.4280 -2.8578 -1.7088
Car -1 -1 -7.5427 179.5240 177.3037 277.4023 228.7924 1.4770 1.6048 3.8456 -11.8581 1.2502 22.6499 -8.0203 -1.7612
Car -1 -1 -5.9144 305.3640 168.9511 358.5071 188.4215 1.6676 1.6749 3.9722 -23.9316 0.2747 62.4144 -6.2793 -1.8994
