Car -1 -1 -8.0685 472.7018 165.4301 522.5511 200.5209 1.6591 1.6850 3.8520 -5.6153 0.7238 36.0875 -8.2220 5.9222
Car -1 -1 -8.1783 392.7712 170.2022 436.5500 195.3300 1.4414 1.4981 3.4954 -11.6397 0.5803 43.1052 -8.4407 2.9747
Car -1 -1 -3.9816 293.6395 174.1925 365.0123 201.0607 1.4244 1.5409 3.8498 -15.5194 0.8401 40.1818 -4.3482 -0.5409
Car -1 -1 -7.9916 327.3950 162.6200 354.9243 184.0220 1.7263 1.6550 3.8372 -22.4034 -0.1034 60.2990 -8.3460 -0.6769
Car -1 -1 -7.9474 344.5581 171.0474 376.5386 195.3994 1.4919 1.5924 3.7863 -15.9089 0.6240 46.0927 -8.2782 -0.8250
Car -1 -1 -4.5161 10.7001 181.6918 98.2956 229.9060 1.4880 1.6055 3.8205 -18.5850 1.3794 24.2541 -5.1648 -0.9330
Pedestrian -1 -1 -4.6734 723.6467 181.3648 737.7188 225.3553 1.2548 0.3863 0.4282 3.5039 1.1451 20.7543 -4.5088 -1.1527
Car -1 -1 -5.8675 345.5244 172.5273 412.1281 194.7529 1.5395 1.6823 4.1663 -16.1907 0.6608 50.8557 -6.1744 -1.4650
Pedestrian -1 -1 -4.3264 280.6498 167.9317 310.9306 222.6848 1.8312 0.6505 0.9121 -10.6684 1.2533 24.5042 -4.7333 -1.4990
Car -1 -1 -1.9342 161.8202 173.3155 213.4473 196.6994 1.5071 1.6454 4.1027 -28.2533 0.7403 48.2599 -2.4616 -1.5937
Pedestrian -1 -1 -3.2337 418.5729 179.8656 436.6677 239.8862 1.5509 0.4957 0.4171 -4.7810 1.4128 18.8779 -3.4787 -1.6161
