Car -1 -1 -7.8672 544.3068 191.4032 730.1498 356.9775 1.3998 1.6075 3.5465 0.2178 1.4841 7.9937 -7.8414 6.2809
Car -1 -1 -7.8543 560.9234 178.3211 657.0586 257.6893 1.4800 1.7930 3.8983 -0.0353 1.3516 15.3565 -7.8570 5.8507
Car -1 -1 -7.8661 563.1780 175.0209 620.4465 227.5344 1.5257 1.6662 3.8573 -0.5822 1.2297 22.8444 -7.8917 3.8192
Car -1 -1 -3.3170 737.2322 167.7056 785.5490 184.8285 1.5926 1.6453 4.2309 14.4488 -0.0368 67.7930 -3.1082 -0.1494
Car -1 -1 -5.0249 748.7542 177.1020 792.3928 202.0953 1.4656 1.5443 3.6598 9.8951 0.9900 44.0488 -4.8057 -0.4045
Car -1 -1 -5.9759 466.9276 179.5511 519.2740 197.1783 1.4446 1.5908 4.0224 -9.5681 0.9805 59.9991 -6.1337 -0.6669
Pedestrian -1 -1 -3.1423 795.7886 180.6931 814.4518 224.8799 1.4427 0.4606 0.5894 6.4788 1.2952 23.7690 -2.8796 -0.6792
Car -1 -1 -2.8059 549.7604 166.3286 632.7621 199.1538 1.6019 1.6854 3.8722 -0.8596 0.6804 36.4776 -2.8296 -0.6872
Pedestrian -1 -1 -6.0245 227.0489 173.6584 255.0709 229.6285 1.6611 0.5860 0.6230 -11.1013 1.3182 21.6855 -6.4929 -1.3813
Car -1 -1 -7.9758 604.2581 175.5170 654.9309 213.5845 1.4355 1.5792 3.8134 0.7789 1.0699 29.0805 -7.9497 -1.4248
Pedestrian -1 -1 -7.8264 611.9361 165.2963 626.3458 202.8411 1.8197 0.6876 0.7298 0.5258 0.8544 35.2202 -7.8120 -1.4359
Car -1 -1 -4.4488 178.0997 179.4397 209.1790 195.8137 1.5085 1.6094 3.8440 -39.3062 0.9766 68.2915 -4.9697 -1.4820
Car -1 -1 -4.3599 370.7484 176.4534 403.9974 194.0263 1.5158 1.5868 3.8791 -19.5869 0.7602 63.9898 -4.6561 -1.5278
Car -1 -1 -4.3327 273.8217 177.3057 307.5142 193.7211 1.4692 1.5655 3.7352 -29.1820 0.7614 66.2323 -4.7466 -1.7892
Pedestrian -1 -1 -6.8202 552.7098 167.7625 564.4751 192.0958 1.7173 0.6903 0.5612 -3.5240 0.4857 51.1754 -6.8889 -2.1247
