Car -1 -1 -7.9068 551.6427 192.4410 737.9953 364.7282 1.3950 1.5569 3.5826 0.2030 1.4917 7.7852 -7.8822 5.7896
Car -1 -1 -7.8458 560.5388 178.6767 656.9640 259.1736 1.4873 1.7824 3.9838 -0.0222 1.3666 15.2794 -7.8477 5.2183
Car -1 -1 -7.8671 561.2686 175.2644 620.0974 228.1456 1.5216 1.6953 3.9437 -0.6171 1.2354 22.6886 -7.8943 4.3720
Pedestrian -1 -1 -4.6761 612.1595 167.7220 626.1508 204.3981 1.7697 0.6570 0.7707 0.5243 0.9258 35.0880 -4.6617 -0.0427
Car -1 -1 -7.8679 323.5246 177.4555 351.9622 202.4765 1.5207 1.6295 3.8966 -17.2540 1.0492 45.8010 -8.2266 -0.3926
Car -1 -1 -5.8960 300.2799 175.9643 351.6627 194.3361 1.5420 1.6347 3.7315 -23.9695 0.7657 61.1813 -6.2682 -0.5293
Car -1 -1 -7.6801 583.9902 176.7790 635.6583 213.1207 1.4206 1.5814 3.4461 0.1024 1.0910 29.9360 -7.6771 -0.5731
Car -1 -1 -2.6859 359.1927 180.4811 412.8062 197.2901 1.4529 1.6178 4.2295 -19.5129 1.0438 63.2666 -2.9843 -0.9589
Pedestrian -1 -1 -3.7543 797.0488 180.3722 819.0573 223.0795 1.3816 0.4369 0.5415 6.5163 1.2251 23.5534 -3.4878 -1.3208
Car -1 -1 -4.2599 289.1603 177.5948 325.6254 193.8825 1.4558 1.5566 3.8850 -27.6397 0.7748 66.2379 -4.6541 -1.5100
Car -1 -1 -2.5035 442.2421 178.4258 541.9410 216.4303 1.4157 1.5826 3.6533 -4.6072 1.1629 28.3201 -2.6636 -2.1667
