Car -1 -1 -7.8942 542.4468 193.6807 732.6835 366.8648 1.3823 1.5723 3.6343 0.1497 1.4953 7.7509 -7.8761 6.1272
Car -1 -1 -7.8674 561.8488 179.5441 656.9913 260.2665 1.4912 1.7600 3.7548 -0.0536 1.3866 15.1718 -7.8714 5.5385
Car -1 -1 -7.9134 561.8308 175.9571 622.4083 229.4960 1.5379 1.6565 3.9032 -0.6173 1.2721 22.6651 -7.9407 4.8443
Car -1 -1 -7.4977 582.2346 177.0748 646.7712 213.6991 1.4325 1.5843 3.4752 0.3023 1.1142 30.0231 -7.4881 1.4431
Pedestrian -1 -1 -7.6222 609.0176 165.4940 626.2396 204.8552 1.8941 0.7088 0.6507 0.4476 0.9452 34.9940 -7.6099 0.7716
Pedestrian -1 -1 -8.5611 794.9222 180.6519 818.9995 225.9047 1.4528 0.4512 0.6358 6.4538 1.3065 23.4623 -8.2962 -0.0510
Car -1 -1 -7.4837 156.4324 181.0967 265.4164 235.0610 1.4700 1.6181 3.6569 -11.7682 1.3579 21.4971 -7.9795 -0.5233
Car -1 -1 -4.8053 595.2650 171.6364 624.3193 195.6356 1.5274 1.5743 3.7926 0.0727 0.6633 47.7119 -4.8042 -0.6065
Car -1 -1 -7.6532 511.2954 170.5914 543.5873 192.2345 1.5219 1.6224 3.7860 -5.8477 0.4937 52.5072 -7.7639 -0.7003
Car -1 -1 -5.8904 298.1279 173.8055 350.3634 192.8173 1.5911 1.6449 3.7843 -24.0518 0.6363 61.0184 -6.2647 -0.7873
Car -1 -1 -3.0327 658.3302 171.4637 711.2756 188.8717 1.5150 1.6916 4.5218 6.8451 0.3183 63.8696 -2.9267 -1.6848
Car -1 -1 -4.2107 424.6769 176.3784 462.4446 193.9583 1.5141 1.5971 3.9058 -14.5905 0.7532 64.0120 -4.4343 -1.7526
Car -1 -1 -4.7080 242.6555 178.1629 267.2536 199.1259 1.4959 1.5869 3.9671 -26.2247 0.9928 53.4276 -5.1626 -1.9092
