Car -1 -1 -7.9090 545.1772 193.0608 735.6787 367.3145 1.3872 1.5717 3.6049 0.1474 1.4915 7.7177 -7.8911 6.0192
Car -1 -1 -7.8788 562.5535 179.4760 658.1217 260.7483 1.4975 1.7653 3.8385 -0.0593 1.3919 15.1895 -7.8831 5.9113
Car -1 -1 -7.8493 563.0976 176.1868 621.5157 229.5439 1.5309 1.6771 3.7234 -0.5250 1.2720 22.5026 -7.8728 3.9470
Car -1 -1 -7.5109 582.2263 176.8919 645.9008 213.6283 1.4375 1.5865 3.4706 0.2839 1.1119 30.0305 -7.5019 1.4182
Pedestrian -1 -1 -7.9905 610.5627 167.6600 625.7863 206.0498 1.8512 0.6533 0.6861 0.4690 1.0048 35.0439 -7.9776 1.1680
Car -1 -1 -7.8633 597.6687 171.8656 623.2775 194.9074 1.4912 1.6576 3.8984 0.1358 0.6274 48.4772 -7.8609 0.0140
Car -1 -1 -7.5989 510.7848 171.1693 545.2184 192.5347 1.5021 1.6126 3.7243 -5.8050 0.5147 52.4970 -7.7088 -0.4157
Pedestrian -1 -1 -5.1034 798.4404 183.7951 816.9833 224.7123 1.3207 0.4311 0.4798 6.4801 1.2750 23.4669 -4.8375 -0.5643
Car -1 -1 -7.4554 160.2811 182.2736 270.6862 234.0764 1.4227 1.5930 3.6832 -11.7134 1.3420 21.6491 -7.9464 -0.6386
Car -1 -1 -5.9173 298.4082 174.8010 349.5159 192.8869 1.5171 1.6298 3.7057 -24.1194 0.6436 61.1312 -6.2919 -0.8238
Car -1 -1 -4.7554 564.2044 174.5931 596.9609 202.4336 1.4647 1.6302 4.1811 -1.5887 0.9060 39.9707 -4.7952 -1.7935
Pedestrian -1 -1 -6.3206 702.8450 169.1876 712.4250 194.2151 1.7276 0.7214 0.6318 6.9220 0.6214 50.0108 -6.1842 -1.8057
Car -1 -1 -4.7107 242.6756 178.1905 267.2940 199.1868 1.4983 1.5883 3.9726 -26.2310 0.9972 53.4323 -5.1654 -1.9487
Car -1 -1 -4.5950 377.8933 175.8790 401.2106 192.6604 1.4798 1.5860 3.8840 -19.8431 0.6567 65.4420 -4.8885 -1.9909
Car -1 -1 -4.2709 425.3000 177.1460 461.3281 194.5412 1.4982 1.5914 3.9511 -14.6119 0.8033 64.0115 -4.4948 -2.0552
