Car -1 -1 -7.8999 542.7424 193.2663 734.2946 366.7218 1.3866 1.5851 3.6239 0.1479 1.4941 7.7502 -7.8820 5.7434
Car -1 -1 -7.8823 563.2069 180.0750 659.6547 260.6039 1.4859 1.7847 3.8616 -0.0439 1.3912 15.2224 -7.8856 5.7239
Car -1 -1 -7.8657 562.1927 176.0277 621.9617 229.3873 1.5326 1.7192 3.7392 -0.5656 1.2689 22.5472 -7.8909 4.3692
Car -1 -1 -7.5529 582.8774 177.2248 646.0616 213.7699 1.4288 1.6151 3.7322 0.3091 1.1165 30.1285 -7.5432 1.3910
Pedestrian -1 -1 -7.8713 611.5734 167.2823 625.6736 205.9172 1.8663 0.6748 0.6494 0.4910 1.0002 35.0507 -7.8578 1.0994
Car -1 -1 -7.8692 597.3395 171.4901 622.9120 195.2458 1.5406 1.6591 3.9033 0.1010 0.6506 48.5816 -7.8675 0.6760
Car -1 -1 -5.9061 298.1851 175.1289 351.8232 192.9306 1.4928 1.6441 3.9142 -24.0226 0.6471 61.1124 -6.2794 -0.3525
Pedestrian -1 -1 -6.3198 703.6543 169.1785 713.0436 194.4424 1.7436 0.7231 0.6190 6.9705 0.6369 50.0018 -6.1824 -0.4867
Car -1 -1 -4.2532 111.9607 179.1174 259.5076 238.6292 1.4921 1.7661 4.4523 -11.7301 1.3393 20.2978 -4.7717 -0.7794
Car -1 -1 -7.7850 509.8696 170.4768 535.9703 192.2948 1.5340 1.6326 3.8520 -6.1826 0.4979 52.5033 -7.9019 -1.5766
Car -1 -1 -4.2230 424.5489 178.0293 462.1303 195.3182 1.4881 1.5868 3.9576 -14.6042 0.8697 63.9896 -4.4468 -1.6117
Car -1 -1 -4.6758 245.6662 177.9966 271.0168 198.8862 1.4935 1.5550 3.7181 -25.9466 0.9775 53.4097 -5.1264 -1.7768
Pedestrian -1 -1 -5.0013 800.5607 186.2201 816.3852 223.8312 1.2169 0.4003 0.3939 6.5063 1.2501 23.4697 -4.7343 -2.1320
