Car -1 -1 -7.8922 544.7418 192.3359 730.0312 360.6216 1.3831 1.5680 3.6094 0.1593 1.4794 7.8817 -7.8732 6.0333
Car -1 -1 -7.8734 562.4827 178.4030 660.0308 258.6274 1.4878 1.8125 4.0106 -0.0300 1.3616 15.3564 -7.8758 5.6375
Car -1 -1 -7.8622 561.6516 174.8123 619.9147 227.6839 1.5268 1.6846 3.9173 -0.6049 1.2266 22.7460 -7.8889 4.9114
Car -1 -1 -5.7331 342.4812 178.1415 397.3868 195.5497 1.5015 1.6516 4.3737 -20.9463 0.8915 63.3076 -6.0517 -0.6240
Pedestrian -1 -1 -3.1688 226.4529 174.5687 250.3233 230.1979 1.6260 0.6037 0.6182 -11.0565 1.3149 21.4240 -3.6403 -0.7488
Car -1 -1 -7.9541 605.2855 175.4916 654.1975 213.8743 1.4442 1.5828 3.7927 0.7841 1.0784 28.9966 -7.9277 -1.1068
Car -1 -1 -2.7055 548.6988 166.8578 634.1442 199.8229 1.5995 1.6972 3.9884 -0.8642 0.7089 36.4562 -2.7293 -1.1885
Car -1 -1 -5.8461 298.1571 176.5116 350.9660 194.7178 1.5264 1.6387 3.8534 -24.1029 0.7968 61.2087 -6.2201 -1.2370
Car -1 -1 -6.4497 738.5100 168.0589 787.1915 185.1398 1.5878 1.6602 4.2660 14.5770 -0.0071 67.7552 -6.2390 -1.2635
Pedestrian -1 -1 -2.7724 337.3530 171.6856 347.6502 194.3929 1.8324 0.7296 0.5589 -21.5559 0.7407 58.3778 -3.1249 -1.2724
Car -1 -1 -4.1527 276.7752 177.9462 318.4045 194.3734 1.4610 1.6132 4.0368 -28.4565 0.8146 66.0513 -4.5583 -1.5487
Pedestrian -1 -1 -7.8456 609.4838 165.2486 623.6123 203.5505 1.8520 0.6832 0.6632 0.3956 0.8867 35.0973 -7.8347 -1.6127
Car -1 -1 -4.5322 486.0049 178.9733 541.1950 214.9579 1.3642 1.5547 3.8543 -3.7948 1.1277 29.2171 -4.6605 -2.1021
Pedestrian -1 -1 -2.9083 526.8033 167.5536 535.1248 193.1699 1.8009 0.5991 0.4599 -5.4553 0.5594 50.8645 -3.0149 -2.1555
