Car -1 -1 1.7220 467.8214 183.4475 533.3369 230.0341 1.4611 1.6718 4.3768 -3.8599 1.8726 25.8137 1.5735 12.4385
Car -1 -1 2.1663 28.5638 183.3223 142.6393 226.8669 1.5497 1.6283 4.1518 -20.7991 1.9982 28.7857 1.5406 9.6288
Car -1 -1 -1.5587 582.0802 179.3563 630.9478 224.9903 1.5495 1.7023 4.3936 -0.1518 1.8160 27.3273 -1.5643 9.4483
Car -1 -1 2.1228 140.5109 186.4961 228.6913 220.7650 1.4449 1.6289 4.2248 -20.1014 2.1330 34.2432 1.5919 9.1056
Car -1 -1 1.6251 548.5445 179.9204 569.7957 198.8022 1.5168 1.6013 3.7273 -4.3091 2.1353 61.2395 1.5549 6.9242
Car -1 -1 2.4443 0.0000 190.3970 136.5065 374.0000 1.4233 1.5022 3.2958 -4.0225 1.5436 3.2733 1.5565 5.8990
Car -1 -1 1.6515 488.6205 168.1254 518.3601 191.8738 1.4856 1.6075 4.0151 -6.9548 1.1901 47.1888 1.5051 4.1855
Car -1 -1 2.3094 0.0000 191.7147 24.7760 249.8390 1.5284 1.6379 3.9708 -20.5172 2.1626 22.2531 1.5645 1.9082
Car -1 -1 1.8349 413.4255 187.8730 463.1875 219.0867 1.4732 1.6019 3.7998 -8.9738 2.3010 37.8264 1.6019 -0.1627
Car -1 -1 2.1298 96.9090 168.6192 181.5421 203.8767 1.7347 1.6860 4.2749 -24.4774 1.5267 37.6497 1.5533 -1.6489
Car -1 -1 2.4137 1115.5581 198.0809 1241.0000 239.8201 1.4646 1.6078 3.8899 21.5887 2.4532 27.3439 3.0820 -1.9990
Car -1 -1 0.8883 1176.2288 203.7843 1241.0000 277.1908 1.4723 1.6063 3.8550 16.3973 2.3328 18.0950 1.6245 -2.1091
