Car -1 -1 -1.5829 548.7842 177.6902 615.2931 239.5026 1.5729 1.7289 4.5009 -0.8967 1.7295 21.0113 -1.6256 11.6338
Car -1 -1 0.4728 107.2642 161.8902 173.0414 183.5351 1.6355 1.6607 3.9183 -36.1511 0.8074 55.5463 -0.1041 2.2429
Car -1 -1 1.9267 296.6721 178.6922 334.1478 198.2196 1.5052 1.5984 3.8032 -23.9380 1.9961 58.6922 1.5395 0.6310
Car -1 -1 -1.9547 776.7793 175.0317 833.6781 207.8649 1.6299 1.6187 3.6918 10.1780 1.7508 38.0018 -1.6930 0.2318
Car -1 -1 -1.7157 711.6656 156.5163 736.0619 173.9133 1.4684 1.5644 3.7684 9.8562 0.0898 62.7935 -1.5600 -0.0226
Car -1 -1 2.0430 282.9144 170.8220 324.2193 188.7596 1.4769 1.6191 3.9486 -26.0583 1.3099 61.4313 1.6418 -0.1377
Car -1 -1 -1.1606 129.2237 150.2878 179.4537 172.2571 1.4596 1.5845 3.7396 -31.5446 -0.0426 50.0100 -1.7233 -0.5557
Car -1 -1 -2.3905 1071.9285 134.7794 1213.9351 183.9388 1.6506 1.6626 4.1558 19.2873 0.3725 26.4207 -1.7599 -1.2282
Car -1 -1 -2.1691 212.8556 152.3690 271.2121 173.0432 1.5385 1.6854 4.6287 -28.3662 0.0144 55.5397 -2.6413 -1.9794
Car -1 -1 1.5395 751.7009 179.7444 776.6430 202.1219 1.4688 1.5848 3.9544 10.7746 1.9735 50.7271 1.7488 -2.0335
