Car -1 -1 1.8481 306.9084 181.0371 449.4648 285.7489 1.6066 1.5548 3.4493 -4.0840 1.7751 13.0839 1.5455 12.6056
Car -1 -1 -1.5559 578.4893 177.5903 629.3511 224.7714 1.5738 1.7295 4.5837 -0.2380 1.7653 26.8232 -1.5648 11.7441
Car -1 -1 2.1282 108.2111 181.2538 200.8232 216.9396 1.4965 1.6290 4.2274 -20.9691 1.9099 33.3674 1.5671 8.5167
Car -1 -1 1.6706 508.0153 180.5963 551.1855 213.5486 1.4940 1.7153 4.2731 -3.9703 1.9022 35.8636 1.5603 8.5012
Car -1 -1 2.0583 198.5312 182.8660 265.0973 212.4600 1.4520 1.5453 3.8190 -20.1851 2.0146 38.6067 1.5766 8.1432
Car -1 -1 2.2487 0.0000 182.3380 105.7162 226.4228 1.4626 1.5809 3.7130 -20.7493 1.8373 26.6087 1.5864 7.6589
Car -1 -1 1.6643 553.1216 179.3300 573.7150 195.3180 1.5069 1.6653 4.1682 -4.6234 2.1708 71.8197 1.6001 2.9470
Car -1 -1 2.5387 1045.2693 196.5260 1165.8498 231.7446 1.4663 1.6447 4.2187 21.8587 2.5432 31.9815 3.1382 1.2465
Car -1 -1 1.0625 1033.7837 188.2024 1155.3419 241.9508 1.6151 1.6574 4.1861 16.6043 2.1943 25.0580 1.6477 -1.8518
Car -1 -1 -2.0391 907.0611 169.4869 965.8516 197.3666 1.6622 1.6668 4.1048 20.2938 1.4618 45.1035 -1.6163 -1.9386
Car -1 -1 -3.3316 846.4025 165.2914 909.4345 186.4690 1.4757 1.6129 3.9738 19.0078 0.9491 51.3960 -2.9773 -1.9709
