Car -1 -1 1.7763 396.1503 185.2986 485.5309 251.7910 1.4374 1.5039 3.3413 -4.1446 1.7758 17.9129 1.5489 11.4344
Car -1 -1 -1.5523 578.3695 178.9524 627.9865 224.8086 1.5066 1.6708 4.3455 -0.2558 1.7491 26.4639 -1.5620 9.9765
Car -1 -1 1.6474 521.7898 180.4802 556.2838 208.5471 1.4605 1.6290 4.1255 -3.9936 1.9136 40.7532 1.5498 9.3029
Car -1 -1 2.1169 138.5226 178.2787 218.9576 213.3203 1.5932 1.6060 3.8669 -21.0570 1.8739 35.3432 1.5796 8.5067
Car -1 -1 2.2233 28.1803 178.5833 144.5036 221.3084 1.5543 1.6341 4.0539 -20.8167 1.8000 28.8445 1.5982 7.4641
Car -1 -1 2.0285 216.3775 180.3043 282.7533 208.5739 1.4724 1.6943 4.1475 -20.2969 1.9150 40.7500 1.5664 7.0455
Car -1 -1 2.3497 0.0000 184.5381 19.4938 238.5781 1.4901 1.5627 3.8514 -21.0105 1.8895 22.6861 1.6027 2.8189
Car -1 -1 -2.1421 1069.7922 191.5221 1205.7468 248.6598 1.5718 1.6405 3.9305 16.7104 2.2235 23.1637 -1.5172 1.9456
Car -1 -1 -3.3030 824.7717 168.5874 881.2693 188.6320 1.4633 1.5519 3.7857 18.0330 1.1522 53.7427 -2.9793 1.2769
Car -1 -1 2.5635 1016.3293 195.7651 1119.2199 228.5494 1.4617 1.6034 3.8658 21.5778 2.5730 34.1562 3.1270 -0.5442
Car -1 -1 -0.7512 1125.6208 195.2005 1236.9630 229.5857 1.5303 1.6600 4.1484 27.1549 2.6273 34.4066 -0.0831 -0.7840
Car -1 -1 1.0651 994.0165 187.9408 1097.7784 236.1990 1.6301 1.6539 4.0133 16.5305 2.2516 27.6731 1.6036 -0.8758
Car -1 -1 1.4002 704.1149 181.4034 739.0653 206.3011 1.4838 1.5930 3.7262 7.0636 2.0534 46.1645 1.5521 -1.2416
