Car -1 -1 -1.5966 568.3561 178.9733 622.1199 231.6741 1.6563 1.7321 4.3938 -0.6306 1.8913 25.4312 -1.6214 11.1241
Car -1 -1 1.6546 518.0128 181.4884 548.3268 206.8441 1.4420 1.5490 3.5756 -4.6875 1.9913 44.0663 1.5486 6.6588
Car -1 -1 2.0692 197.7385 179.8756 263.3014 209.0572 1.5191 1.6017 3.8588 -21.2145 1.9318 40.4329 1.5860 5.8890
Car -1 -1 -0.7276 1137.3059 200.8666 1227.5446 234.1791 1.5464 1.5247 3.3396 28.3190 2.9698 35.7934 -0.0582 5.4208
Car -1 -1 1.9541 301.6046 182.2157 343.8068 203.7936 1.4548 1.5538 3.7241 -20.7313 2.1558 52.1299 1.5756 4.9239
Car -1 -1 2.0049 252.6565 182.4144 303.4173 206.5617 1.4498 1.5783 3.6817 -21.4177 2.0924 46.6219 1.5742 3.5576
Car -1 -1 -0.6418 1035.8473 200.0377 1139.4843 231.9681 1.4468 1.6275 4.0500 23.2224 2.8089 35.2090 -0.0588 3.4743
Car -1 -1 2.7042 899.4884 192.2001 970.4452 216.0882 1.4538 1.6043 3.8112 20.6879 2.7122 46.0862 3.1262 3.1431
Car -1 -1 2.1322 116.7599 181.4851 202.7150 215.5924 1.4679 1.6090 3.8907 -21.1337 1.8981 33.9863 1.5758 2.9620
Car -1 -1 -1.9540 821.7467 190.7575 867.7167 215.5685 1.4457 1.5761 3.6221 15.0702 2.6483 46.5893 -1.6412 1.0347
Car -1 -1 1.6182 547.1252 181.8204 565.8722 198.8316 1.4811 1.5491 4.0252 -4.9601 2.3392 66.9916 1.5443 -0.1595
