Car -1 -1 -1.5705 551.5938 174.2846 615.6262 236.4162 1.6402 1.7012 4.3178 -0.8317 1.6872 21.3364 -1.6095 10.5312
Car -1 -1 -0.5852 0.0000 163.8608 84.7566 196.9294 1.4691 1.5803 3.7346 -27.2836 1.0699 34.0712 -1.2604 1.3305
Car -1 -1 2.0375 143.3715 168.4482 202.3039 192.8345 1.4790 1.6290 3.8700 -27.6707 1.2121 45.7495 1.4935 1.0530
Car -1 -1 2.3212 0.0000 180.4632 32.8488 229.0316 1.4727 1.5770 3.8079 -21.8947 1.7506 24.3953 1.5897 1.0156
Car -1 -1 1.9235 338.6293 177.6149 379.9462 199.8788 1.4570 1.5654 3.5429 -17.2723 1.7975 49.7661 1.5895 -0.7933
Car -1 -1 -0.3403 807.1617 161.7151 861.2862 181.0375 1.4691 1.5887 3.6711 17.2648 0.6226 55.7242 -0.0399 -0.8369
Car -1 -1 -1.0225 135.6737 162.4569 204.9847 191.1364 1.6241 1.6592 4.0300 -26.0634 1.0356 42.8729 -1.5687 -0.8905
Car -1 -1 -1.0536 142.8933 154.5021 190.3653 173.4315 1.4788 1.5716 3.8504 -35.7949 0.0455 58.3145 -1.6041 -1.4232
Car -1 -1 -1.1414 237.0582 153.3192 293.7561 182.9444 2.0196 1.8273 4.7952 -24.5769 0.6882 51.5974 -1.5859 -1.7842
Car -1 -1 1.8201 364.4584 177.4399 435.7385 221.3476 1.4691 1.6089 3.8534 -7.6564 1.6502 26.4973 1.5388 -1.8904
Car -1 -1 -1.0939 161.5769 154.5606 209.9976 177.4716 1.6571 1.6168 3.6872 -31.7536 0.3343 54.0685 -1.6250 -2.1325
