Car -1 -1 -1.5462 575.8096 178.9235 626.3299 224.0257 1.4859 1.7095 4.6463 -0.3179 1.7308 26.7304 -1.5581 10.7288
Car -1 -1 1.8457 358.6453 180.5953 473.7945 263.6469 1.5614 1.5259 3.4007 -4.1048 1.7475 15.5953 1.5884 10.6715
Car -1 -1 1.6783 513.1741 179.5755 554.4143 209.9442 1.4776 1.6976 4.6313 -4.0312 1.8577 38.4476 1.5739 9.4143
Car -1 -1 2.1214 126.7500 179.7896 208.9728 215.1480 1.5511 1.5731 3.8056 -20.9514 1.8995 34.3017 1.5731 9.1218
Car -1 -1 2.0491 208.7082 181.0215 272.5368 209.7112 1.4550 1.5493 3.7793 -20.2067 1.9246 39.5619 1.5769 7.6917
Car -1 -1 2.2325 8.1593 181.3583 128.0575 223.5432 1.4610 1.6203 3.9159 -20.7287 1.8117 27.7556 1.5911 7.2819
Car -1 -1 -1.4813 498.2307 172.4635 525.1658 193.4834 1.4756 1.6072 3.8884 -7.1612 1.4485 52.6283 -1.6165 -0.0027
Car -1 -1 -1.5371 558.7897 184.9624 581.9014 206.4090 1.4649 1.5818 3.7482 -2.9268 2.3916 53.3069 -1.5920 -0.9243
Car -1 -1 2.0311 231.5803 180.1672 296.9103 210.6797 1.5439 1.6304 3.9627 -18.8545 1.9644 39.4551 1.5853 -1.1307
Car -1 -1 2.4343 1126.3980 198.5848 1234.5039 232.7618 1.4662 1.5959 3.7618 26.1072 2.6795 33.1376 3.1016 -1.2199
Car -1 -1 1.6116 552.9308 185.4582 580.4013 210.8861 1.4668 1.5750 3.7762 -2.7231 2.2936 45.4073 1.5517 -1.7799
