Car -1 -1 -1.5661 567.5581 169.3122 631.5035 233.2042 1.7298 1.7320 4.6490 -0.3583 1.6343 21.8669 -1.5825 11.1886
Car -1 -1 2.1300 68.1445 170.6146 156.0090 211.7391 1.6849 1.5799 3.3844 -21.5258 1.5935 31.2834 1.5273 5.1925
Car -1 -1 -0.9056 0.0000 174.4158 46.6495 225.3705 1.5628 1.5843 3.8539 -21.1748 1.6198 24.2136 -1.6241 4.3899
Car -1 -1 -0.6734 93.4099 169.8592 181.6588 197.5911 1.4971 1.6517 4.0682 -26.8733 1.3358 41.1407 -1.2520 0.0503
Car -1 -1 -1.4041 433.8012 180.6029 457.2636 196.8908 1.4775 1.5796 3.8650 -15.7828 2.2434 69.3023 -1.6280 -0.7856
Car -1 -1 1.8696 216.1007 170.5054 256.7569 191.4841 1.4706 1.6009 3.7407 -27.1851 1.3063 52.5585 1.3922 -0.9611
Car -1 -1 -1.0864 213.2876 161.4100 265.6123 186.3413 1.6436 1.6128 3.7888 -25.3663 0.8895 49.4662 -1.5602 -1.1220
Car -1 -1 2.0925 234.5795 164.6862 288.3652 188.5999 1.6826 1.6862 4.1951 -25.5150 1.1083 52.9192 1.6432 -1.2284
Car -1 -1 1.7480 437.9577 176.9402 483.5640 207.6782 1.4606 1.6210 3.8552 -7.5775 1.6801 36.7494 1.5446 -1.3727
Car -1 -1 -1.1345 221.1342 158.7646 264.2314 178.3933 1.6043 1.6649 4.1224 -31.0453 0.4531 61.0592 -1.6049 -2.0731
