Car -1 -1 1.8091 377.2426 183.1211 491.5079 257.5842 1.4957 1.6488 4.3890 -4.0866 1.7735 17.2965 1.5771 13.5729
Car -1 -1 -0.9483 40.8413 181.0308 140.2431 223.3606 1.5122 1.5286 3.2418 -20.1067 1.8486 28.0216 -1.5707 11.8629
Car -1 -1 -1.5824 586.2702 174.3329 625.2131 212.1572 1.6543 1.7135 4.3153 -0.2697 1.7286 33.8990 -1.5904 7.6703
Car -1 -1 -1.1472 271.9522 178.2510 317.9148 202.8670 1.5001 1.5467 3.1402 -20.1746 1.8582 46.2409 -1.5586 7.6113
Car -1 -1 1.6366 507.8553 175.7459 546.2782 209.7051 1.5928 1.6551 4.0803 -4.1517 1.7469 36.2714 1.5226 6.7707
Car -1 -1 1.6285 548.0943 177.9908 570.7448 196.8941 1.4740 1.6344 3.9556 -4.1515 1.9109 59.3266 1.5587 3.3497
Car -1 -1 1.9149 305.9761 179.6500 348.0141 201.7024 1.4762 1.5992 3.8054 -20.1378 1.9790 51.4102 1.5416 0.8353
Car -1 -1 1.4988 677.7657 177.4705 700.9754 196.5064 1.4693 1.5940 3.8676 6.3912 1.8572 58.6036 1.6074 0.6813
Car -1 -1 1.3488 776.4014 176.1805 815.2623 200.2850 1.4805 1.6126 3.9141 11.9794 1.7059 46.8385 1.5992 -0.7646
Car -1 -1 2.1537 105.3776 148.7688 176.3474 176.3285 1.4916 1.5768 3.7393 -26.5534 0.1884 40.9240 1.5781 -0.9639
Car -1 -1 1.1472 731.7042 174.4013 780.2250 198.7787 1.4784 1.5746 3.8799 9.2342 1.5820 46.0856 1.3449 -1.9922
