Car -1 -1 -1.4193 447.5542 171.5141 543.2823 244.3705 1.5479 1.6705 4.0742 -2.4538 1.3370 17.3048 -1.5602 11.5049
Car -1 -1 -1.5672 602.2131 171.1570 641.4881 207.3335 1.5159 1.6465 4.1613 0.9057 1.0835 32.2037 -1.5390 7.7496
Car -1 -1 -1.4523 516.6997 170.5116 566.6980 214.6830 1.5994 1.5369 3.3568 -2.2669 1.2026 27.7133 -1.5339 7.2449
Car -1 -1 -1.5174 564.4768 170.8985 596.1887 198.2654 1.5423 1.6644 4.0543 -1.2029 0.9456 42.5269 -1.5457 6.5677
Car -1 -1 -1.5927 656.3955 164.6642 678.7210 185.1940 1.5440 1.6411 4.0772 5.1548 0.2784 56.1117 -1.5011 2.9202
Car -1 -1 2.4039 0.0000 174.0255 124.7269 374.0000 1.6838 1.7551 4.6759 -5.7664 1.6576 5.0120 1.5486 2.1229
Car -1 -1 -1.5383 590.4170 169.8665 609.7966 187.1800 1.4612 1.5689 3.6898 -0.0598 0.4798 62.4903 -1.5393 1.3048
Car -1 -1 1.9956 261.1262 172.8980 305.9366 193.2837 1.4921 1.6038 4.0142 -24.0780 0.8631 54.5896 1.5802 -1.6227
Car -1 -1 -1.8776 919.1148 151.2504 975.2136 180.4936 1.4729 1.6000 3.8464 18.3684 -0.0557 38.3339 -1.4307 -1.7617
Car -1 -1 -2.3266 1126.0842 157.7021 1230.5073 193.3828 1.4953 1.5796 3.5939 25.5256 0.4989 31.9559 -1.6526 -1.8926
Car -1 -1 0.9656 1054.4638 136.0679 1157.3637 174.6063 1.4895 1.5981 3.9403 21.2231 -0.3101 30.4405 1.5744 -2.0042
Car -1 -1 -1.7571 738.7336 163.0748 768.3620 182.5144 1.4828 1.5945 3.8670 11.9987 0.0779 56.7420 -1.5487 -2.1893
