Car -1 -1 -1.3875 413.1984 183.3843 522.7509 264.4682 1.4592 1.5787 3.5780 -2.6526 1.5040 14.8014 -1.5649 12.3342
Car -1 -1 -1.5866 587.3355 176.2862 645.7651 228.0010 1.5192 1.7165 4.6238 0.4199 1.3671 23.4126 -1.5687 11.6968
Car -1 -1 -1.4780 532.1134 173.7355 581.3920 216.7568 1.6257 1.6489 3.7347 -1.7606 1.3333 29.0354 -1.5385 10.1320
Car -1 -1 -1.0695 0.0000 194.7023 416.8409 374.0000 1.5026 1.6078 4.1538 -2.6596 1.6326 4.9121 -1.5657 9.3751
Car -1 -1 1.6770 470.8917 172.0903 512.7816 208.1663 1.7526 1.7069 4.1061 -5.5880 1.2964 36.9832 1.5270 4.3283
Car -1 -1 2.1833 0.0000 196.1173 247.9360 374.0000 1.5478 1.6677 4.1730 -6.0533 1.7639 8.4568 1.5621 4.1843
Car -1 -1 1.6525 510.9441 178.8291 538.4023 201.3071 1.4954 1.5801 3.9025 -5.2670 1.3184 49.7563 1.5470 3.1775
Car -1 -1 -1.5299 566.7464 176.2960 592.4378 199.5002 1.4853 1.5636 3.6509 -1.4116 1.1529 47.8131 -1.5594 2.2086
Car -1 -1 1.4392 684.6003 179.0271 708.3287 195.9887 1.4897 1.6100 4.0434 8.6154 1.2729 65.1097 1.5708 0.0052
Car -1 -1 1.5049 656.9564 163.4536 674.7870 178.6838 1.4759 1.5327 3.8415 6.5042 -0.2907 72.2669 1.5947 -0.1740
Car -1 -1 2.0126 271.0807 178.3143 317.8676 201.2146 1.4691 1.5361 3.4576 -20.3775 1.2654 47.8364 1.6099 -0.7091
Car -1 -1 -1.1586 215.5400 163.2169 263.6981 186.9631 1.5246 1.5674 3.5862 -24.0814 0.3515 47.9496 -1.6240 -1.0678
Car -1 -1 -0.7732 243.2481 183.4911 321.7634 211.7016 1.4895 1.6336 4.0492 -17.8591 1.6083 40.4138 -1.1893 -1.3572
