Car -1 -1 -1.5853 587.3931 174.7954 644.2863 225.6993 1.5103 1.6881 4.3627 0.4044 1.3125 23.4933 -1.5681 12.2553
Car -1 -1 -1.3843 417.0732 175.2392 523.8068 262.2171 1.6020 1.5702 3.3850 -2.6361 1.4880 14.9299 -1.5591 11.1992
Car -1 -1 -1.0876 0.0000 194.6636 416.0938 374.0000 1.4776 1.5710 3.9986 -2.6537 1.6082 5.0510 -1.5714 9.9599
Car -1 -1 1.9993 151.3369 190.3611 347.7082 289.6705 1.4459 1.6118 3.9409 -6.0371 1.6293 12.7891 1.5583 9.5389
Car -1 -1 -1.4805 533.1745 172.9327 581.5522 215.4570 1.6224 1.6448 3.6434 -1.7514 1.2966 29.2497 -1.5403 9.3881
Car -1 -1 1.6916 486.1508 173.7528 524.5464 204.4443 1.6732 1.6885 4.2508 -5.4665 1.2517 41.2936 1.5600 6.5500
Car -1 -1 1.7953 403.8313 180.6874 446.2749 205.8425 1.4935 1.6979 4.0920 -10.9114 1.4460 44.7048 1.5559 2.5921
Car -1 -1 1.6611 521.7103 177.8497 546.3024 198.0984 1.4616 1.4965 3.8183 -4.9953 1.1987 53.7595 1.5684 0.8589
Car -1 -1 1.7805 419.1697 181.8895 452.4699 203.4744 1.4631 1.5489 3.7173 -11.6153 1.4922 50.6257 1.5550 0.2407
Car -1 -1 -1.1138 236.5015 160.2024 285.5169 184.2901 1.5916 1.6049 3.6277 -23.2858 0.1850 49.2880 -1.5551 -0.8730
Car -1 -1 1.7061 396.9194 182.3274 435.5619 211.0890 1.4610 1.5488 3.4656 -9.8560 1.5082 38.4010 1.4548 -1.1639
Car -1 -1 1.9011 344.6344 180.7621 385.4920 203.3185 1.4581 1.5577 3.4898 -15.7972 1.4111 48.1865 1.5843 -1.7006
Car -1 -1 -1.5592 572.9932 175.6740 597.4961 198.9105 1.4845 1.5654 3.6599 -1.0462 1.1130 47.7275 -1.5811 -1.8721
