Car -1 -1 -1.3735 409.5623 176.1153 523.6420 266.2020 1.5537 1.5532 3.3770 -2.5512 1.4621 14.0883 -1.5527 13.0318
Car -1 -1 -1.4699 530.3333 171.7127 581.4856 217.2018 1.6325 1.6139 3.5065 -1.7053 1.2823 27.5610 -1.5317 11.6988
Car -1 -1 1.8717 324.4746 169.2188 437.4122 243.3753 1.7817 1.7154 4.2509 -5.8174 1.4878 19.3894 1.5802 11.3615
Car -1 -1 -1.0110 0.0000 205.1127 405.5391 374.0000 1.4199 1.6159 4.0700 -2.6365 1.6324 4.3705 -1.5538 10.7025
Car -1 -1 -1.5806 589.3644 173.6145 650.1341 229.3973 1.5815 1.7234 4.5542 0.5189 1.3591 22.6514 -1.5577 10.2229
Car -1 -1 1.6203 456.3798 172.7249 497.2689 208.8294 1.5806 1.6835 4.0888 -5.7751 1.1974 33.5759 1.4499 2.3644
Car -1 -1 -1.5444 574.3825 172.8045 598.2871 194.6959 1.4501 1.5511 3.5646 -0.9961 0.8748 49.3658 -1.5646 2.0153
Car -1 -1 -1.3666 388.0568 162.4605 414.3104 178.8919 1.4700 1.6053 3.8687 -18.5707 -0.2497 66.8785 -1.6374 0.6150
Car -1 -1 1.9013 352.2335 157.7003 389.9355 177.9185 1.4675 1.5951 3.7847 -17.4802 -0.2818 54.7239 1.5921 0.5195
Car -1 -1 -1.2960 326.6733 160.1032 361.5716 179.7435 1.4698 1.5895 3.8198 -20.0148 -0.1414 56.0663 -1.6389 -0.3482
Car -1 -1 -1.2362 740.0875 162.9377 775.5612 182.1486 1.4788 1.5950 3.8411 12.5396 0.0505 57.3473 -1.0209 -0.9195
Car -1 -1 -2.2800 1109.1529 153.2401 1222.6414 190.6492 1.4830 1.6228 3.9036 23.7723 0.3637 30.4618 -1.6174 -0.9980
