Car -1 -1 -1.3862 416.3035 180.6678 521.9404 259.4759 1.4624 1.5592 3.4463 -2.6854 1.4482 15.0565 -1.5627 13.0340
Car -1 -1 -1.4668 533.3921 170.6860 581.2201 212.4775 1.6281 1.6243 3.5009 -1.7882 1.2078 29.7665 -1.5268 10.8491
Car -1 -1 1.8600 342.2037 179.0271 440.9068 235.9184 1.4994 1.6361 4.1877 -6.0315 1.4354 21.0313 1.5807 10.4231
Car -1 -1 -1.5665 584.7370 171.8330 641.7419 224.7005 1.5756 1.7000 4.3478 0.3659 1.2887 23.5968 -1.5510 10.2486
Car -1 -1 -1.0976 0.0000 195.2710 421.5531 374.0000 1.4651 1.6203 4.1515 -2.6700 1.6055 5.1752 -1.5739 10.2444
Car -1 -1 1.8036 507.3902 172.5003 543.6230 196.4268 1.5895 1.6326 3.9429 -5.2026 0.9923 49.7791 1.6995 3.8923
Car -1 -1 -1.5610 566.7173 172.7584 591.7324 195.9418 1.4657 1.5814 3.7016 -1.4361 0.9137 47.2774 -1.5914 1.2896
Car -1 -1 -1.5566 609.5523 172.8546 639.9206 202.9123 1.6077 1.6252 3.8592 1.3341 1.1461 40.3850 -1.5236 -0.2048
Car -1 -1 1.1641 853.4353 164.1600 902.5924 188.0430 1.5655 1.6553 4.0707 18.8688 0.4296 49.1510 1.5306 -1.2501
Car -1 -1 1.0114 982.3381 152.2431 1039.7257 175.2009 1.4744 1.6041 3.8548 27.9730 -0.4477 49.1671 1.5286 -1.8977
