Car -1 -1 -1.3860 416.0102 173.5146 522.6608 261.6680 1.6449 1.5818 3.5209 -2.6974 1.4972 15.1684 -1.5620 12.3165
Car -1 -1 -1.5806 584.1634 172.0414 641.5829 225.9097 1.6036 1.7095 4.5765 0.3202 1.3232 23.6729 -1.5671 11.3197
Car -1 -1 -1.4789 532.5373 170.1995 580.1927 212.6407 1.6614 1.6559 3.6593 -1.8370 1.2201 29.9723 -1.5401 10.2887
Car -1 -1 -1.1104 0.0000 191.7081 422.6018 374.0000 1.5257 1.6504 4.1166 -2.6599 1.6304 5.2025 -1.5830 9.9166
Car -1 -1 1.8355 367.2296 179.2357 447.8073 230.9591 1.5025 1.5543 3.6411 -6.0501 1.4378 22.6876 1.5749 9.5345
Car -1 -1 1.7617 511.4511 172.6447 545.4251 194.9480 1.5455 1.6699 4.2523 -5.2171 0.9325 51.9680 1.6617 3.2284
Car -1 -1 -1.4782 566.6014 172.3415 595.5418 195.3682 1.4533 1.5750 3.6137 -1.2936 0.8760 47.1890 -1.5056 1.7109
Car -1 -1 -1.5628 612.4028 172.7689 643.2379 202.8357 1.5936 1.6347 3.9399 1.4833 1.1317 40.0753 -1.5258 -0.1540
Car -1 -1 -1.5416 576.0201 182.2614 612.4475 215.6739 1.4414 1.5646 3.6289 -0.2961 1.4791 32.8972 -1.5506 -0.4229
Car -1 -1 -1.4053 509.8298 186.6812 548.8625 215.0233 1.4876 1.5566 3.9713 -4.0105 1.7950 40.4748 -1.5041 -1.2020
