Car -1 -1 -1.1921 158.2451 188.2026 434.5549 359.4436 1.4443 1.5538 3.5046 -3.0903 1.5363 7.9522 -1.5627 12.8215
Car -1 -1 1.8896 349.9837 179.1468 431.1877 229.5609 1.5007 1.5133 3.4047 -6.7151 1.4317 23.1082 1.6067 12.5077
Car -1 -1 -1.5201 505.1129 176.8760 584.8610 247.4112 1.4970 1.6922 4.4606 -1.2868 1.4001 17.4921 -1.5936 11.1855
Car -1 -1 -1.4540 500.3507 170.2818 564.4033 225.2943 1.6581 1.6486 3.9096 -2.2103 1.3211 23.6217 -1.5472 5.3328
Car -1 -1 1.6889 472.8430 175.5159 511.9081 203.7997 1.5071 1.6926 4.1712 -6.0752 1.1891 40.3842 1.5396 4.3449
Car -1 -1 -1.5477 580.0202 173.5716 614.1332 206.4560 1.5476 1.6065 3.9540 -0.1804 1.1754 35.7942 -1.5527 4.1966
Car -1 -1 1.7284 398.0853 173.5383 420.5820 189.0198 1.4581 1.5688 3.5379 -18.5146 0.7086 69.4927 1.4680 0.5907
Car -1 -1 2.0196 195.0425 164.3998 244.5996 186.1376 1.4710 1.5991 3.7787 -26.7638 0.3145 50.5271 1.5324 -0.6871
Car -1 -1 1.8541 168.4005 170.9291 219.1573 198.8158 1.5215 1.5838 3.6067 -23.2729 0.9456 41.1277 1.3391 -0.7438
Car -1 -1 -1.3186 522.3729 167.9343 583.3442 210.4174 1.6678 1.6332 3.9340 -1.9881 1.1363 30.2824 -1.3841 -1.8267
Car -1 -1 1.7285 444.8621 175.0472 476.8828 197.8821 1.4867 1.5775 3.6327 -9.4597 1.0672 48.6067 1.5363 -1.9696
