Car -1 -1 -1.3692 394.3375 185.4855 505.3375 269.0626 1.5028 1.5706 3.4114 -3.0265 1.5955 14.7818 -1.5711 11.6601
Car -1 -1 -1.5971 569.9366 181.1305 618.9233 228.6626 1.6667 1.7207 4.4605 -0.3554 1.6548 27.4476 -1.6101 10.6689
Car -1 -1 -0.9472 0.0000 206.8304 362.2322 374.0000 1.4386 1.5491 3.9998 -2.7186 1.6420 3.7204 -1.5783 10.6617
Car -1 -1 2.1266 0.0000 192.7291 280.1874 332.6830 1.5172 1.5923 3.6242 -6.0807 1.7015 9.8914 1.5754 8.4134
Car -1 -1 -1.4848 540.7774 177.5103 579.3323 211.2745 1.6659 1.6771 3.9006 -2.1091 1.4700 37.4148 -1.5411 7.8109
Car -1 -1 1.6602 576.7159 168.5920 600.8413 187.9436 1.4775 1.5615 4.0034 -0.9469 0.4925 56.8965 1.6435 2.2668
Car -1 -1 -1.6594 594.6451 178.6684 627.2452 205.1681 1.4686 1.5733 3.5532 0.5133 1.3125 41.6375 -1.6471 0.1466
Car -1 -1 -1.7597 687.8540 176.1401 712.9295 192.8508 1.4892 1.5900 3.8016 9.0896 1.0119 65.9516 -1.6227 -0.2059
Car -1 -1 1.8672 516.6653 188.5998 557.2124 212.4802 1.4786 1.6087 3.9387 -4.2333 1.9725 47.8091 1.7789 -1.1090
Car -1 -1 1.5875 587.9389 166.7481 605.0818 183.2532 1.4723 1.5129 3.9327 -0.3931 0.1568 66.0485 1.5816 -1.7604
