Car -1 -1 -1.3516 377.7648 181.5227 504.8559 273.8557 1.4689 1.5297 3.5161 -2.8264 1.4707 13.1901 -1.5627 13.4277
Car -1 -1 -0.9807 0.0000 201.1749 380.7767 374.0000 1.4494 1.5690 4.0091 -2.5861 1.6091 3.7612 -1.5830 10.3090
Car -1 -1 -1.4896 532.5479 170.7116 574.5680 206.2955 1.5164 1.6099 3.5412 -2.1202 1.0576 32.3913 -1.5550 9.9068
Car -1 -1 -1.5669 588.4752 172.1702 637.6905 216.6508 1.5257 1.6889 4.2374 0.4166 1.2067 26.7709 -1.5513 7.7276
Car -1 -1 1.7825 464.5067 175.0482 510.9956 204.3380 1.5065 1.6545 4.1931 -6.1226 1.1755 39.0850 1.6271 6.3991
Car -1 -1 -1.6160 558.9153 174.0598 586.4814 198.3129 1.5315 1.6315 3.9936 -1.9245 1.0624 47.4158 -1.6566 1.6644
Car -1 -1 -1.6582 649.1282 161.1859 676.8947 183.8050 1.5607 1.6421 3.9077 4.3939 0.1597 51.5172 -1.5731 0.9409
Car -1 -1 -1.6151 581.8297 170.0460 602.8827 188.4316 1.4690 1.5696 3.7047 -0.7492 0.5544 59.2866 -1.6278 0.5387
Car -1 -1 -2.0231 890.5562 153.8364 942.8860 178.0376 1.4703 1.5752 3.7780 20.1788 -0.2308 46.1091 -1.6106 0.3257
Car -1 -1 -2.0105 1151.9426 149.5750 1241.0000 194.6151 1.5325 1.5994 3.8011 22.1326 0.4473 26.4796 -1.3143 0.1196
Car -1 -1 1.9065 507.2958 182.4751 554.0218 207.5959 1.4883 1.6421 4.1230 -4.3617 1.5529 44.9199 1.8097 -0.6860
Car -1 -1 -1.3653 389.1465 168.6978 414.2196 184.1600 1.4775 1.6130 3.9149 -19.5676 0.2545 70.6458 -1.6355 -1.5750
Car -1 -1 -0.2057 659.3533 167.7187 756.7721 202.1627 1.4618 1.5976 3.9667 4.6015 0.8779 31.4012 -0.0602 -1.9386
