Car -1 -1 -1.2574 244.5055 190.5431 442.3349 320.6453 1.4014 1.5006 3.3553 -3.2831 1.5456 9.6577 -1.5851 11.2576
Car -1 -1 -1.5552 526.9521 172.9467 589.7455 231.1346 1.5501 1.6734 4.2490 -1.2741 1.3234 21.2935 -1.6150 11.1205
Car -1 -1 1.8779 347.2710 181.3787 427.6840 226.8343 1.4405 1.5898 3.7186 -7.2596 1.4377 24.6367 1.5914 8.3283
Car -1 -1 -1.4657 511.0101 172.4626 562.2654 215.6930 1.6488 1.6790 3.9974 -2.5991 1.3052 29.4080 -1.5539 7.0671
Car -1 -1 -1.5367 586.3666 173.4868 621.8235 205.5613 1.4508 1.5744 3.5527 0.1602 1.0893 34.2957 -1.5320 3.9837
Car -1 -1 -0.2097 574.6745 172.0734 652.5596 200.0902 1.5289 1.6426 4.1268 0.6620 1.0153 40.3991 -0.1933 0.5409
Car -1 -1 -1.9038 883.0479 155.9841 946.7269 188.5474 1.4749 1.5866 3.9655 14.9861 0.3201 34.5694 -1.4948 -0.2713
Car -1 -1 -3.0407 792.0596 157.6681 851.0834 179.7621 1.4795 1.5842 3.7714 15.2730 -0.1234 49.7940 -2.7431 -0.3467
Car -1 -1 -1.4130 626.8150 173.7127 657.5722 195.1743 1.4807 1.6017 4.0027 2.9865 0.9441 51.6854 -1.3552 -0.6923
Car -1 -1 0.9050 995.9556 147.7836 1081.6623 179.2272 1.4895 1.6071 3.9405 22.0327 -0.1208 36.3767 1.4496 -1.7571
Car -1 -1 1.6982 513.5602 164.2170 539.3323 182.9981 1.5230 1.6418 4.1438 -6.2345 0.1220 60.3412 1.5953 -1.9701
