Car -1 -1 1.6610 562.6852 158.1625 592.9873 181.8211 1.4622 1.6032 4.0369 -1.4768 0.0206 46.4543 1.6292 5.8032
Car -1 -1 -1.5880 617.2624 155.5581 657.5870 195.1345 1.6822 1.7135 4.4232 1.5837 0.5805 32.7668 -1.5397 3.2668
Car -1 -1 2.4146 1038.7794 143.2341 1178.9138 189.6046 1.5568 1.6336 3.9126 17.6855 0.2732 25.1486 3.0275 1.7303
Car -1 -1 1.7625 460.0590 163.2840 513.5666 201.1551 1.4733 1.5272 3.6294 -4.7026 0.7657 29.7831 1.6059 -0.2225
Car -1 -1 -1.4940 537.0858 162.9236 562.3194 183.5242 1.4690 1.5782 3.7764 -3.7747 0.1450 53.1147 -1.5650 -0.3393
Car -1 -1 1.0951 861.9037 157.6506 1078.7223 258.2786 1.5411 1.6708 4.3275 6.4059 1.1771 13.1810 1.5474 -0.9849
Car -1 -1 1.8878 327.2196 162.5727 410.8261 209.3504 1.4583 1.5992 3.7328 -7.7675 0.8694 24.2643 1.5780 -1.0485
Car -1 -1 -1.4386 917.3384 135.1275 974.5738 177.2489 1.5479 1.5853 3.7874 13.8523 -0.1816 28.8214 -0.9905 -1.5305
Car -1 -1 -1.4408 650.6899 163.4803 752.0816 253.5258 1.6337 1.6296 3.6250 2.1565 1.3080 14.9948 -1.2980 -1.7614
Car -1 -1 1.6975 507.6625 158.8921 540.1214 182.3734 1.4927 1.6405 4.1022 -5.0967 0.0562 47.7277 1.5911 -1.8309
Car -1 -1 1.8779 430.5903 164.8878 509.5438 211.1069 1.4730 1.5998 3.8489 -4.4789 0.9447 24.9027 1.7000 -2.1495
