Car -1 -1 -1.9512 897.4844 156.1777 952.1821 182.3574 1.5078 1.5971 4.1049 19.4883 0.0502 43.4535 -1.5296 1.3702
Car -1 -1 -1.5477 601.1009 165.4239 625.7852 188.0403 1.5000 1.6165 4.0339 0.8773 0.4345 49.6891 -1.5300 0.9772
Car -1 -1 -3.0667 534.2592 161.3012 598.3396 190.1650 1.5696 1.5793 3.4476 -1.9201 0.4720 39.8957 -3.1148 0.6986
Car -1 -1 -1.6487 669.1152 158.3383 718.3321 202.1313 1.7312 1.7230 4.4541 3.8466 0.8166 30.6590 -1.5239 0.5980
Car -1 -1 -0.1053 670.4964 163.2852 785.7513 203.7451 1.5360 1.6544 4.3050 4.8838 0.8455 28.2347 0.0660 -0.2461
Car -1 -1 2.8772 611.4539 164.8356 704.6173 197.5447 1.5263 1.6559 4.2011 2.6994 0.7496 34.7215 2.9548 -0.8621
Car -1 -1 -0.8795 0.0000 183.4364 319.4682 374.0000 1.4909 1.6198 4.0316 -2.9988 1.5072 3.5005 -1.5878 -0.9022
Car -1 -1 -1.3165 367.0274 175.2527 451.2013 227.2786 1.4749 1.6019 3.8404 -5.8818 1.2990 22.2853 -1.5745 -1.0665
Car -1 -1 1.4468 660.3528 163.3833 690.6254 184.9393 1.5104 1.6574 4.4517 5.3904 0.2416 52.5736 1.5490 -1.2403
Car -1 -1 -1.4268 549.2836 160.2840 580.4703 182.5042 1.4839 1.6158 3.9846 -2.4917 0.0677 50.0272 -1.4766 -1.6778
Car -1 -1 1.4700 555.5629 156.0753 582.1804 176.8531 1.4788 1.6095 3.9269 -2.4676 -0.3628 54.1059 1.4244 -1.7084
Car -1 -1 0.8065 1178.0015 121.3709 1241.0000 205.1817 1.5254 1.5824 3.5894 14.1381 0.4323 14.8698 1.5667 -1.9566
Car -1 -1 1.5586 712.3409 152.8024 743.2630 180.6967 1.4787 1.6250 4.0175 7.0591 -0.0467 40.3143 1.7319 -2.0475
Car -1 -1 1.8328 572.0708 159.4443 605.6773 180.3162 1.4902 1.5973 3.7124 -0.8800 -0.0909 53.5086 1.8164 -2.0705
Car -1 -1 1.3932 735.6690 152.5815 777.9540 180.4192 1.4757 1.6266 3.9858 8.6474 -0.0628 40.2559 1.6047 -2.1473
