Car -1 -1 1.6524 505.9050 160.9064 531.3731 181.2174 1.5051 1.6246 4.0776 -6.3226 -0.0221 55.3502 1.5387 1.7241
Car -1 -1 -1.1310 576.7999 163.2281 705.0246 242.1787 1.6125 1.5921 3.5540 0.9827 1.2406 16.6105 -1.0719 1.5112
Car -1 -1 -1.7384 673.2333 150.9831 720.6328 184.3628 1.5050 1.6123 3.8616 4.4940 0.1300 34.3456 -1.6083 1.2862
Car -1 -1 1.6412 381.3554 176.3374 436.5575 221.5648 1.4847 1.6279 4.0064 -6.8278 1.3163 25.6997 1.3815 1.0137
Car -1 -1 2.8111 452.0301 161.0838 507.0951 180.5630 1.4811 1.6178 3.9550 -9.5434 -0.0753 56.4329 2.6435 -0.0996
Car -1 -1 1.4009 723.5265 160.9658 755.2281 181.7793 1.4840 1.6247 4.1459 10.2080 0.0205 53.3026 1.5901 -0.2550
Car -1 -1 -0.2330 589.6167 153.0403 665.1262 182.2316 1.4739 1.5755 3.6624 1.3234 0.0378 37.3982 -0.1976 -0.4494
Car -1 -1 -1.6028 451.5290 161.0365 476.3381 182.6807 1.4827 1.6093 3.9304 -9.8351 0.0815 51.2987 -1.7922 -0.4802
Car -1 -1 -1.2890 973.8596 182.0288 1229.2391 336.0275 1.4553 1.5652 3.4854 5.9577 1.4641 8.4994 -0.6777 -0.8363
Car -1 -1 1.7737 419.1458 165.8797 471.4266 199.6354 1.4931 1.6237 4.0320 -7.2838 0.8031 33.7956 1.5615 -1.1308
Car -1 -1 -0.1628 541.9391 158.9997 633.9563 195.4209 1.6222 1.6561 4.0312 -0.6630 0.6210 33.1720 -0.1828 -1.6842
Car -1 -1 3.5457 206.2308 173.2729 339.5676 217.7712 1.4790 1.6251 3.8481 -11.2556 1.2066 24.7294 3.1186 -1.8584
