Car -1 -1 1.7577 355.8189 177.3676 468.5565 256.3732 1.5476 1.6598 4.4190 -4.1606 1.4679 16.3256 1.5081 8.7533
Car -1 -1 2.0328 194.2640 174.4414 295.6453 216.6781 1.5160 1.6747 4.5837 -13.7921 1.2637 28.0768 1.5762 2.2991
Car -1 -1 -0.1832 501.8864 179.5069 561.1905 201.4295 1.4858 1.5977 3.8808 -4.8606 1.3514 49.9858 -0.2802 1.5520
Car -1 -1 1.5575 575.7511 160.1064 599.1291 181.6508 1.4872 1.6145 4.0619 -1.0208 0.0111 51.6394 1.5377 1.1037
Car -1 -1 1.7899 405.6169 147.8701 452.9338 180.2922 1.6436 1.6377 4.0184 -9.1854 -0.0675 38.5862 1.5562 0.1379
Car -1 -1 1.7811 584.1424 158.2935 614.0050 177.9758 1.4795 1.5823 3.9081 -0.1275 -0.2884 56.8142 1.7789 -0.0040
Car -1 -1 1.3247 574.4941 158.7320 610.9160 181.5481 1.4635 1.5717 3.7207 -0.6145 0.0038 48.0747 1.3119 -0.2740
Car -1 -1 1.7617 429.3577 171.4500 468.4031 197.3722 1.5708 1.6643 4.1811 -9.6276 0.9626 45.6318 1.5537 -0.8448
Car -1 -1 -1.5881 579.8997 157.5974 611.4784 186.8407 1.4657 1.5839 3.7428 -0.3445 0.2686 37.8923 -1.5972 -1.1063
Car -1 -1 2.1071 192.2624 171.9282 252.9949 197.5877 1.4542 1.5497 3.6248 -22.3663 0.9125 42.5568 1.6232 -1.2573
Car -1 -1 0.7082 277.6645 173.2188 347.3330 197.2127 1.4885 1.6286 4.0536 -18.4825 0.9755 45.9801 0.3260 -1.8506
Car -1 -1 -1.6761 662.3746 166.2688 714.6709 209.3845 1.5737 1.6262 3.7972 3.3217 1.0188 28.1246 -1.5585 -1.9821
Car -1 -1 -0.4601 164.8490 169.1842 271.8056 204.6108 1.5425 1.6453 4.0872 -17.7457 1.0072 33.4150 -0.9483 -2.1614
