Car -1 -1 1.7349 406.2621 168.8317 500.4889 241.1029 1.6016 1.6574 4.0314 -3.6017 1.3221 17.9587 1.5369 5.3648
Car -1 -1 -1.5280 0.0000 128.7569 24.4320 374.0000 1.6063 1.6465 4.0072 -4.9350 1.4328 4.3630 -2.3749 0.5340
Car -1 -1 -1.1420 246.8561 169.6001 327.6377 207.0965 1.4608 1.6045 3.9081 -13.0085 0.9982 29.9514 -1.5518 0.0363
Car -1 -1 -1.7028 543.8795 178.2743 572.7241 199.7689 1.4630 1.5712 3.5940 -3.0690 1.2441 50.8052 -1.7632 -1.2108
Car -1 -1 1.8340 233.6751 162.4857 279.2819 187.4947 1.4922 1.6122 3.9040 -21.5031 0.3584 44.9236 1.3876 -1.3942
Car -1 -1 1.7760 432.7270 145.1302 486.5654 180.9965 1.5171 1.6081 3.9763 -6.3414 -0.0232 32.4365 1.5829 -1.6333
Car -1 -1 1.7373 424.6900 144.6911 467.6190 174.9812 1.4559 1.5832 3.7071 -7.9966 -0.3541 37.2252 1.5257 -1.7391
Car -1 -1 2.9732 508.3940 177.5414 671.7912 239.5981 1.4896 1.6088 3.9672 -0.3712 1.3958 18.4021 2.9530 -1.9384
Car -1 -1 -2.0184 313.9354 166.2397 366.8896 189.7690 1.4908 1.6189 4.2345 -17.3107 0.5247 47.5711 -2.3674 -1.9749
Car -1 -1 1.5634 591.3530 162.1050 609.4072 179.6265 1.4710 1.5263 3.8081 -0.0769 -0.1679 62.6270 1.5621 -2.0690
