Car -1 -1 1.7378 449.3024 169.8419 538.0818 236.3020 1.5657 1.6497 4.1074 -2.7555 1.2923 18.9925 1.5937 12.0337
Car -1 -1 3.1930 0.0000 126.9024 137.6363 187.7676 1.4782 1.6370 4.2561 -15.0838 0.1534 19.3342 2.5305 4.4361
Car -1 -1 1.9571 296.3005 165.2043 372.9936 202.2312 1.5043 1.6711 4.2006 -11.5323 0.8432 31.3079 1.6042 2.3072
Car -1 -1 -1.6783 628.6169 159.4203 656.7316 180.9156 1.4691 1.5886 3.8484 2.9153 -0.0426 51.1629 -1.6214 0.2493
Car -1 -1 1.9044 298.3190 179.1371 410.0923 243.5344 1.4796 1.5728 3.6730 -6.2049 1.4265 18.3439 1.5782 -0.0450
Car -1 -1 1.6268 587.0776 172.5198 628.4464 209.1300 1.5037 1.6041 3.7271 0.3147 1.1358 31.4143 1.6368 -0.4964
Car -1 -1 -1.4310 518.1224 163.5812 544.1226 182.4199 1.4924 1.5911 3.9341 -5.7049 0.0734 58.9031 -1.5275 -0.7090
Car -1 -1 -1.4883 303.7783 175.2429 364.0544 222.3406 1.5171 1.6540 4.1595 -9.3758 1.3167 25.3624 -1.8424 -1.2520
Car -1 -1 -0.7391 716.3469 148.6135 825.1190 195.4239 1.6598 1.6495 3.9103 6.3940 0.4948 27.1395 -0.5077 -1.3720
Car -1 -1 1.8806 360.6925 164.2564 406.2520 188.6793 1.4837 1.6014 4.0982 -13.7953 0.4369 45.6973 1.5874 -1.4706
Car -1 -1 1.3716 634.3358 155.6529 670.2014 179.0695 1.4731 1.6094 3.9930 3.3389 -0.1678 47.7043 1.4415 -1.6260
Car -1 -1 -1.3890 244.1252 176.4048 313.4174 221.6229 1.4921 1.6005 3.8048 -11.4866 1.3251 25.7387 -1.8087 -1.8228
Car -1 -1 1.4374 671.3589 154.3168 706.6745 180.0816 1.4783 1.5983 3.9503 5.2493 -0.0889 43.4193 1.5577 -1.9503
Car -1 -1 1.6941 510.6675 167.8602 533.4761 184.6876 1.4864 1.6002 3.8876 -7.1600 0.2820 65.4026 1.5851 -2.1842
