Car -1 -1 -1.8901 44.6614 203.0745 245.0510 316.6844 1.4771 1.6141 3.9770 -7.7090 1.8928 11.9237 -2.4641 1.2937
Car -1 -1 1.6166 633.9877 180.2273 660.3946 202.9760 1.4811 1.6089 4.1176 3.1624 1.3989 48.8994 1.6812 -0.2424
Car -1 -1 2.0111 144.0747 152.3628 246.2519 199.1954 1.5104 1.6157 3.8662 -14.1074 0.5718 25.1496 1.4999 -0.3826
Car -1 -1 0.2865 361.7278 149.4578 468.1777 185.2758 1.4760 1.6379 4.0781 -7.8747 0.1566 30.4858 0.0337 -0.7507
Car -1 -1 -1.2480 345.2147 156.3720 398.6762 185.2780 1.4892 1.6004 3.9283 -12.3846 0.1955 38.9807 -1.5556 -1.3961
Car -1 -1 1.5740 701.8725 159.6905 724.6609 180.8963 1.4717 1.5701 3.9998 8.1253 -0.0450 52.0706 1.7288 -1.5122
Car -1 -1 2.0541 216.2003 178.9708 258.9385 197.4792 1.5280 1.6096 3.9371 -30.9557 1.3197 61.2825 1.5863 -1.8322
Car -1 -1 -3.0082 524.2674 162.2891 589.8985 185.9923 1.4959 1.6200 4.0427 -2.8202 0.2842 46.2870 -3.0690 -1.9238
Car -1 -1 -0.9985 0.0000 194.8942 39.6075 374.0000 1.5075 1.6546 4.3303 -6.7026 1.6625 5.9293 -1.8451 -1.9239
Car -1 -1 1.6209 571.0821 170.0178 595.0630 190.4246 1.4854 1.6135 4.0742 -1.3362 0.6502 54.3426 1.5963 -2.0588
Car -1 -1 1.4789 689.6192 162.4342 711.2892 179.3319 1.4780 1.5947 3.9153 9.0119 -0.2029 65.3357 1.6160 -2.1238
