Car -1 -1 1.6921 558.4700 171.0917 586.6263 191.9624 1.5020 1.6304 4.0450 -2.1059 0.7535 53.7753 1.6529 1.8349
Car -1 -1 -1.3654 459.5343 166.4464 524.8460 216.9924 1.7328 1.6564 3.7341 -3.9743 1.2178 26.5345 -1.5141 1.5320
Car -1 -1 -0.6830 602.5826 173.4438 661.4702 195.7437 1.4723 1.6036 3.8945 2.1298 0.9411 49.2290 -0.6398 0.7305
Car -1 -1 -1.6457 631.2098 167.8072 650.4863 183.1325 1.4638 1.6074 3.7645 3.8865 0.1562 70.5066 -1.5907 0.7261
Car -1 -1 1.6868 493.2880 161.4859 542.3898 205.6885 1.9581 1.7937 4.6110 -3.9031 1.0725 34.1265 1.5729 0.2729
Car -1 -1 -1.6146 601.7600 169.1316 621.9335 186.7258 1.4845 1.5819 3.9285 0.9114 0.4414 62.5922 -1.6000 -0.8811
Car -1 -1 -0.2137 684.8801 164.8003 768.7749 196.5694 1.6115 1.6646 4.0334 6.4718 0.7653 37.3527 -0.0421 -1.1384
Car -1 -1 2.3772 0.0000 197.2926 56.9181 374.0000 1.4776 1.5799 3.6790 -7.4868 1.6726 6.9564 1.5551 -1.2514
Car -1 -1 -1.6462 537.0368 173.3016 557.0140 189.5527 1.4625 1.5750 3.5937 -5.0260 0.7251 66.5382 -1.7216 -1.7511
Car -1 -1 2.3209 0.0000 198.1251 48.1798 347.8239 1.4753 1.5685 3.6220 -9.3591 1.7350 9.3235 1.5336 -1.9166
