Car -1 -1 -1.4657 539.4178 170.3817 581.9328 207.8410 1.8038 1.7373 4.2272 -2.0300 1.2693 36.7422 -1.5209 7.6820
Car -1 -1 1.5974 604.8796 170.7003 624.2334 189.4423 1.6394 1.6440 3.9735 1.2456 0.6951 64.8529 1.6166 4.6175
Car -1 -1 1.7691 404.0109 176.0945 452.9018 211.7183 1.6822 1.6566 3.7991 -8.5744 1.4278 35.8459 1.5343 0.9922
Car -1 -1 -1.3955 647.3401 169.1863 680.9395 194.3725 1.7368 1.7052 4.2159 4.5792 0.8883 51.7906 -1.3073 -0.4214
Car -1 -1 -0.7138 0.0000 174.1505 88.6859 372.1821 1.5948 1.6549 4.2384 -8.1461 1.5370 7.9468 -1.5116 -0.7066
Car -1 -1 1.7906 423.9937 181.3904 467.9237 208.3762 1.4858 1.6389 4.0686 -8.9395 1.4806 41.5898 1.5789 -0.8461
Car -1 -1 1.8431 380.4624 175.1290 419.7788 199.0188 1.5581 1.5932 3.8588 -13.6068 1.1433 48.7780 1.5711 -1.1849
Car -1 -1 -2.1198 279.2076 171.7100 333.3772 194.6242 1.5408 1.6343 4.0284 -20.6123 0.8832 50.1484 -2.5098 -1.2504
Car -1 -1 -1.6569 699.2745 171.5554 743.1627 206.1518 1.4962 1.6408 4.0512 5.4524 1.0671 33.1455 -1.4939 -1.5019
Car -1 -1 2.0242 426.5209 158.6943 475.7174 184.1665 1.6417 1.6583 4.0128 -10.0670 0.1726 48.4422 1.8193 -1.6143
Car -1 -1 1.9964 199.0580 172.6646 350.4005 246.4438 1.5057 1.6475 4.0726 -7.4182 1.3267 16.7002 1.5784 -1.9401
