Car -1 -1 1.6243 556.3527 170.9113 582.6755 193.2408 1.5451 1.6798 4.1074 -2.2473 0.8130 51.7643 1.5809 2.7108
Car -1 -1 1.6560 495.0895 163.3388 541.3920 204.7205 1.7829 1.7484 4.5148 -3.7865 1.0014 33.2282 1.5425 2.5644
Car -1 -1 -1.4291 457.4693 163.1037 524.6536 220.9214 1.9139 1.7818 4.5064 -3.9171 1.3061 26.0364 -1.5784 1.8611
Car -1 -1 1.5517 600.2298 167.4398 619.6154 185.0814 1.4720 1.5902 3.9517 0.7354 0.2993 61.9149 1.5636 0.9998
Car -1 -1 -1.6575 632.5843 168.3709 652.4762 183.8310 1.4669 1.6061 3.8501 4.0266 0.2215 70.1027 -1.6001 0.6912
Car -1 -1 2.2329 14.9292 153.9260 113.1082 188.7498 1.4874 1.5757 3.7794 -24.2643 0.3106 32.5847 1.5928 0.3119
Car -1 -1 -1.4592 613.2286 168.0188 649.0639 198.4848 1.6799 1.6420 4.0348 1.7735 0.9374 41.7257 -1.4167 -0.0939
Car -1 -1 -1.4612 535.1546 170.7536 555.2430 186.1596 1.4906 1.5736 3.9421 -5.5259 0.4512 71.4965 -1.5383 -0.9529
Car -1 -1 -0.1299 1207.6505 176.1195 1241.0000 303.5737 1.4727 1.6304 4.0408 11.2329 1.4119 10.2252 0.7024 -1.5243
Car -1 -1 1.9954 177.3235 134.3080 260.8312 173.0861 1.4834 1.6063 4.0207 -16.0927 -0.3796 30.4262 1.5089 -1.7790
Car -1 -1 2.4350 35.9471 171.8140 127.4159 201.9193 1.4864 1.5900 3.7267 -27.0103 1.0091 37.4629 1.8104 -2.1091
