Car -1 -1 1.9210 220.4789 159.6690 483.6573 342.2597 1.7691 1.7127 4.1870 -2.8275 1.5589 9.0897 1.6194 12.2188
Car -1 -1 1.8525 328.3041 134.1183 407.6704 180.6499 1.6623 1.7350 4.5878 -9.0119 -0.0350 28.0636 1.5417 2.9851
Car -1 -1 1.7520 389.1334 149.9144 473.6872 220.2211 1.9279 1.7610 4.2179 -5.0722 1.0629 21.8430 1.5238 2.6963
Car -1 -1 -1.5482 575.4671 163.0431 606.4524 195.0265 1.7278 1.6720 4.0939 -0.5522 0.7316 40.8583 -1.5617 -0.1786
Car -1 -1 1.4819 565.7754 160.3865 589.6749 179.7320 1.4720 1.5730 3.6037 -1.8829 -0.1442 56.8883 1.4489 -0.8484
Car -1 -1 1.9313 247.4823 145.8350 333.6246 189.8224 1.4971 1.5929 4.0278 -11.3653 0.2843 26.4933 1.5260 -1.0054
Car -1 -1 -0.0897 628.7552 148.2340 709.4747 176.4981 1.5006 1.6246 4.2585 3.6492 -0.2782 39.2454 0.0030 -1.0838
Car -1 -1 -1.5484 573.8818 168.1422 601.2558 193.7107 1.5050 1.6011 3.7479 -0.8123 0.7195 44.1579 -1.5668 -1.6371
Car -1 -1 -1.5124 579.3713 160.5636 615.4557 195.4445 1.6921 1.6304 3.8000 -0.1656 0.6773 36.7847 -1.5169 -2.0835
Car -1 -1 1.6398 431.5416 167.6883 483.4642 213.7518 1.6295 1.6701 4.1534 -5.4669 1.1420 27.5744 1.4441 -2.1438
