Car -1 -1 1.7597 396.9192 157.1298 485.5719 224.6944 1.8763 1.8097 4.8011 -4.8664 1.2007 22.3682 1.5454 12.4011
Car -1 -1 -1.5409 529.8791 172.7019 567.9802 206.1525 1.4088 1.5919 3.6198 -2.3102 1.0393 32.0933 -1.6128 7.2905
Car -1 -1 1.7019 446.7969 159.0076 507.0659 210.1877 1.8954 1.7996 4.6177 -4.9361 1.0635 28.9416 1.5330 5.4262
Car -1 -1 -1.4737 585.7076 165.2131 623.5998 197.9161 1.6212 1.6224 3.8064 0.2111 0.8147 37.5841 -1.4681 2.4631
Car -1 -1 -1.5352 509.5550 166.8511 529.0825 184.0669 1.4473 1.5556 3.6263 -7.0607 0.2163 62.2547 -1.6481 1.6993
Car -1 -1 -1.3086 559.4734 165.2042 589.8158 183.5223 1.4631 1.5726 3.8217 -2.1535 0.1620 59.4121 -1.3448 1.3771
Car -1 -1 -1.4265 501.5819 178.8247 541.2920 208.0476 1.5056 1.5756 4.0961 -4.2996 1.3686 39.0805 -1.5361 0.1817
Car -1 -1 1.5440 607.5121 162.2563 626.2263 178.8890 1.4779 1.6194 4.0024 1.4391 -0.2486 66.4650 1.5656 -0.7649
Car -1 -1 -0.2589 933.8340 140.0788 1164.4016 220.1225 1.5966 1.6486 3.9720 9.5186 0.7716 15.6781 0.2867 -0.8363
Car -1 -1 -1.5195 576.3754 167.0010 598.5429 185.9763 1.4848 1.5984 3.9232 -1.0774 0.3508 58.1930 -1.5380 -0.8552
Car -1 -1 1.6960 495.5620 165.8604 516.6396 181.4113 1.4745 1.5821 3.7555 -9.2226 -0.0086 70.0146 1.5650 -1.1631
Car -1 -1 -1.4878 382.6718 167.6277 406.6982 186.4094 1.4847 1.5823 3.8073 -16.8660 0.3886 58.8043 -1.7671 -2.1418
