Car -1 -1 1.7609 393.1631 153.3071 484.0827 224.8830 1.9379 1.8123 4.7729 -4.8298 1.1757 21.8564 1.5435 9.7980
Car -1 -1 1.6059 524.4339 166.6146 566.4535 206.4157 1.5335 1.5949 3.8215 -2.2686 0.9610 29.6171 1.5294 7.4452
Car -1 -1 1.6779 444.3063 156.4239 501.5192 208.8520 1.9063 1.7650 4.3372 -5.0009 0.9956 28.3399 1.5033 3.4267
Car -1 -1 -1.4985 490.7055 194.0432 529.7021 228.2238 1.4502 1.5601 3.5362 -4.2303 2.0695 33.6068 -1.6237 0.6273
Car -1 -1 -1.3621 506.8331 165.5080 533.7261 183.4216 1.4837 1.5660 3.6359 -6.8726 0.1596 61.3783 -1.4736 0.4960
Car -1 -1 -1.4255 583.0140 162.4440 624.6953 196.7254 1.6759 1.6246 3.7728 0.1698 0.7452 37.1018 -1.4209 0.0983
Car -1 -1 -1.5470 565.3772 165.4789 595.3615 194.6021 1.5956 1.6332 3.8270 -1.1700 0.7186 41.2697 -1.5753 0.0874
Car -1 -1 1.6379 574.5437 162.9111 597.3845 182.0055 1.4765 1.5750 3.8589 -1.1846 0.0396 57.5067 1.6173 -0.3310
Car -1 -1 -1.5504 580.1690 169.2648 606.1770 193.2864 1.4540 1.5691 3.4841 -0.4827 0.7142 45.2283 -1.5611 -0.3737
Car -1 -1 1.8789 499.7317 175.7359 541.2880 199.2912 1.4796 1.5925 3.9493 -5.2586 1.1183 47.2120 1.7680 -1.9932
Car -1 -1 -0.2756 1175.2965 75.9117 1241.0000 177.2494 1.5045 1.6224 4.1047 12.7277 -0.0831 12.5277 0.5177 -2.0081
Car -1 -1 1.9632 265.1921 146.3804 349.4151 188.2064 1.4923 1.6069 3.9405 -11.2075 0.2403 27.6020 1.5775 -2.0601
