Car -1 -1 1.8302 384.3570 165.4098 523.2013 269.8283 1.9578 1.8173 4.7267 -3.0805 1.6574 15.8854 1.6386 8.9604
Car -1 -1 1.7034 474.6239 168.6263 551.6848 238.2534 1.9530 1.7857 4.6242 -2.6657 1.5930 22.4710 1.5853 5.9493
Car -1 -1 1.9691 266.0963 185.4377 368.3284 239.7540 1.5259 1.5911 3.8452 -8.7562 1.6605 22.4009 1.5964 1.6303
Car -1 -1 1.7105 484.0675 149.3684 519.5560 175.3991 1.4617 1.5958 3.8258 -5.9341 -0.3820 43.1476 1.5738 1.2478
Car -1 -1 -1.6564 642.4298 173.2999 670.0305 196.4319 1.5844 1.6275 3.8681 3.8789 1.0234 51.1404 -1.5807 1.1462
Car -1 -1 -2.4525 0.0000 135.8199 151.0306 185.8267 1.4754 1.6046 3.8957 -16.3074 0.1288 22.0954 -3.0883 0.3621
Car -1 -1 0.7473 376.8901 137.5081 478.3639 177.3197 1.5564 1.6494 4.1149 -7.3350 -0.1846 30.1647 0.5088 0.0206
Car -1 -1 -1.6492 650.2699 172.2241 691.2055 208.1282 1.6495 1.6615 4.0646 3.3142 1.2243 35.0447 -1.5549 -0.0970
Car -1 -1 1.7636 519.6575 159.8529 548.0103 178.7722 1.4670 1.5766 3.8880 -5.4244 -0.2286 58.2938 1.6709 -0.4987
Car -1 -1 -1.4903 664.0928 167.8878 713.3862 216.0823 1.9112 1.7602 4.1854 3.7820 1.3724 30.7104 -1.3677 -1.0444
Car -1 -1 1.8526 383.6789 173.5822 416.3281 191.9435 1.4843 1.6145 3.8741 -16.7568 0.8447 60.0093 1.5803 -1.3606
Car -1 -1 -1.4300 474.2616 148.6392 514.8417 177.5679 1.4795 1.6339 4.1617 -5.8049 -0.2263 39.3901 -1.5763 -1.8621
Car -1 -1 -1.5223 567.8584 180.4297 589.6469 199.8022 1.4546 1.5253 3.4292 -1.7106 1.3748 55.6621 -1.5530 -2.1274
