Car -1 -1 1.8324 393.1556 163.7915 542.6200 280.1173 2.0453 1.8528 4.8647 -2.6086 1.7352 15.1342 1.6617 9.2352
Car -1 -1 1.6950 493.6777 172.0212 571.3903 243.6609 1.9154 1.7548 4.5430 -1.9699 1.6631 21.5024 1.6036 5.9742
Car -1 -1 1.5459 645.3929 188.6271 667.3775 208.8675 1.4543 1.5753 3.9387 4.1995 2.0208 55.0302 1.6221 3.3111
Car -1 -1 -1.6326 666.0609 177.8453 693.0845 202.3845 1.6404 1.6329 3.7208 5.4067 1.3967 49.9118 -1.5247 -0.2975
Car -1 -1 1.6519 544.4766 161.7671 567.2218 180.6104 1.4634 1.5460 3.5230 -3.6117 -0.0732 57.7289 1.5894 -0.3596
Car -1 -1 -1.6420 0.0000 191.0229 56.4443 374.0000 1.6867 1.6667 3.9094 -5.1885 1.7732 4.5720 -2.4904 -0.4599
Car -1 -1 0.6568 0.0000 139.3966 157.7054 190.3173 1.4585 1.5591 3.6395 -15.5414 0.2537 21.4043 0.0288 -0.8229
Car -1 -1 -1.5776 596.0972 180.2231 612.9272 195.7904 1.4620 1.5806 3.7811 0.3235 1.3424 69.3510 -1.5729 -0.9871
Car -1 -1 0.7358 1194.7514 147.9718 1241.0000 332.2210 1.4741 1.6309 4.1501 8.9326 1.2072 7.8323 1.5868 -1.5007
Car -1 -1 1.4748 655.5433 184.4437 677.1015 201.8255 1.4458 1.4957 3.8470 5.6321 1.7095 62.3239 1.5649 -1.5212
Car -1 -1 1.7259 502.7959 150.5008 540.7034 178.5918 1.5663 1.6251 4.0584 -4.6651 -0.1799 42.5442 1.6167 -1.5605
Car -1 -1 -2.0330 122.6825 201.4304 307.0470 295.2555 1.4679 1.5792 3.7304 -7.4565 1.8963 13.6789 -2.5320 -1.5702
Car -1 -1 -1.5511 588.8971 182.1655 610.0681 201.9349 1.4545 1.5464 3.5294 -0.1031 1.5074 54.7424 -1.5530 -2.0603
Car -1 -1 -1.4733 492.4434 148.8048 530.6089 178.2977 1.4769 1.6397 4.0876 -4.7657 -0.1800 38.4820 -1.5965 -2.1466
