Car -1 -1 1.8426 396.3309 139.8300 557.9055 271.6808 2.1047 1.8500 4.6221 -2.1935 1.4409 13.8661 1.6857 8.5887
Car -1 -1 1.7268 504.1542 150.0574 591.8941 227.7519 1.9464 1.7676 4.6384 -1.4092 1.1599 20.3803 1.6578 4.3713
Car -1 -1 -1.6495 606.1312 166.4996 631.1109 186.6511 1.4549 1.5767 3.6950 1.2731 0.3725 53.7466 -1.6259 2.4345
Car -1 -1 -1.6957 682.2543 167.9311 712.9463 190.6940 1.4797 1.5918 3.7790 6.4755 0.5984 48.5887 -1.5632 0.4234
Car -1 -1 -1.6270 725.7715 163.5813 750.1470 183.5945 1.5120 1.6450 4.1202 10.7089 0.1588 56.4177 -1.4394 0.2934
Car -1 -1 -1.7051 127.8482 129.5981 280.6038 253.8956 1.7220 1.6760 4.0774 -6.8419 1.0043 12.0797 -2.2204 -0.0873
Car -1 -1 -1.3409 699.0847 165.5410 765.6797 208.9812 1.5942 1.6785 4.2869 5.2823 1.0096 28.6595 -1.1586 -0.4473
Car -1 -1 1.4216 687.3247 163.4824 725.4977 194.4751 1.8024 1.6997 4.1345 6.3568 0.7553 43.8433 1.5656 -0.9587
Car -1 -1 1.4329 671.3216 168.0730 695.1490 185.7332 1.4558 1.4893 3.8953 6.9643 0.3494 61.1788 1.5462 -1.5355
Car -1 -1 -1.0867 9.9984 131.6424 152.2639 193.4684 1.5009 1.5765 3.6540 -13.8621 0.2917 19.3540 -1.7082 -1.8283
Car -1 -1 1.5257 720.8725 162.1929 742.2506 180.6450 1.5020 1.5964 3.9344 10.9978 -0.0743 60.7190 1.7049 -1.9374
Car -1 -1 1.5742 556.4433 164.2788 594.7917 200.6404 1.5628 1.6486 4.1519 -1.1926 0.8236 32.9726 1.5381 -2.1584
