Car -1 -1 1.7661 367.9636 169.2014 469.1005 248.6763 1.9992 1.8482 5.0375 -5.1021 1.6910 20.6263 1.5236 9.0540
Car -1 -1 2.2101 0.0000 126.5213 353.1482 374.0000 1.7097 1.6981 4.2041 -2.6749 1.6242 3.2727 1.5249 6.9327
Car -1 -1 1.6966 427.4372 177.3408 488.8317 231.0962 1.8566 1.7349 4.2921 -5.3146 1.7140 27.0075 1.5023 4.9252
Car -1 -1 -0.2390 632.9170 155.1052 710.1536 181.9456 1.4713 1.6114 4.0621 3.9204 0.0252 40.4599 -0.1424 2.1684
Car -1 -1 -1.5370 564.2836 177.2290 586.2280 196.9513 1.4919 1.5939 3.6722 -1.9972 1.1694 56.1729 -1.5725 0.6847
Car -1 -1 0.8361 334.7367 148.1074 424.0438 183.0005 1.5792 1.6601 4.2366 -10.6368 0.0688 34.3029 0.5354 0.5220
Car -1 -1 -1.5629 573.1883 183.4074 597.5643 206.7199 1.5671 1.6497 3.9655 -1.1033 1.7074 50.6037 -1.5847 -0.0537
Car -1 -1 -0.0365 1114.7254 81.8710 1241.0000 198.1151 1.4527 1.5111 3.4469 9.7696 0.2090 10.6668 0.7051 -0.0559
Car -1 -1 -1.5354 571.1229 182.9750 599.5325 209.4715 1.5393 1.6036 3.7042 -0.9417 1.6337 43.7965 -1.5569 -0.6966
Car -1 -1 1.6979 451.5896 163.8661 475.9092 181.2763 1.4756 1.6115 3.9159 -11.9982 -0.0198 62.9376 1.5095 -1.0977
