Car -1 -1 2.1339 0.0000 139.1746 376.5656 374.0000 1.6930 1.6886 4.0892 -2.6699 1.5892 3.8625 1.5291 8.5952
Car -1 -1 1.7613 375.1883 158.9239 469.6136 236.3522 2.0095 1.8186 4.6232 -5.1073 1.4247 20.9926 1.5226 8.2725
Car -1 -1 1.6884 431.8659 167.3628 490.7883 219.2885 1.8317 1.7207 4.3094 -5.3026 1.3341 27.5484 1.4982 5.5958
Car -1 -1 -1.6066 565.4231 170.8782 587.8252 190.2750 1.4790 1.6221 4.0311 -1.9707 0.6696 56.8364 -1.6412 3.8060
Car -1 -1 1.7192 498.4384 171.6729 524.2997 189.7291 1.4790 1.5984 4.0264 -7.5676 0.6746 60.8703 1.5955 0.4595
Car -1 -1 3.5936 114.5196 157.7056 230.1000 195.6054 1.4689 1.5687 3.6602 -17.1345 0.5477 28.7760 3.0565 0.1961
Car -1 -1 1.5002 546.7805 173.9294 578.4978 199.9991 1.5236 1.6506 4.1064 -2.4212 1.0819 44.1200 1.4453 -0.1452
Car -1 -1 1.6240 572.6796 173.5196 602.0298 200.2610 1.5711 1.5978 4.0134 -0.8220 1.1030 44.2335 1.6054 -0.3570
Car -1 -1 1.8025 425.6520 147.5248 465.7414 173.6088 1.4831 1.5365 3.9532 -9.4896 -0.5050 44.0403 1.5903 -1.2826
Car -1 -1 0.0351 945.6103 154.4352 1174.9039 237.1203 1.4667 1.5860 3.7057 9.0406 0.9879 14.4343 0.5947 -1.4795
Car -1 -1 1.5896 550.0395 175.3006 567.4411 191.1773 1.4836 1.6002 3.8824 -4.0421 0.9047 69.0944 1.5312 -1.8314
Car -1 -1 1.5746 571.5565 171.7521 595.8209 195.7982 1.6204 1.6352 3.9251 -1.2256 0.9642 50.3824 1.5502 -1.9163
Car -1 -1 -1.6469 600.2963 170.7175 622.2277 188.7275 1.5370 1.6312 3.9661 0.8695 0.6173 63.3326 -1.6332 -1.9962
