Car -1 -1 1.7739 356.8342 164.8710 527.8286 315.8793 2.0175 1.7894 4.7289 -2.4116 1.7967 11.9627 1.5750 10.6726
Car -1 -1 2.1127 0.0000 109.7709 433.5389 374.0000 1.9997 1.8257 4.6371 -2.8666 1.7003 5.3723 1.6226 10.5798
Car -1 -1 -1.6275 655.5221 184.6878 690.3150 219.6769 1.8695 1.7297 4.0425 4.0109 2.0605 40.8068 -1.5296 7.7653
Car -1 -1 -1.6179 645.9869 192.0486 670.2577 213.6892 1.4788 1.5936 4.0453 4.1754 2.2895 53.1225 -1.5394 2.1948
Car -1 -1 -2.8588 348.2958 139.1435 476.2978 185.1796 1.4449 1.5872 3.7374 -6.1181 0.1166 23.3871 -3.1146 1.8299
Car -1 -1 -1.7797 768.6492 190.8143 837.3766 236.3749 1.4804 1.6007 3.9941 7.2375 1.8478 26.2135 -1.5103 0.7259
Car -1 -1 -1.5223 560.6594 192.2215 588.5943 217.6610 1.4826 1.5845 3.7015 -1.6483 2.1870 45.2881 -1.5587 -0.9782
Car -1 -1 -1.2899 746.6708 180.8336 772.9378 196.4543 1.4580 1.5562 3.4918 15.2642 1.3962 68.9527 -1.0721 -1.3721
Car -1 -1 -1.1329 1206.8605 182.1510 1241.0000 374.0000 1.5366 1.6303 4.0012 6.0507 1.5429 4.2841 -0.1782 -1.4429
Car -1 -1 -1.6748 668.2385 190.3627 714.2204 227.9006 1.5315 1.6310 3.9612 3.9539 1.9549 32.2408 -1.5528 -1.5589
Car -1 -1 2.1739 55.3844 162.6860 184.5100 211.4304 1.4876 1.6100 3.9467 -15.8744 0.9145 23.9060 1.5877 -1.6534
