Car -1 -1 -4.4650 396.0487 173.2209 478.6185 223.5709 1.4643 1.6449 3.9778 -5.1466 1.2240 22.8987 -4.6888 2.2809
Car -1 -1 -7.7560 524.5092 167.4450 572.9825 207.3448 1.5615 1.6574 4.0558 -2.1623 1.0118 30.1577 -7.8320 2.0349
Car -1 -1 -7.8989 608.0973 166.6398 639.8676 194.3462 1.5404 1.6440 4.0882 1.2726 0.7144 41.9980 -7.8737 0.6390
Car -1 -1 -7.8194 579.7747 163.8867 604.4185 187.5231 1.6606 1.6802 4.3139 -0.6329 0.4231 52.6382 -7.8362 0.5915
Cyclist -1 -1 -4.7516 1215.9681 137.9077 1237.0000 207.2271 1.7360 0.5613 1.5735 16.4439 0.6448 18.7813 -4.0443 -0.9214
Car -1 -1 -7.6578 662.7052 171.1621 702.8488 197.7398 1.3986 1.5434 3.6703 4.5435 0.8548 39.7841 -7.5498 -0.9995
Car -1 -1 -8.0935 538.8614 168.7832 584.2297 196.4609 1.4971 1.6250 4.1521 -2.3382 0.8094 41.0781 -8.1549 -1.0098
Pedestrian -1 -1 -8.3594 1083.3352 138.9988 1112.0955 189.1347 1.9505 0.6879 0.6762 19.5330 0.2974 28.3134 -7.7647 -1.5340
Pedestrian -1 -1 -3.9604 28.5543 192.5909 80.7200 285.8685 1.3394 0.4125 0.4581 -8.1257 1.5079 10.6235 -4.6071 -1.5732
Car -1 -1 -4.8287 677.0109 165.8720 710.7162 191.5297 1.6111 1.6914 4.1766 6.0306 0.6298 47.1973 -4.7073 -1.7027
Cyclist -1 -1 -7.7110 978.6118 159.6995 996.6851 205.1855 1.6085 0.3735 1.5853 14.0447 0.8380 26.1543 -7.2274 -1.7144
Pedestrian -1 -1 -3.3760 945.2946 159.4556 975.7316 217.3262 1.7667 0.7079 0.6947 11.1339 1.0942 22.3501 -2.9236 -1.7858
Pedestrian -1 -1 -4.5996 162.0786 186.2663 191.5312 260.8539 1.3937 0.4348 0.4831 -8.1760 1.4877 13.7710 -5.1325 -1.8011
Pedestrian -1 -1 -7.9659 988.2899 158.2655 1006.7898 196.9163 1.7833 0.6823 0.6549 18.4952 0.7116 33.5748 -7.4706 -1.8287
Cyclist -1 -1 -3.9145 79.8361 178.2788 138.0713 235.6277 1.7179 0.5700 1.5313 -15.3065 1.6219 22.3243 -4.5153 -1.8346
Car -1 -1 -4.3317 298.6195 172.0254 351.1842 199.7167 1.5418 1.5732 3.7958 -16.0632 1.0144 41.9034 -4.7006 -1.9205
Cyclist -1 -1 -4.2712 405.0361 165.4784 432.7516 203.7155 1.7381 0.6181 1.6400 -8.5156 1.0101 33.5155 -4.5232 -1.9223
Pedestrian -1 -1 -6.5193 570.1716 166.1829 585.4631 197.7299 1.7054 0.7175 0.6833 -1.2986 0.8775 39.2697 -6.5571 -1.9490
Car -1 -1 -5.1260 980.5555 159.1919 1044.8459 188.1840 1.5376 1.6190 3.9887 22.8969 0.3547 40.1600 -4.6155 -2.0345
Car -1 -1 -4.9021 638.2951 169.6290 667.2424 189.3791 1.5057 1.5711 3.7851 4.0395 0.6006 56.7399 -4.8363 -2.1732
