Car -1 -1 -4.5588 493.0182 173.5904 534.5416 202.2884 1.4355 1.6233 3.8189 -4.5728 1.0401 37.8644 -4.6831 2.0158
Car -1 -1 -7.7560 535.6740 172.4264 578.3450 205.9582 1.4632 1.6017 4.1755 -2.0213 1.0676 33.4590 -7.8209 2.0089
Car -1 -1 -7.7633 611.4966 168.8188 643.5256 194.8332 1.5458 1.6403 4.3227 1.6801 0.7924 44.9304 -7.7311 0.9075
Car -1 -1 -7.8332 585.1824 170.5109 606.7737 191.2655 1.5481 1.6101 3.6306 -0.3750 0.7284 55.4054 -7.8449 -0.5195
Car -1 -1 -5.4755 342.4657 177.4590 401.6456 201.0470 1.4503 1.5379 3.5722 -14.5932 1.2019 45.6930 -5.7879 -0.8628
Car -1 -1 -7.7834 561.3012 170.9715 589.2746 195.6970 1.4697 1.5049 3.5216 -1.5824 0.8440 44.4804 -7.8237 -0.9184
Car -1 -1 -4.6332 478.8634 170.1804 507.7825 194.0059 1.5247 1.6150 4.0652 -7.1827 0.8004 48.0569 -4.7857 -1.1291
Pedestrian -1 -1 -4.3484 223.7405 191.3682 250.1777 249.3411 1.2545 0.3983 0.4179 -8.0774 1.4760 15.8511 -4.8184 -1.1910
Cyclist -1 -1 -6.7655 249.6020 181.1671 282.0001 212.1601 1.6065 0.3424 1.5745 -17.7340 1.5895 37.9659 -7.2049 -1.3013
Pedestrian -1 -1 -7.9252 1014.8636 143.3142 1032.6913 185.0121 1.9157 0.6715 0.5526 19.6175 0.1616 33.3972 -7.4024 -1.4713
Car -1 -1 -4.9689 402.3797 174.0336 436.0347 194.9816 1.5084 1.5711 3.5542 -13.6238 0.9707 53.6603 -5.2214 -1.8024
Pedestrian -1 -1 -4.0380 1078.9773 157.9231 1098.4449 191.7647 1.7606 0.6302 0.5677 25.6023 0.5342 37.7571 -3.4502 -1.8619
Pedestrian -1 -1 -3.7081 1098.6700 135.5129 1128.3107 193.2294 1.8856 0.5808 0.5739 16.9102 0.3836 23.7695 -3.0999 -1.8812
Cyclist -1 -1 -8.5372 866.0671 161.9034 916.1975 215.6780 1.8048 0.6469 1.7540 10.0483 1.1475 25.0427 -8.1643 -1.9571
Car -1 -1 -4.8172 640.7242 171.3531 664.9655 188.7738 1.5028 1.6804 4.4098 4.5898 0.6273 64.2031 -4.7510 -1.9944
Car -1 -1 -4.7841 327.2864 171.6166 357.1215 196.7115 1.6303 1.6169 3.8290 -17.6111 0.9882 48.7442 -5.1341 -2.0509
Car -1 -1 -4.5091 658.3836 169.2081 686.7900 188.1620 1.5633 1.6413 4.1213 6.1494 0.5493 61.4599 -4.4147 -2.0969
Cyclist -1 -1 -5.4883 911.3755 169.9950 950.8036 209.9246 1.6956 0.6244 1.5858 14.3559 1.2073 31.3557 -5.0671 -2.0978
Car -1 -1 -4.7554 365.7717 174.3185 391.3142 195.6708 1.5538 1.6582 4.0238 -16.9052 1.0311 54.4457 -5.0600 -2.1043
Car -1 -1 -8.2429 365.5365 169.7496 424.9000 201.1872 1.6094 1.6755 4.0099 -11.2056 1.0081 38.8642 -8.5268 -2.1432
Car -1 -1 -2.7031 29.4557 166.2660 139.3727 200.7108 1.7507 1.7350 4.3700 -27.0928 0.9766 37.7658 -3.3270 -2.1457
Pedestrian -1 -1 -4.0981 1183.9344 151.4418 1237.0000 276.2652 1.8275 0.5753 0.4460 9.2236 1.3881 10.8536 -3.4108 -2.1929
Car -1 -1 -4.6686 625.6921 173.2890 652.3156 196.3339 1.4836 1.6346 4.1229 2.5750 0.9550 48.3716 -4.6207 -2.1945
