Car -1 -1 -4.6362 562.0633 171.8658 582.9432 188.8621 1.5281 1.6512 4.0739 -2.6199 0.6616 66.6451 -4.6803 -0.1730
Car -1 -1 -2.8415 7.1626 174.1446 132.4496 211.4047 1.5441 1.6592 4.0716 -22.9968 1.2396 31.2223 -3.4773 -0.8976
Cyclist -1 -1 -7.4641 1.4951 176.6227 27.5320 213.2147 1.6113 0.3413 1.5732 -26.5000 1.3968 32.4332 -8.1502 -1.1709
Car -1 -1 -2.2190 380.9106 173.4709 449.2042 205.4487 1.5815 1.5859 3.5689 -9.6956 1.1847 37.2519 -2.4770 -1.3430
Car -1 -1 -4.9391 738.0767 170.9302 772.4370 191.0979 1.4848 1.6579 4.1197 11.7388 0.7065 54.9627 -4.7346 -1.5174
Car -1 -1 -4.5168 87.4523 176.5961 132.4416 201.9698 1.5415 1.6156 4.0864 -31.2888 1.2437 45.8377 -5.1180 -1.5308
Pedestrian -1 -1 -8.1983 1118.8564 153.1908 1149.3370 216.7431 1.8254 0.6070 0.4107 15.4713 1.0128 20.9147 -7.5725 -1.9526
Car -1 -1 -4.4464 0.0000 169.9290 53.7338 208.7032 1.7219 1.6969 4.3542 -27.7841 1.2083 34.2336 -5.1294 -2.0180
Cyclist -1 -1 -8.4342 853.9547 156.1125 890.6719 203.9092 1.7626 0.4078 1.7416 10.2838 0.8268 27.3844 -8.0831 -2.1363
Car -1 -1 -2.1315 230.7166 170.3070 295.8387 198.5338 1.7817 1.7479 4.4907 -22.2737 1.0752 47.2847 -2.5746 -2.1773
