Pedestrian -1 -1 -7.7640 182.0944 171.7554 199.7259 211.9719 1.7851 0.6298 0.7150 -18.4921 1.3528 32.3412 -8.2850 -0.9593
Car -1 -1 -7.7685 624.4185 170.1090 645.4752 187.3424 1.5641 1.6551 4.0170 3.2032 0.5300 67.2955 -7.7260 -1.1170
Car -1 -1 -7.7623 587.9326 169.0433 609.7292 187.6295 1.6188 1.6355 3.8163 -0.1741 0.5336 64.5356 -7.7699 -1.2925
Car -1 -1 -8.4268 931.4767 170.0892 996.2780 197.0612 1.4722 1.5611 3.6431 20.6618 0.8495 41.1081 -7.9685 -1.3666
Pedestrian -1 -1 -2.5614 162.6576 162.4104 188.9820 202.5405 1.9104 0.5328 0.9512 -20.4385 1.0019 34.4830 -3.0981 -1.7390
Pedestrian -1 -1 -5.2758 416.1303 177.3936 433.1729 213.3358 1.5223 0.5270 0.4928 -7.5933 1.3487 30.7857 -5.5208 -1.8104
Pedestrian -1 -1 -8.3085 664.4441 173.1796 685.6700 212.4061 1.6332 0.6258 0.7450 3.0911 1.2871 30.3674 -8.2130 -1.9554
Cyclist -1 -1 -7.5515 742.4330 170.8140 761.6911 203.9296 1.7130 0.5272 1.6973 7.9758 1.1604 38.0285 -7.3512 -1.9760
Car -1 -1 -4.6619 948.9861 162.7189 987.5347 196.4332 1.6356 1.6000 3.9815 18.9098 0.7247 36.9756 -4.1970 -2.0817
Car -1 -1 -8.1111 394.1920 174.0329 427.2956 192.8577 1.4854 1.6347 4.0197 -15.6250 0.8961 58.8326 -8.3745 -2.0833
Pedestrian -1 -1 -7.5760 89.5224 166.9636 116.3040 217.2207 1.9115 0.6221 0.9375 -19.3496 1.3590 27.8652 -8.1836 -2.1277
Cyclist -1 -1 -4.9176 871.4609 163.5592 894.5825 203.9907 1.8014 0.6290 1.7411 12.8741 1.0024 32.9153 -4.5525 -2.1444
Pedestrian -1 -1 -7.1556 229.8013 164.9842 253.8148 206.7700 1.8852 0.6425 0.7638 -16.4570 1.1403 32.8536 -7.6218 -2.1965
