Car -1 -1 -7.5810 299.0551 178.7930 506.4059 319.6768 1.5046 1.5930 4.0597 -2.4473 1.4764 9.7219 -7.8271 2.6821
Car -1 -1 -7.7063 474.7117 173.2201 550.8234 232.7792 1.4946 1.5940 3.4731 -2.3838 1.2873 19.7808 -7.8299 2.4792
Car -1 -1 -7.8696 598.2955 166.3313 643.2082 209.8293 1.5861 1.6377 4.4664 0.6879 1.0334 28.4292 -7.8507 2.2517
Car -1 -1 -7.7827 553.6160 164.5598 592.1094 199.2683 1.6266 1.6541 3.8830 -1.3759 0.8330 35.6286 -7.8260 2.1243
Car -1 -1 -7.8222 583.7853 165.6120 607.3128 187.3671 1.5481 1.6348 4.0340 -0.3873 0.4175 53.1484 -7.8343 -0.7840
Car -1 -1 -7.8988 607.8322 169.8696 641.6840 199.3910 1.5103 1.6279 3.6377 1.2045 0.9155 38.5833 -7.8728 -1.1749
Pedestrian -1 -1 -3.5385 388.3780 170.2095 400.1517 193.0423 1.8844 0.5528 0.7879 -17.2058 0.9524 59.7466 -3.8227 -1.8072
Car -1 -1 -5.3741 1017.1307 168.0441 1128.5880 210.5843 1.4934 1.5901 3.6318 17.6288 1.0215 27.1011 -4.8068 -2.0055
Car -1 -1 -8.1048 827.2907 153.9118 867.4532 182.3102 1.8833 1.6708 3.9419 16.9570 0.0537 49.6633 -7.7822 -2.0196
Car -1 -1 -3.0453 532.3295 171.6527 608.9274 199.1200 1.4137 1.5495 3.9071 -1.5936 0.9070 37.8410 -3.0921 -2.0791
Cyclist -1 -1 -6.4754 1002.2818 157.7036 1065.7220 217.3677 1.7703 0.6057 1.5620 13.1084 1.0647 21.8582 -5.9455 -2.1030
Car -1 -1 -7.5448 16.7908 180.5585 102.1072 222.4948 1.4905 1.6052 3.5304 -20.6276 1.4574 27.4621 -8.1895 -2.1130
Car -1 -1 -4.4066 655.4985 167.4678 687.1906 186.2673 1.5796 1.6465 3.9626 6.1449 0.4004 62.5006 -4.3139 -2.1856
Pedestrian -1 -1 -3.9767 960.8763 157.0917 1001.3394 233.1220 1.7957 0.6616 0.5571 9.1403 1.2198 17.3738 -3.5038 -2.1923
