Car -1 -1 -7.6429 413.0616 181.3194 525.9573 264.6267 1.4992 1.5746 3.4502 -2.6027 1.4965 14.6773 -7.8209 2.7603
Car -1 -1 -7.7451 531.0492 172.9463 582.6813 216.4182 1.6205 1.6833 3.6540 -1.7329 1.3020 28.6395 -7.8102 2.5169
Car -1 -1 -7.8282 586.2552 172.9474 642.5206 228.1004 1.6086 1.6435 4.4565 0.4325 1.3596 23.2093 -7.8150 2.3190
Car -1 -1 -7.3465 0.0000 197.7969 410.8731 373.0000 1.4812 1.5998 4.0577 -2.6278 1.6329 4.6176 -7.8471 2.0430
Car -1 -1 -4.4806 498.2829 177.2376 536.7020 201.3922 1.4514 1.5747 3.8424 -5.2247 1.1953 45.1591 -4.6002 0.6962
Car -1 -1 -4.4821 444.8312 174.3398 503.8370 212.1543 1.6025 1.7551 4.0940 -5.6889 1.2994 32.5329 -4.6589 0.4385
Car -1 -1 -7.5501 537.2661 175.0228 587.8625 207.7430 1.5579 1.5766 3.5048 -1.9094 1.2497 36.0932 -7.6077 -0.4015
Car -1 -1 -7.7191 586.8604 172.4234 611.3588 190.1754 1.4874 1.6164 4.0390 -0.1405 0.7267 62.2941 -7.7262 -0.4298
Car -1 -1 -7.6722 607.8102 175.2227 647.4208 204.1111 1.5464 1.6002 3.7287 1.5165 1.2106 40.4448 -7.6400 -0.4836
Car -1 -1 -7.9993 563.3757 175.1610 595.7744 199.8586 1.5929 1.6157 3.8484 -1.5029 1.1841 48.3692 -8.0352 -0.9614
Pedestrian -1 -1 -4.7509 940.7361 156.8247 958.4205 201.8086 1.8630 0.6403 0.5698 14.5833 0.8414 30.1374 -4.3086 -1.2104
Pedestrian -1 -1 -6.6246 1200.4596 144.8834 1237.0000 251.7377 1.8172 0.7082 0.6095 11.0366 1.1951 12.6552 -5.9228 -1.2479
Car -1 -1 -7.8471 1055.0948 165.3583 1106.1758 205.4828 1.4789 1.5911 3.5693 18.9017 0.8843 28.4030 -7.2692 -1.2520
Car -1 -1 -4.1913 103.7721 172.1793 165.2904 198.1153 1.5835 1.5973 3.8407 -29.6927 1.0145 45.8191 -4.7686 -1.6024
Car -1 -1 -5.0936 361.5363 179.4210 402.2412 199.9330 1.5026 1.5986 3.9329 -16.7148 1.3502 54.6520 -5.3941 -1.7648
Pedestrian -1 -1 -7.5880 161.9226 181.0092 183.6502 221.3376 1.7173 0.5950 0.8986 -18.5683 1.6967 31.1021 -8.1276 -1.7672
Car -1 -1 -8.0759 456.7773 172.3838 506.5673 208.3714 1.6832 1.6329 3.7311 -5.9998 1.2571 35.6331 -8.2466 -1.7922
Car -1 -1 -4.2881 573.9631 176.8660 630.3746 206.2140 1.4675 1.6057 3.7190 0.0858 1.2360 37.9450 -4.2909 -1.9086
Car -1 -1 -4.3946 652.5965 173.8410 692.2711 195.7594 1.5189 1.6777 4.1076 5.1958 0.9881 51.9974 -4.3004 -1.9460
Car -1 -1 -4.7408 38.2708 181.5247 91.4882 220.3757 1.5573 1.7073 4.2679 -23.2118 1.5587 30.9967 -5.3845 -2.0644
Car -1 -1 -4.8996 361.6533 171.2937 393.4632 195.0812 1.8762 1.7069 4.2782 -18.3802 1.0711 58.9464 -5.2055 -2.1423
Car -1 -1 -7.7122 8.1657 183.5372 65.7040 218.7001 1.5310 1.5991 3.7811 -26.2944 1.6321 33.5472 -8.3782 -2.1600
