Car -1 -1 -7.6600 417.6087 180.4713 525.5814 261.6383 1.4872 1.5792 3.3274 -2.5986 1.4689 14.8394 -7.8359 2.8110
Car -1 -1 -7.8246 584.5812 172.1099 640.2654 226.2807 1.5992 1.6467 4.5308 0.3838 1.3225 23.5031 -7.8137 2.7642
Car -1 -1 -7.7710 533.0081 173.4841 581.2188 213.8279 1.5320 1.6652 3.7580 -1.7569 1.2280 29.1725 -7.8358 2.3970
Car -1 -1 -7.3747 0.0000 194.5088 413.8017 373.0000 1.4931 1.6112 4.0934 -2.6357 1.6180 4.8079 -7.8607 2.0974
Car -1 -1 -4.5474 477.5451 175.1446 523.7341 205.1108 1.5466 1.8212 4.3938 -5.4480 1.2188 39.2909 -4.6893 1.3145
Car -1 -1 -4.1816 36.7669 191.9090 313.8679 318.5144 1.4824 1.6248 4.2210 -6.1030 1.6716 10.8901 -4.6880 1.0169
Car -1 -1 -4.5632 514.2733 176.8850 543.2142 198.0695 1.4711 1.5506 3.7734 -5.1915 1.1506 51.8037 -4.6676 -0.7547
Car -1 -1 -2.8756 568.5643 174.7420 642.9590 203.3691 1.5262 1.6239 3.8100 0.2486 1.1661 39.5821 -2.8744 -0.8555
Car -1 -1 -7.8424 588.1275 170.0224 608.2722 190.8151 1.7276 1.6738 4.1020 -0.2382 0.7738 61.7361 -7.8512 -1.1559
Car -1 -1 -7.8961 571.9606 176.8103 598.8837 200.2950 1.5061 1.6115 3.9205 -1.0993 1.2054 48.0789 -7.9238 -1.1842
Cyclist -1 -1 -3.9168 1189.7521 155.8759 1237.0000 202.9614 1.8679 0.6798 1.6235 24.7104 0.8517 28.8987 -3.2188 -1.1972
Pedestrian -1 -1 -7.9010 183.6080 181.9838 199.3306 219.2865 1.6608 0.5801 0.7623 -18.5480 1.6832 32.4706 -8.4217 -1.2974
Car -1 -1 -6.6912 420.0556 176.3026 482.6047 200.8392 1.6344 1.6271 3.9082 -10.3432 1.2883 49.6450 -6.9005 -1.3487
Car -1 -1 -4.7177 1196.6768 150.2510 1237.0000 186.0925 1.5661 1.5399 3.5701 28.5462 0.2010 33.2511 -4.0170 -1.4275
Car -1 -1 -4.6367 300.6302 177.1653 334.2316 204.1412 1.5638 1.6186 4.0391 -17.2691 1.3127 43.8119 -5.0152 -1.4634
Car -1 -1 -4.4812 117.0768 175.2112 171.2368 207.7354 1.6808 1.6235 4.0442 -24.9403 1.3560 39.3001 -5.0486 -1.5617
Car -1 -1 -4.6919 651.2320 177.0910 677.3776 201.3719 1.4681 1.5777 3.9458 4.0109 1.2016 45.4749 -4.6095 -1.6879
Car -1 -1 -4.7217 878.6800 163.3348 901.9452 183.9994 1.5384 1.6021 3.9154 22.3408 0.1860 55.5916 -4.3461 -1.7575
Car -1 -1 -4.4628 759.2725 168.0871 801.8843 197.1929 1.6726 1.5894 3.9715 10.8672 0.9019 43.4066 -4.2238 -1.8691
Car -1 -1 -4.8655 646.6176 175.0652 677.9825 197.8067 1.4859 1.5590 3.6564 4.1068 1.0655 48.8159 -4.7870 -1.8932
Car -1 -1 -2.4913 510.6658 176.1359 590.4658 204.1733 1.5148 1.6943 4.3684 -2.9117 1.2251 40.7066 -2.5673 -1.9194
Car -1 -1 -4.5001 319.8353 176.9258 360.2523 204.4594 1.5885 1.5671 3.6674 -15.7253 1.3247 43.3670 -4.8511 -1.9339
Pedestrian -1 -1 -5.7834 0.0000 174.6189 22.7852 214.2570 1.7397 0.7190 0.5410 -26.2603 1.4380 31.9314 -6.4727 -1.9590
Pedestrian -1 -1 -4.1064 28.6189 187.8645 88.3532 288.3560 1.6238 0.5607 0.5826 -9.0620 1.7329 11.9469 -4.7504 -1.9603
Pedestrian -1 -1 -7.8214 927.8226 160.6055 943.5774 202.2115 1.8212 0.6194 0.5989 14.8063 0.9069 31.8491 -7.3944 -1.9715
Car -1 -1 -4.5700 380.6384 173.2897 408.4123 193.7112 1.6741 1.6983 4.2769 -17.5357 1.0009 61.1232 -4.8532 -1.9877
Car -1 -1 -5.7652 300.9154 179.2474 360.2010 202.4795 1.5601 1.5982 3.4714 -18.5576 1.4089 49.2958 -6.1285 -2.0852
Car -1 -1 -4.7279 392.8436 177.7417 414.6979 197.6678 1.5134 1.5835 3.6631 -15.5604 1.2278 56.5378 -5.0003 -2.1115
Car -1 -1 -4.3478 0.0000 178.9726 57.8398 206.9452 1.4887 1.5530 3.7453 -32.1538 1.3544 40.2498 -5.0236 -2.1851
