Car -1 -1 -7.4922 138.9376 186.1413 470.7630 373.0000 1.4704 1.6029 3.9870 -2.5657 1.5306 7.1934 -7.8297 2.8090
Car -1 -1 -7.7102 444.4768 178.1419 531.5724 246.8764 1.4485 1.5453 3.4414 -2.5956 1.3783 16.8678 -7.8660 2.6341
Car -1 -1 -7.7795 540.6276 166.0084 584.1057 205.3769 1.6769 1.6991 3.9311 -1.7272 1.0173 32.5766 -7.8371 2.3837
Car -1 -1 -7.8283 586.7213 169.5872 637.3460 217.6743 1.5424 1.6260 4.4101 0.3900 1.1608 25.2740 -7.8181 2.3669
Car -1 -1 -7.9413 599.2845 167.0530 634.9569 198.2335 1.6610 1.6375 3.8824 0.8292 0.8916 40.2617 -7.9258 -0.4566
Car -1 -1 -7.9314 569.9631 168.9609 597.2944 191.3554 1.4878 1.5807 3.7400 -1.2545 0.6548 49.6667 -7.9614 -0.5638
Cyclist -1 -1 -5.2432 940.5446 163.1259 972.0622 201.3146 1.6426 0.5608 1.4832 15.6086 0.8526 31.6594 -4.7935 -1.4333
Cyclist -1 -1 -5.4546 939.3312 164.0370 977.7593 205.8392 1.6856 0.5787 1.4655 14.7553 0.9818 29.7513 -5.0027 -1.4669
Car -1 -1 -3.9996 181.5177 158.4631 246.2334 189.1068 2.0372 1.7057 4.0920 -26.8499 0.5057 49.9374 -4.4955 -1.5859
Car -1 -1 -5.9995 389.0869 205.2868 500.7668 247.1728 1.3787 1.5504 3.5942 -5.5410 2.2547 25.5514 -6.2165 -1.6930
Cyclist -1 -1 -3.0004 446.6984 172.0829 475.5124 202.3047 1.7552 0.6692 1.5816 -8.2170 1.2084 42.0977 -3.1970 -1.7550
Car -1 -1 -4.9126 967.5837 161.1131 1019.1251 193.2389 1.5898 1.5947 3.8663 20.4482 0.5811 37.6288 -4.4227 -1.7817
Pedestrian -1 -1 -7.8777 1047.5146 156.0222 1063.6252 193.6124 1.8325 0.6493 0.6970 22.4177 0.5907 35.4841 -7.3225 -1.8276
Car -1 -1 -8.0463 640.0032 169.3614 678.3406 196.0025 1.5035 1.5696 3.6122 3.3644 0.8186 42.4252 -7.9726 -1.8980
Cyclist -1 -1 -2.2481 240.4254 174.2638 289.3123 226.1909 1.8003 0.6579 1.6930 -12.0079 1.5498 25.5703 -2.6884 -1.9315
Pedestrian -1 -1 -7.7810 147.7455 170.9033 167.6927 215.7256 1.8085 0.6488 0.6931 -18.1980 1.3812 29.4402 -8.3358 -1.9685
Cyclist -1 -1 -8.0174 651.2408 168.7766 665.1688 199.1732 1.6926 0.5214 1.6214 3.2168 0.9843 40.8309 -7.9443 -2.0728
Cyclist -1 -1 -3.2552 599.0720 164.1588 632.2495 199.7406 1.8816 0.7059 1.7017 0.7487 0.9648 38.4225 -3.2409 -2.1157
