Car -1 -1 -7.6448 396.1890 178.2403 530.8651 273.9138 1.4916 1.6077 4.0513 -2.3981 1.4414 13.2466 -7.8260 2.6885
Car -1 -1 -7.8524 600.9036 167.5982 644.1588 209.6026 1.6423 1.6917 4.3329 0.8571 1.0991 30.2724 -7.8294 2.1783
Car -1 -1 -7.7674 561.4608 166.2116 597.7520 197.7170 1.6280 1.6605 3.9463 -1.1454 0.8382 39.1322 -7.8014 2.0244
Car -1 -1 -7.7144 498.9369 174.7235 560.0792 223.0004 1.4530 1.5177 3.5393 -2.2985 1.2495 23.4161 -7.8164 2.0033
Car -1 -1 -7.7352 588.0388 167.5580 613.4118 187.7496 1.5629 1.6028 3.9174 -0.0022 0.4836 57.6405 -7.7401 -0.9877
Cyclist -1 -1 -4.9363 889.0732 164.6417 909.4100 198.5660 1.6886 0.6168 1.5392 15.1386 0.8497 36.5643 -4.5513 -1.1832
Car -1 -1 -5.1772 478.9004 192.1107 529.1168 216.9960 1.5059 1.6202 4.0537 -6.4650 2.2376 47.4084 -5.3173 -1.2057
Car -1 -1 -4.3939 0.0000 172.0699 48.2576 208.4614 1.5176 1.5456 3.7324 -26.2374 1.1246 31.9749 -5.0820 -1.4436
Pedestrian -1 -1 -4.4862 904.6960 173.2593 931.0652 229.0471 1.6038 0.5632 0.7471 9.2748 1.3674 21.1191 -4.0822 -1.7587
Car -1 -1 -4.5508 473.5937 170.0467 504.3766 191.8822 1.5672 1.6559 4.0495 -8.3290 0.7451 53.5854 -4.7091 -1.8031
Cyclist -1 -1 -4.5412 30.1027 164.7199 53.1171 200.0545 1.7016 0.6110 1.7580 -27.6716 0.8938 35.5123 -5.2045 -1.9189
Car -1 -1 -6.6207 764.9927 168.4973 835.2220 192.8340 1.4820 1.5915 3.9002 12.3293 0.6903 44.6822 -6.3579 -1.9283
Car -1 -1 -8.6663 1074.9425 204.4168 1237.0000 373.0000 1.3361 1.4516 3.7204 6.0498 1.5942 6.1666 -7.9171 -1.9730
Car -1 -1 -7.8940 1213.0430 159.3968 1237.0000 217.1715 1.5119 1.5727 3.7359 18.7198 0.9340 20.7431 -7.1711 -1.9793
Cyclist -1 -1 -4.8713 520.0738 168.1126 529.7867 188.3293 1.7532 0.5857 1.6598 -6.7030 0.5920 63.1729 -4.9815 -2.0123
Car -1 -1 -5.0555 378.9852 171.9557 433.9931 203.2397 1.5176 1.5560 3.6810 -10.0359 1.0548 36.7999 -5.3249 -2.0460
Pedestrian -1 -1 -6.0831 1189.0894 155.4187 1237.0000 265.0377 1.7745 0.6281 0.5829 10.2667 1.3530 12.0527 -5.3935 -2.0806
Pedestrian -1 -1 -8.0903 1084.2539 167.3940 1109.4009 218.2944 1.7461 0.6054 0.5422 17.2099 1.2626 25.0011 -7.4974 -2.0914
Car -1 -1 -5.7576 888.3707 160.4258 986.6951 193.9398 1.5503 1.6765 4.0882 16.4626 0.5757 35.3802 -5.3298 -2.0989
Car -1 -1 -5.2041 743.5432 167.7009 801.0057 194.3420 1.5138 1.6073 4.0257 10.1512 0.7299 42.9718 -4.9784 -2.1165
Car -1 -1 -5.4037 743.1703 162.6132 794.7619 186.1452 1.6898 1.6789 3.8345 12.4857 0.3335 53.6716 -5.1810 -2.1183
Pedestrian -1 -1 -7.2929 286.0719 172.7534 316.8308 233.7056 1.6947 0.5685 0.6061 -8.5118 1.4520 20.3177 -7.6904 -2.1420
Car -1 -1 -4.5613 671.6255 169.5816 701.1461 190.4268 1.5113 1.6249 4.2073 6.4788 0.6471 54.3229 -4.4480 -2.1852
Car -1 -1 -4.8179 425.3419 176.8736 457.1932 203.7069 1.7156 1.6401 4.0802 -10.7587 1.4198 48.1225 -5.0417 -2.1853
