Car -1 -1 -7.8534 587.7365 168.9806 638.4690 216.9978 1.5499 1.6379 4.4546 0.3702 1.1462 25.4218 -7.8441 2.7043
Car -1 -1 -7.4920 150.0557 186.4593 475.4047 373.0000 1.4606 1.5929 3.9642 -2.5236 1.5252 7.2531 -7.8220 2.6884
Car -1 -1 -7.7179 446.0259 176.2465 531.9739 245.7442 1.4774 1.5651 3.3817 -2.5923 1.3663 16.9754 -7.8725 2.6151
Car -1 -1 -7.7567 541.2903 165.2277 586.7657 205.8545 1.7377 1.7035 4.0758 -1.6588 1.0420 32.7973 -7.8118 2.3124
Car -1 -1 -7.9149 571.9678 169.7896 598.0121 192.3116 1.4992 1.5637 3.5507 -1.1572 0.7197 49.6548 -7.9430 -0.5457
Car -1 -1 -7.4573 403.1852 198.4436 479.3022 240.4887 1.3899 1.5572 3.5758 -5.9956 2.0759 27.1710 -7.6779 -0.5847
Car -1 -1 -7.9961 596.4160 168.3118 636.4923 199.9795 1.6862 1.6760 3.9566 0.7879 0.9841 40.3170 -7.9817 -0.8461
Cyclist -1 -1 -7.8018 0.0000 175.4559 12.6630 212.2069 1.6297 0.4014 1.6350 -27.0640 1.3619 32.6287 -8.4953 -1.5283
Car -1 -1 -4.8213 435.7545 167.0612 470.6489 197.1327 1.7546 1.6441 4.0571 -9.1380 0.9122 44.0968 -5.0294 -1.5509
Car -1 -1 -5.0250 919.9828 166.4132 971.0877 192.2841 1.5054 1.6139 4.0563 20.9622 0.6276 43.9130 -4.5869 -1.6976
Car -1 -1 -4.0411 909.9260 159.5251 994.8273 192.5012 1.6107 1.6483 4.2291 17.9576 0.5376 36.7520 -3.5944 -1.7315
Car -1 -1 -3.1016 589.8579 171.4515 649.3885 195.0526 1.4951 1.5871 3.7816 1.2030 0.8586 46.4131 -3.0808 -1.8075
Cyclist -1 -1 -5.4481 931.7333 161.5169 967.2703 200.7350 1.7168 0.5793 1.4869 15.5915 0.8423 32.2406 -5.0059 -1.8462
Car -1 -1 -4.4245 514.6323 174.4398 554.6222 197.1017 1.4583 1.6086 4.0699 -4.4393 1.0040 48.3759 -4.5205 -1.9319
Cyclist -1 -1 -5.8644 0.0000 174.3486 55.2327 236.0453 1.8450 0.6716 1.6800 -17.9124 1.6316 22.0245 -6.5465 -1.9346
Car -1 -1 -8.6965 943.6894 164.9189 1067.0529 210.1150 1.5477 1.6308 3.8703 14.8556 0.9803 26.6955 -8.1979 -1.9489
Car -1 -1 -6.3010 865.4585 158.2342 967.7786 198.4356 1.6765 1.6492 4.0053 13.7133 0.7066 31.4737 -5.8981 -1.9748
Cyclist -1 -1 -6.2867 927.6226 158.2994 971.4077 202.8572 1.8353 0.6660 1.6413 14.6179 0.8800 30.2367 -5.8447 -2.0071
Car -1 -1 -5.3736 1156.6935 174.4388 1237.0000 247.3322 1.4636 1.5542 3.8832 14.8406 1.3224 16.4089 -4.6515 -2.0182
Car -1 -1 -4.8061 665.8596 170.8023 694.8828 193.3103 1.5277 1.6373 4.0658 5.5528 0.8016 50.7973 -4.7027 -2.1235
Car -1 -1 -4.7988 644.1606 170.0503 673.7305 192.6447 1.5312 1.6988 4.1900 4.0350 0.7552 50.7851 -4.7248 -2.1361
Cyclist -1 -1 -3.3994 605.3754 166.0929 640.2230 201.8667 1.8887 0.6794 1.7479 1.1347 1.0755 38.4587 -3.3752 -2.1503
