Car -1 -1 -7.4486 68.8155 187.4421 459.8471 373.0000 1.4857 1.5947 3.9349 -2.5816 1.5567 6.5135 -7.8188 2.8208
Car -1 -1 -7.6768 429.6314 178.0239 525.2272 250.5329 1.4618 1.5499 3.3801 -2.7191 1.3923 16.1778 -7.8461 2.4552
Car -1 -1 -7.8781 583.4094 169.7080 638.2109 221.3584 1.6028 1.7028 4.5352 0.2156 1.2373 24.5762 -7.8746 2.2821
Car -1 -1 -7.7668 535.6653 169.9330 581.1332 208.9402 1.6251 1.7078 3.7421 -1.8633 1.1435 31.8177 -7.8298 2.1193
Car -1 -1 -4.5478 522.6841 173.6816 550.2771 192.4420 1.4681 1.6060 4.0553 -5.2105 0.8562 58.2939 -4.6414 -1.0697
Cyclist -1 -1 -7.7954 296.8607 175.7663 304.5857 203.4198 1.6930 0.3553 1.6486 -18.7520 1.3420 44.8131 -8.1946 -1.2032
Car -1 -1 -7.8723 602.8032 173.6376 633.0482 201.3718 1.4791 1.5946 3.7173 0.8796 1.0599 40.1691 -7.8556 -1.2054
Pedestrian -1 -1 -4.6737 1166.2808 146.2187 1229.3511 283.1976 1.8445 0.6678 0.7562 8.4009 1.3701 10.1769 -4.0015 -1.2573
Cyclist -1 -1 -3.1709 968.6174 162.1956 1016.7482 211.7192 1.7887 0.6409 1.5377 14.4287 1.0918 26.5725 -2.6827 -1.5645
Car -1 -1 -7.9466 564.5746 171.0191 593.2737 195.3869 1.5849 1.5841 3.6985 -1.5505 0.9033 48.6580 -7.9832 -1.6483
Cyclist -1 -1 -5.0023 978.1467 169.1390 1013.0110 223.5034 1.6447 0.5486 1.4528 12.2969 1.2712 22.4985 -4.5122 -1.7052
Car -1 -1 -5.9442 367.1287 198.2471 498.6217 246.4827 1.3824 1.5324 3.6581 -5.1885 1.9228 22.2063 -6.1766 -1.7244
Car -1 -1 -7.8292 1001.4810 161.7130 1040.5854 193.2987 1.5126 1.6361 3.9644 21.3481 0.5653 36.5192 -7.3083 -1.7458
Pedestrian -1 -1 -7.4589 1101.6190 170.8078 1134.7803 233.0630 1.6719 0.5779 0.5389 14.1220 1.3853 19.6799 -6.8479 -1.8483
Car -1 -1 -7.4735 622.7596 171.2653 668.6146 195.5923 1.5351 1.6413 4.0985 2.9835 0.8893 47.5315 -7.4161 -1.8748
Pedestrian -1 -1 -6.9876 946.8561 162.6300 967.5347 197.2424 1.7491 0.6596 0.6806 18.1659 0.7957 36.7037 -6.5358 -1.9323
Car -1 -1 -4.7741 412.6117 173.5271 447.5478 203.0924 1.5566 1.6224 4.0519 -9.5855 1.1370 39.9949 -5.0128 -1.9691
Car -1 -1 -2.8403 571.2590 176.0802 650.8663 204.4888 1.4491 1.5943 3.9161 0.5116 1.1728 37.9966 -2.8320 -2.0399
Car -1 -1 -4.7889 993.6998 162.0417 1026.2061 185.8179 1.5706 1.6194 3.9379 28.1570 0.2852 49.5777 -4.2795 -2.0892
Car -1 -1 -4.8215 661.4074 171.9800 692.5295 195.7189 1.4929 1.5976 3.7861 4.9159 0.8943 47.0763 -4.7230 -2.1221
Pedestrian -1 -1 -7.8558 936.5162 155.4328 959.5566 218.3309 1.8665 0.6186 0.5716 10.4370 1.0934 21.7066 -7.4175 -2.1277
Pedestrian -1 -1 -6.5549 369.3438 171.7322 386.2496 208.6756 1.7647 0.6419 0.6301 -10.8325 1.2984 34.7544 -6.8600 -2.1935
