Car -1 -1 -7.8522 511.0026 167.6137 586.9171 239.7987 1.5920 1.6769 4.5046 -1.3727 1.2863 18.1536 -7.9319 2.7047
Car -1 -1 -7.4327 98.3849 183.6360 420.5741 373.0000 1.4906 1.5851 3.5279 -3.1819 1.5185 7.3993 -7.8323 2.5438
Car -1 -1 -7.8016 590.7263 169.0906 629.6501 206.6549 1.5064 1.5108 2.7919 0.3872 1.0091 30.2451 -7.7939 1.9206
Car -1 -1 -7.6885 498.5984 165.4138 564.9818 217.4263 1.6669 1.6794 4.0207 -2.3673 1.1518 25.0842 -7.7867 1.0504
Car -1 -1 -7.7057 556.4382 166.3353 598.1514 197.8392 1.5433 1.6113 3.9719 -1.2049 0.8007 37.2532 -7.7428 -0.5202
Car -1 -1 -4.6284 189.9840 176.9684 227.1744 203.2239 1.5075 1.6461 4.1127 -23.7079 1.2474 43.4570 -5.1303 -1.0587
Car -1 -1 -8.2115 547.0198 164.8933 594.0602 190.9517 1.5366 1.6198 3.9173 -1.9586 0.5575 44.4789 -8.2601 -1.1993
Car -1 -1 -8.1382 509.3078 165.6980 568.6277 205.3868 1.6538 1.6444 3.6545 -2.8501 0.9957 31.9342 -8.2315 -1.2547
Car -1 -1 -3.7416 656.2863 170.3713 714.4396 192.3352 1.5294 1.6272 3.9258 6.0571 0.7544 51.6583 -3.6304 -1.7342
Car -1 -1 -6.5518 367.2555 174.1174 446.8152 200.9852 1.5184 1.6410 4.2480 -11.4500 1.1013 42.3860 -6.8191 -1.8073
Pedestrian -1 -1 -6.4200 145.0376 176.2287 176.5145 250.2645 1.6508 0.5205 0.5463 -10.0940 1.5338 16.3916 -6.9701 -1.8489
Car -1 -1 -4.6732 488.1813 169.4755 509.6115 188.4864 1.5622 1.6631 4.2662 -8.6812 0.5739 61.2377 -4.8183 -1.8733
Car -1 -1 -4.3602 353.6974 174.3561 393.0160 194.3318 1.5013 1.6397 4.0535 -17.7211 0.9643 56.0461 -4.6701 -1.9735
Pedestrian -1 -1 -7.7870 568.2372 165.3776 580.9557 194.9928 1.7495 0.7195 0.6315 -1.5946 0.7972 42.7606 -7.8289 -1.9867
Car -1 -1 -4.8823 709.6197 165.7213 738.4651 184.7091 1.5293 1.6757 4.0938 10.2094 0.2583 59.9071 -4.7190 -2.0044
Cyclist -1 -1 -5.0164 872.5258 164.4454 899.1561 205.6763 1.7057 0.6052 1.5384 12.0455 1.0005 30.5050 -4.6483 -2.0513
Pedestrian -1 -1 -5.0685 134.4255 172.6630 155.0894 209.6847 1.7256 0.5816 0.7979 -21.5996 1.3140 33.9554 -5.6366 -2.0735
Pedestrian -1 -1 -5.0465 1099.2258 150.2607 1133.6156 207.8651 1.7405 0.6342 0.7808 15.8508 0.7971 22.1666 -4.4363 -2.1647
Car -1 -1 -7.8897 190.9700 168.9330 219.0365 193.6604 1.8201 1.7226 4.1344 -30.4103 0.8950 55.0898 -8.3969 -2.1702
