Car -1 -1 -7.8572 514.0120 168.5887 588.0244 239.4239 1.5963 1.6710 4.5574 -1.3595 1.3059 18.5262 -7.9347 2.5851
Car -1 -1 -7.4293 104.6427 186.9741 417.8764 373.0000 1.4654 1.5815 3.4170 -3.2211 1.5361 7.4716 -7.8299 2.3559
Car -1 -1 -7.8112 589.7300 169.8070 626.4461 205.9828 1.4703 1.4702 2.2541 0.2913 0.9954 30.3556 -7.8067 1.5169
Car -1 -1 -7.7013 499.4044 166.7935 563.2465 217.3702 1.6583 1.6733 4.1281 -2.4393 1.1766 25.6591 -7.8002 1.1574
Cyclist -1 -1 -4.8105 1197.6931 143.8306 1237.0000 275.0392 1.7414 0.4604 1.7893 8.9982 1.2421 10.4031 -4.1150 -0.5566
Car -1 -1 -6.5037 572.0064 166.8816 659.5095 198.1177 1.5591 1.6911 4.2483 0.7083 0.8297 37.1187 -6.4897 -0.7550
Car -1 -1 -2.2744 230.6109 177.1992 295.5543 202.2669 1.5000 1.6072 3.7217 -20.9512 1.2428 44.4829 -2.7173 -1.1242
Pedestrian -1 -1 -2.5906 560.3428 167.3867 577.4772 195.8537 1.6930 0.7635 0.7420 -1.9547 0.8538 43.2345 -2.6405 -1.3266
Car -1 -1 -7.6266 630.6862 167.9951 670.7377 193.6929 1.5313 1.6505 4.0562 3.1369 0.7267 44.9843 -7.5623 -1.3649
Cyclist -1 -1 -2.7744 138.6284 175.4301 184.0861 215.4414 1.7841 0.6550 1.6284 -19.9114 1.5137 32.5016 -3.3255 -1.6473
Car -1 -1 -7.3403 565.3016 165.8578 620.9609 193.3304 1.6271 1.6527 4.1576 -0.4588 0.7008 44.7663 -7.3553 -1.6912
Car -1 -1 -7.6794 254.8081 177.2900 281.3443 194.2648 1.4887 1.5726 3.7004 -30.0896 1.1192 64.9879 -8.1164 -1.8117
Pedestrian -1 -1 -8.0660 974.4768 161.9743 1000.4299 214.9088 1.7504 0.6573 0.5682 12.9251 1.1051 24.1143 -7.5836 -1.8565
Car -1 -1 -4.3116 488.8804 172.1985 520.3812 188.4418 1.4971 1.6108 3.8396 -9.1265 0.6395 68.2684 -4.4488 -1.8804
Pedestrian -1 -1 -3.3528 173.4229 174.8171 200.8563 242.9746 1.6303 0.5140 0.4828 -10.1500 1.4710 17.5346 -3.8763 -1.9823
Car -1 -1 -8.0858 364.3211 176.2297 406.2385 201.2525 1.4602 1.5970 3.8573 -13.2704 1.1527 43.9851 -8.3822 -2.1581
Cyclist -1 -1 -7.6926 650.5302 168.6845 659.7156 195.1376 1.5742 0.3240 1.5235 3.2589 0.8116 43.5249 -7.6232 -2.1847
