Car -1 -1 -7.8808 552.4068 173.4734 604.3245 223.8606 1.5772 1.6241 4.3836 -0.8971 1.3264 24.7270 -7.9219 2.5300
Car -1 -1 -7.5918 337.3127 183.7725 482.4327 284.2914 1.4827 1.5634 3.4260 -3.1771 1.5280 12.3946 -7.8433 2.4793
Car -1 -1 -7.7335 528.3445 172.0183 569.7744 207.6322 1.5963 1.5529 3.5986 -2.4427 1.1716 34.0288 -7.8097 1.6854
Car -1 -1 -7.8246 593.4999 172.6107 621.8469 201.7762 1.4943 1.4459 2.2198 0.3442 1.0391 37.9375 -7.8206 0.9810
Car -1 -1 -4.5628 496.3969 175.2157 524.6851 196.4540 1.4778 1.5234 3.5780 -6.5046 1.0405 51.7879 -4.6921 0.5552
Car -1 -1 -7.2328 0.0000 209.5593 237.3002 373.0000 1.4810 1.5587 3.7160 -2.6196 1.6473 2.2653 -8.0431 0.3396
Pedestrian -1 -1 -7.9397 849.3483 165.0273 869.6508 212.9744 1.7564 0.6585 0.5571 9.5514 1.1533 26.6650 -7.6040 -0.1285
Pedestrian -1 -1 -7.5701 0.0000 179.9821 24.0367 229.6465 1.7950 0.6309 0.8282 -21.8297 1.7405 26.4679 -8.2600 -1.0129
Car -1 -1 -4.5638 362.1038 174.9589 408.1863 209.2083 1.6352 1.6694 4.0382 -10.9052 1.3231 36.4139 -4.8579 -1.2840
Car -1 -1 -4.7270 436.2934 175.4807 462.8539 200.0790 1.5878 1.6731 4.3501 -10.3173 1.1993 48.6763 -4.9397 -1.8528
Car -1 -1 -7.6608 534.8387 171.8389 577.3734 202.9697 1.6388 1.6431 3.9687 -2.4657 1.1304 39.8876 -7.7271 -1.9464
Car -1 -1 -5.0173 0.0000 180.0659 37.4962 211.9361 1.4721 1.6009 3.9332 -29.2074 1.4061 34.9118 -5.7153 -1.9480
Car -1 -1 -5.7602 642.3458 173.5963 737.4581 209.3628 1.4771 1.5818 3.8519 3.8229 1.1510 31.4478 -5.6453 -1.9966
Car -1 -1 -7.9327 467.0846 174.3408 490.9418 193.2655 1.5320 1.6387 4.0632 -10.2838 0.9523 60.3225 -8.1058 -2.0133
Car -1 -1 -6.9555 764.7678 168.7790 842.7536 195.9253 1.5070 1.6400 4.2446 11.6820 0.8009 41.4655 -6.6875 -2.0445
Pedestrian -1 -1 -4.1727 1053.2008 149.6538 1096.6111 243.8256 1.8710 0.5858 0.4615 9.6022 1.2389 14.6371 -3.6055 -2.1859
