Car -1 -1 -7.8413 587.6590 174.8333 633.7319 220.0738 1.5893 1.6194 4.3709 0.3434 1.3555 27.4358 -7.8340 2.6681
Car -1 -1 -7.7343 533.2768 172.6483 577.2000 209.1623 1.6275 1.6324 3.9725 -2.1424 1.2332 34.0429 -7.8018 2.5811
Car -1 -1 -7.6408 382.0131 183.6929 505.9226 275.1378 1.5113 1.6126 3.3541 -2.8858 1.5586 13.6314 -7.8512 2.5242
Car -1 -1 -7.2412 0.0000 194.5464 395.7099 373.0000 1.5628 1.6489 4.0809 -2.6121 1.6701 3.8005 -7.8195 1.7270
Car -1 -1 -7.9160 558.8025 174.5562 586.5058 200.3859 1.6541 1.5893 3.8361 -1.9501 1.2095 47.9939 -7.9615 0.0312
Car -1 -1 -4.4209 429.1719 178.2852 487.6810 212.2547 1.4371 1.5604 3.8364 -6.3846 1.3014 32.3714 -4.6192 -0.0717
Cyclist -1 -1 -5.2095 646.7539 174.9174 677.6270 215.5989 1.6410 0.6156 1.5226 2.4894 1.3758 29.7973 -5.1321 -1.1579
Car -1 -1 -7.8189 342.6447 175.0201 385.1048 213.2309 1.5724 1.6512 3.9863 -10.4374 1.3061 31.7046 -8.1395 -1.4102
Car -1 -1 -7.8103 606.0815 172.6779 634.0303 199.4162 1.6542 1.6576 3.9818 1.2482 1.1085 46.4819 -7.7886 -1.4239
Pedestrian -1 -1 -8.3211 478.4444 174.6962 490.0063 198.9053 1.8045 0.5031 0.9029 -8.8053 1.2973 54.0566 -8.4868 -1.4271
Cyclist -1 -1 -6.5071 862.6113 163.8096 905.0712 204.6646 1.8360 0.6644 1.6917 12.8400 1.0413 32.7301 -6.1410 -1.5508
Pedestrian -1 -1 -5.1489 1019.0439 226.2993 1176.1517 373.0000 1.3245 0.4642 0.3867 2.1941 1.5443 3.2937 -4.6031 -1.6066
Car -1 -1 -4.8120 630.4880 171.4919 657.4943 193.9962 1.6763 1.6495 4.2081 3.2769 0.9307 55.6458 -4.7584 -1.6828
Car -1 -1 -7.8251 584.7637 165.5437 604.2911 189.8693 2.2811 1.7886 4.3859 -0.6000 0.7845 69.5668 -7.8387 -1.7286
Cyclist -1 -1 -7.7242 0.3950 173.0428 15.7592 209.9504 1.6132 0.3369 1.5390 -26.5546 1.2438 32.1390 -8.4157 -1.7332
Car -1 -1 -4.4807 653.5337 177.5439 712.4926 213.8401 1.4690 1.6587 4.1868 3.6104 1.3092 31.3222 -4.3721 -1.8698
Car -1 -1 -7.7352 574.8430 173.8616 599.3031 193.1617 1.5547 1.6053 3.9254 -1.1403 0.9393 59.8962 -7.7591 -1.9297
Car -1 -1 -3.8614 654.8037 174.2449 707.7682 193.9141 1.4939 1.6190 4.0884 6.3085 0.9428 56.3982 -3.7555 -1.9417
Cyclist -1 -1 -7.8357 284.7489 179.2851 290.1550 203.0938 1.6456 0.3259 1.5546 -22.0285 1.4925 50.4301 -8.2506 -2.0274
Car -1 -1 -4.5073 74.7263 189.9476 115.1432 213.5009 1.5312 1.5947 3.7128 -35.3050 2.1449 50.1671 -5.1232 -2.0482
Car -1 -1 -7.4365 467.3582 174.0278 507.9848 197.1517 1.7316 1.6476 4.0289 -8.7920 1.1719 55.9485 -7.5967 -2.0694
Car -1 -1 -7.1436 89.3323 179.0798 170.9705 209.7533 1.6004 1.6330 3.8648 -25.8170 1.4743 39.5006 -7.7245 -2.0971
Car -1 -1 -4.5889 207.7394 190.8944 250.4879 220.7056 1.4197 1.5533 3.6048 -19.3356 1.9347 37.4031 -5.0683 -2.1020
Car -1 -1 -3.9247 756.6209 171.6052 815.4284 195.6112 1.4562 1.5384 3.5319 11.6132 0.8561 45.1395 -3.6793 -2.1525
Pedestrian -1 -1 -8.3080 1215.4290 161.8858 1237.0000 224.4166 1.7527 0.5907 0.5764 17.9951 1.2034 20.4875 -7.5987 -2.1817
