Car -1 -1 -7.6736 403.0098 184.5372 507.2881 263.9818 1.4606 1.5546 3.3712 -2.9786 1.5319 15.0354 -7.8714 2.3756
Car -1 -1 -7.7610 539.4062 175.6880 578.0055 209.4535 1.6557 1.6664 3.7830 -2.1669 1.3709 37.1387 -7.8240 2.2837
Car -1 -1 -7.8050 579.7272 174.6356 626.3273 218.6034 1.6114 1.6599 4.4773 0.1143 1.3602 28.6022 -7.8062 1.9960
Car -1 -1 -7.3060 0.0000 200.1827 378.2585 373.0000 1.4971 1.6006 4.0241 -2.6988 1.6556 4.0377 -7.8732 1.2016
Car -1 -1 -4.5260 494.3112 178.5972 530.0311 203.6928 1.5225 1.6190 3.5951 -5.5967 1.3464 45.4213 -4.6530 0.9864
Car -1 -1 -3.9652 0.0000 194.1281 135.2773 373.0000 1.4375 1.5618 3.6599 -6.6932 1.5968 7.1862 -4.7028 0.5885
Car -1 -1 -3.4576 786.7184 170.4679 878.4521 200.8124 1.5188 1.6284 4.1693 11.7819 0.9669 36.7962 -3.1548 -0.8032
Pedestrian -1 -1 -8.5429 894.7977 161.7434 913.1770 191.2159 1.8355 0.7851 0.7215 19.0367 0.6051 45.1957 -8.1513 -1.1464
Car -1 -1 -8.2144 444.2536 178.3676 487.2986 200.8684 1.5257 1.6956 3.9376 -9.6242 1.3133 50.8299 -8.4056 -1.2066
Cyclist -1 -1 -4.8928 614.8824 173.9322 628.6311 202.2079 1.6973 0.5783 1.4577 1.2370 1.2431 43.8844 -4.8699 -1.2646
Car -1 -1 -4.3813 342.7320 182.3450 383.5014 204.2831 1.4854 1.5596 3.9120 -16.7697 1.5474 50.7498 -4.7039 -1.5143
Car -1 -1 -4.9083 745.8150 167.8590 782.0495 193.6366 1.6884 1.6438 3.9570 11.0534 0.7949 49.0430 -4.6928 -1.5472
Cyclist -1 -1 -6.8206 639.0886 169.5765 665.5977 197.0949 1.8453 0.6808 1.6898 3.4730 1.0457 48.8556 -6.7550 -1.6354
Car -1 -1 -8.1763 599.5443 173.4513 645.0092 199.2677 1.5614 1.6790 4.0022 1.2750 1.0747 45.6061 -8.1535 -1.8194
Car -1 -1 -3.9285 657.3475 175.1814 710.7620 196.7375 1.4844 1.5814 3.7915 5.9309 1.0493 51.2705 -3.8189 -1.8395
Pedestrian -1 -1 -3.4518 1036.6737 153.2248 1052.3065 207.3840 1.8066 0.4828 0.3118 14.9168 0.8639 24.2330 -2.9098 -1.8404
Car -1 -1 -7.7818 571.8064 176.5216 593.9321 194.7211 1.4807 1.6003 3.9680 -1.5065 1.0755 60.4598 -7.8115 -1.9758
Car -1 -1 -7.3896 310.3011 181.6559 360.8640 205.0120 1.5561 1.6774 4.0436 -18.4210 1.5674 49.9854 -7.7461 -2.0148
Cyclist -1 -1 -4.7402 1045.3079 160.4333 1062.1719 199.5688 1.7594 0.5986 1.5694 20.8325 0.8126 33.1227 -4.1873 -2.0489
Car -1 -1 -4.3332 660.0605 175.3314 703.6264 198.7959 1.4617 1.5641 3.7360 5.2799 1.0775 46.7654 -4.2264 -2.1070
Car -1 -1 -5.0732 709.3357 172.2383 752.5385 196.5271 1.5324 1.5790 3.6725 8.4797 0.9482 47.2738 -4.9016 -2.1109
Car -1 -1 -3.3989 521.4348 176.7942 585.1469 201.4852 1.5480 1.6165 3.8190 -3.1120 1.2531 46.4182 -3.4705 -2.1211
Car -1 -1 -2.7699 341.1103 180.2666 431.1001 208.7923 1.5325 1.6875 4.4451 -11.8348 1.4664 39.6057 -3.0636 -2.1244
Car -1 -1 -8.1022 753.6151 169.9023 795.9493 195.3054 1.5176 1.6544 3.8066 10.7667 0.8249 44.8328 -7.8728 -2.1256
Pedestrian -1 -1 -6.9621 181.4661 174.5660 205.8287 211.4352 1.8276 0.6773 0.8231 -20.5071 1.4841 36.1154 -7.4805 -2.1961
