Car -1 -1 -7.6579 400.7338 184.1303 508.4995 264.1983 1.4798 1.5724 3.4630 -3.0008 1.5421 15.1227 -7.8560 2.6217
Car -1 -1 -7.8987 571.9139 176.4283 620.3021 220.8578 1.5847 1.6408 4.3301 -0.2989 1.4042 27.8321 -7.9146 2.3804
Car -1 -1 -4.3664 278.8255 184.6693 399.4717 257.9065 1.5159 1.5485 3.4709 -6.0096 1.5980 16.7548 -4.7113 2.1966
Car -1 -1 -7.2396 0.0000 192.1758 373.1126 373.0000 1.5856 1.6220 4.0087 -2.7205 1.6722 3.7626 -7.8408 1.6006
Car -1 -1 -7.7801 542.3170 176.5856 578.8938 209.0250 1.6128 1.6478 3.9767 -2.1003 1.3687 37.7135 -7.8405 1.5260
Car -1 -1 -7.7946 600.2571 178.1482 630.0107 204.4843 1.4957 1.5755 3.6072 0.8496 1.3055 42.6530 -7.7799 -0.7155
Pedestrian -1 -1 -7.7352 1215.3446 148.2836 1237.0000 225.0558 1.7767 0.4880 0.3361 14.7649 1.0085 16.9169 -7.0303 -1.2204
Cyclist -1 -1 -3.2414 172.6958 177.4759 211.0473 211.1035 1.8157 0.5836 1.7846 -22.5425 1.5986 39.5429 -3.7617 -1.2739
Car -1 -1 -7.9202 120.2640 184.8122 163.0119 215.3797 1.5066 1.6301 3.9480 -24.3136 1.6912 37.9231 -8.4923 -1.4153
Car -1 -1 -8.1115 777.4102 170.5463 829.3631 201.7590 1.5526 1.6319 3.9780 10.5275 1.0080 37.7275 -7.8462 -1.5233
Pedestrian -1 -1 -8.0876 780.3618 168.6974 794.6088 199.9980 1.7445 0.6368 0.6535 10.4486 1.0311 40.3667 -7.8409 -1.5440
Car -1 -1 -7.3600 641.4249 176.6991 693.6588 203.1691 1.4948 1.5555 3.6351 3.9520 1.2238 42.5121 -7.2729 -1.5899
Cyclist -1 -1 -4.7407 903.3085 165.1183 916.9322 197.4187 1.8097 0.6568 1.6161 17.6592 0.8920 41.1185 -4.3423 -1.5999
Pedestrian -1 -1 -2.3890 429.6691 177.3483 444.7188 208.0227 1.7596 0.6608 0.5472 -9.5182 1.5216 41.6305 -2.6175 -1.6167
Pedestrian -1 -1 -3.9906 220.2162 178.8186 257.2722 231.6646 1.7812 0.6876 0.9463 -12.5154 1.6912 24.7554 -4.4597 -1.6460
Pedestrian -1 -1 -4.2298 1027.3232 164.2187 1069.4597 241.6698 1.7750 0.5614 0.7541 10.4757 1.3795 16.8983 -3.6870 -1.7547
Car -1 -1 -4.5825 261.9255 182.1051 302.0465 210.2516 1.5751 1.6419 4.3073 -18.8776 1.6130 42.5939 -5.0025 -1.7598
Car -1 -1 -4.5030 543.7687 177.1677 581.9783 203.9388 1.5861 1.6164 3.8741 -2.3433 1.3295 44.5951 -4.5602 -1.9389
Pedestrian -1 -1 -8.2327 889.2930 158.5278 916.9332 215.9391 1.8880 0.7085 0.5033 9.9957 1.1330 23.8775 -7.8452 -1.9718
Car -1 -1 -6.2855 35.4712 186.7248 145.9919 225.9705 1.5170 1.5844 3.6752 -21.2202 1.7474 29.9332 -6.9032 -1.9840
Pedestrian -1 -1 -5.1161 0.0000 184.5334 14.6163 231.1110 1.7663 0.5510 0.8350 -23.2195 1.8856 27.7319 -5.8137 -2.0001
Pedestrian -1 -1 -8.0001 295.1060 178.3399 308.7781 206.7248 1.8017 0.7319 0.5704 -19.1865 1.6012 46.0299 -8.3981 -2.0177
Cyclist -1 -1 -5.2413 977.1453 165.3945 1021.3845 219.6552 1.7037 0.5352 1.5479 12.8732 1.1985 23.3373 -4.7471 -2.0287
Car -1 -1 -4.5676 189.7673 178.2528 227.3961 203.6578 1.6293 1.6518 4.1396 -26.3462 1.4211 48.2962 -5.0697 -2.0575
Pedestrian -1 -1 -5.1818 688.3140 194.8136 711.1172 244.6614 1.1622 0.3975 0.4037 2.3064 1.4852 17.1420 -5.0555 -2.0870
Cyclist -1 -1 -8.2722 788.2169 169.0263 812.7108 203.4399 1.6843 0.5867 1.5640 9.9459 1.0741 35.9762 -8.0093 -2.0949
Car -1 -1 -6.0108 190.5056 185.0568 277.1073 212.5855 1.5037 1.6488 4.0860 -20.7933 1.7117 40.7678 -6.4849 -2.1629
