Car -1 -1 -7.8317 552.6132 171.9633 604.2532 222.5990 1.6104 1.6426 4.4798 -0.7918 1.3075 25.0971 -7.8681 2.7202
Car -1 -1 -7.6088 344.4152 183.4696 483.7527 281.7823 1.4859 1.5707 3.4092 -3.1723 1.5257 12.6304 -7.8556 2.3748
Car -1 -1 -7.7797 530.2623 172.0804 568.7741 206.9209 1.5761 1.5809 3.7691 -2.4462 1.1502 34.3808 -7.8552 1.3092
Car -1 -1 -7.8602 595.1476 171.9073 622.4435 200.7068 1.4906 1.4129 2.2938 0.3713 0.9943 38.3283 -7.8556 1.3016
Car -1 -1 -4.5476 500.0051 175.2263 530.4696 195.7136 1.4907 1.6759 3.9643 -6.4553 1.0341 54.2818 -4.6704 0.3633
Car -1 -1 -7.1348 0.0000 207.9679 271.5048 373.0000 1.4965 1.5819 3.8461 -2.6589 1.6562 2.3286 -7.9402 0.2607
Car -1 -1 -4.7952 536.1208 172.4610 569.9823 201.9744 1.5844 1.5890 3.5647 -2.7660 1.0993 40.4476 -4.8681 -1.4080
Car -1 -1 -7.8190 474.6785 175.2364 495.3445 193.3505 1.4938 1.6223 3.9854 -9.8811 0.9771 61.3199 -7.9831 -1.5099
Car -1 -1 -4.8402 203.1453 178.2324 248.4377 209.7419 1.5865 1.6280 3.9906 -20.0544 1.4222 38.2675 -5.3252 -1.5779
Car -1 -1 -3.4428 339.3862 174.1383 423.7747 204.4465 1.6117 1.6545 4.1998 -12.2373 1.2204 40.0683 -3.7424 -1.6199
Pedestrian -1 -1 -6.4538 843.9124 163.4697 863.3599 210.9755 1.7903 0.7113 0.5829 9.6166 1.1112 27.4686 -6.1251 -1.6488
Car -1 -1 -7.8186 292.3244 186.0087 336.4827 225.2038 1.4298 1.5150 3.4780 -11.3629 1.6211 28.5317 -8.1997 -1.7168
Car -1 -1 -3.6485 12.0285 188.0443 127.9257 224.1422 1.4747 1.5680 3.9118 -23.7304 1.7876 32.2129 -4.2847 -1.7277
Car -1 -1 -5.7055 0.0000 187.8656 60.0894 232.3539 1.5230 1.6227 3.7392 -22.1040 1.7625 25.9341 -6.4115 -1.9920
Cyclist -1 -1 -3.0519 37.6656 177.1558 89.0689 219.6756 1.7670 0.5542 1.7081 -22.8660 1.5867 30.5361 -3.6956 -2.0104
Cyclist -1 -1 -2.0833 196.1524 175.8985 227.9341 211.9254 1.8101 0.6631 1.7366 -19.9784 1.5289 36.8326 -2.5823 -2.0746
Car -1 -1 -4.9016 1100.8220 166.0697 1139.5741 187.4213 1.5121 1.5712 3.9441 38.2283 0.4193 52.9932 -4.2839 -2.0943
Car -1 -1 -8.6121 705.7269 168.9789 770.6616 196.6175 1.5841 1.6483 3.8199 8.1779 0.8666 43.2228 -8.4311 -2.0966
Cyclist -1 -1 -7.6159 845.6750 167.9514 872.0701 217.6620 1.6971 0.4906 1.7718 9.0893 1.2349 25.4006 -7.2807 -2.0995
Pedestrian -1 -1 -3.1136 10.8339 177.2087 37.9962 225.2373 1.7794 0.6262 0.7832 -21.7813 1.6208 27.0990 -3.7910 -2.1122
Car -1 -1 -3.6088 986.7224 158.3979 1088.0490 190.5741 1.5276 1.6119 3.9211 21.1901 0.4311 35.0428 -3.0732 -2.1350
Car -1 -1 -4.6618 440.7299 174.9320 467.5924 198.9445 1.5755 1.6182 4.1008 -10.0537 1.1446 49.2813 -4.8670 -2.1459
Car -1 -1 -4.6785 618.6944 174.5531 645.3487 198.3662 1.4671 1.6053 3.9462 2.0115 1.0392 46.2805 -4.6403 -2.1518
Pedestrian -1 -1 -7.1121 1032.4200 152.4068 1077.2322 240.0738 1.8285 0.6336 0.5058 9.6462 1.2223 15.3574 -6.5641 -2.1790
Pedestrian -1 -1 -5.4188 170.2551 174.5345 188.9043 206.3242 1.7922 0.6867 0.6074 -24.0307 1.3996 40.9204 -5.9520 -2.1889
