Car -1 -1 -7.7804 485.1193 172.1061 574.1927 254.3607 1.5790 1.6590 4.1090 -1.4954 1.3992 15.8633 -7.8783 2.5218
Car -1 -1 -7.4714 178.6062 184.5690 450.9264 354.9143 1.4642 1.5558 3.4464 -2.9171 1.5065 7.9878 -7.8172 2.3914
Car -1 -1 -7.8119 600.0334 171.6055 642.7967 215.2161 1.5013 1.4616 2.3185 0.7302 1.1611 25.9336 -7.7891 1.9489
Car -1 -1 -7.7032 567.7455 173.1499 611.8534 205.6095 1.4449 1.5403 3.8810 -0.5072 1.0735 34.0004 -7.7230 1.2838
Car -1 -1 -7.6745 526.2699 169.2892 581.0317 213.5138 1.6304 1.5508 3.6231 -1.8424 1.1806 28.3686 -7.7439 0.2030
Car -1 -1 -4.5076 487.2827 169.3029 572.3046 230.6060 1.6539 1.7296 4.1845 -2.0622 1.3253 21.5511 -4.6071 -0.4503
Cyclist -1 -1 -7.9475 199.0940 177.5358 207.5209 203.1268 1.6717 0.3370 1.5865 -26.4179 1.4128 47.6729 -8.4562 -1.0205
Pedestrian -1 -1 -3.9490 1082.0972 156.0848 1112.2290 211.0345 1.8213 0.6171 0.5610 16.6486 0.9794 24.1708 -3.3560 -1.1121
Car -1 -1 -8.3363 666.3800 170.5694 711.6578 191.5824 1.5293 1.7022 4.0503 6.6092 0.7337 54.4735 -8.2211 -1.1555
Car -1 -1 -4.8420 332.9522 176.0829 384.3268 213.1416 1.5409 1.6315 4.1345 -10.9122 1.3159 32.0822 -5.1724 -1.7498
Car -1 -1 -7.6008 485.7453 171.1989 515.2720 190.7327 1.5701 1.5784 3.6526 -8.3193 0.7420 59.6421 -7.7437 -1.7802
Car -1 -1 -5.1050 332.9905 174.3139 398.8765 209.2509 1.6169 1.6475 4.0225 -11.6302 1.2846 35.3053 -5.4261 -1.8070
Pedestrian -1 -1 -4.9877 821.4577 175.6904 838.8409 215.9805 1.5196 0.5153 0.4819 8.6796 1.3008 27.3396 -4.6882 -1.8636
Cyclist -1 -1 -6.3926 792.0135 163.8399 825.4410 198.8056 1.8800 0.7100 1.6761 11.2699 0.9307 39.1105 -6.1188 -1.9549
Pedestrian -1 -1 -8.0823 968.3317 165.6905 991.9029 214.3014 1.7764 0.6317 0.6727 14.0214 1.1991 26.6542 -7.6071 -1.9671
Car -1 -1 -6.9258 14.5968 0.0000 1237.0000 373.0000 1.5439 1.5820 3.5307 -2.2408 1.6385 1.6848 -7.7885 -1.9785
Pedestrian -1 -1 -3.4735 1007.9761 164.2760 1036.2097 220.0263 1.6907 0.5634 0.5943 12.9151 1.1688 22.1163 -2.9552 -1.9910
Car -1 -1 -6.3137 0.0000 0.0000 1237.0000 373.0000 1.5656 1.6304 3.9201 -3.8063 1.6685 2.0205 -7.3504 -2.0168
Car -1 -1 -4.4803 762.9464 160.6697 808.9738 193.7378 1.7710 1.6507 4.0922 10.4900 0.6556 40.6680 -4.2343 -2.0584
Car -1 -1 -7.8906 71.1718 180.5245 112.6238 212.1630 1.5367 1.5870 3.7757 -26.1898 1.4895 36.8691 -8.5099 -2.0774
Pedestrian -1 -1 -5.8660 275.9820 175.3847 289.5074 202.2074 1.7830 0.6720 0.6096 -21.3224 1.3765 48.0865 -6.2864 -2.1692
