Car -1 -1 -7.4902 178.7049 188.2845 443.2035 357.2978 1.4575 1.5464 3.4465 -2.9966 1.5507 8.0662 -7.8415 2.5715
Car -1 -1 -7.8508 502.0569 172.8329 583.8402 250.4667 1.5849 1.6724 4.3855 -1.4220 1.4086 16.9209 -7.9388 2.3534
Car -1 -1 -7.8404 600.1829 173.6402 639.7468 213.9070 1.4913 1.4661 2.2418 0.7005 1.2006 27.7482 -7.8205 1.7016
Car -1 -1 -4.3451 309.6224 181.8061 419.7790 236.6796 1.4480 1.6918 4.1390 -6.8262 1.4583 21.0888 -4.6598 1.5241
Car -1 -1 -7.7133 499.4269 171.2179 568.4474 227.7356 1.6427 1.6771 3.7988 -2.0831 1.3443 22.8136 -7.8085 0.7646
Car -1 -1 -7.8554 575.1141 173.9083 610.4775 206.4420 1.4826 1.6122 4.1845 -0.4480 1.1369 34.8418 -7.8732 0.4716
Car -1 -1 -7.7681 524.5537 172.2111 571.7153 213.9460 1.5863 1.6145 3.6904 -2.1226 1.2336 29.1562 -7.8452 -0.7197
Cyclist -1 -1 -4.6592 405.9675 175.0299 418.6970 207.9817 1.6323 0.5537 1.4460 -9.5708 1.3120 36.3476 -4.9200 -0.9909
Car -1 -1 -4.5149 61.8692 180.2465 110.7035 207.2322 1.5357 1.6052 4.1600 -30.8352 1.4645 43.1040 -5.1380 -1.3149
Pedestrian -1 -1 -2.7063 203.6468 177.2753 209.7424 199.5087 1.7941 0.4697 0.2606 -31.9626 1.4530 58.2077 -3.2115 -1.3342
Car -1 -1 -7.3070 115.2170 174.6891 184.7734 203.1445 1.5762 1.6377 3.9040 -26.1463 1.1991 41.7537 -7.8686 -1.4867
Pedestrian -1 -1 -5.7600 569.4666 174.5296 581.6996 199.0300 1.7421 0.7972 0.5561 -1.8406 1.2465 51.5604 -5.8005 -1.5804
Car -1 -1 -4.4745 436.6502 175.2514 476.7680 199.6318 1.5091 1.6610 4.0169 -9.3079 1.1224 46.5017 -4.6759 -1.7123
Pedestrian -1 -1 -7.8353 232.4344 176.8954 246.9743 210.6017 1.7349 0.6650 0.9150 -18.9006 1.4981 37.5301 -8.3041 -1.9031
Pedestrian -1 -1 -7.6189 180.2714 180.3073 196.2690 211.0597 1.7146 0.6371 0.7047 -23.2810 1.6483 40.4798 -8.1431 -1.9346
Car -1 -1 -7.8070 935.3599 158.7150 977.7947 193.2976 1.5421 1.6567 3.9784 16.9235 0.5264 34.1746 -7.3551 -1.9705
Cyclist -1 -1 -4.3037 662.1292 169.5057 686.6006 205.4716 1.7174 0.6381 1.5437 3.5648 1.1449 35.1309 -4.2084 -1.9758
Car -1 -1 -7.3134 575.8627 164.9998 617.4716 185.1647 1.6865 1.6714 4.2595 -0.3440 0.3063 62.3392 -7.3237 -2.0157
Pedestrian -1 -1 -7.8847 1185.7430 158.7859 1224.4015 241.6663 1.7687 0.6205 0.6276 13.1991 1.2846 15.7675 -7.2010 -2.0504
Car -1 -1 -4.8340 550.3141 174.3174 585.4137 201.8601 1.5280 1.5725 3.7593 -1.9983 1.1297 41.8388 -4.8864 -2.0593
Car -1 -1 -4.3611 320.2454 179.1498 362.1466 200.8920 1.5277 1.6439 3.9054 -18.9225 1.3626 52.4285 -4.7109 -2.0599
Car -1 -1 -4.5013 741.0253 169.6220 778.7111 194.3738 1.5017 1.5829 3.8900 10.1175 0.7811 45.6799 -4.2895 -2.0705
Car -1 -1 -7.8268 110.9514 173.7583 138.1251 196.7153 1.7312 1.6795 4.0161 -37.3280 1.1473 56.3174 -8.4149 -2.1189
Car -1 -1 -6.1268 923.3550 151.8735 1000.5807 180.2111 1.5595 1.6049 3.7846 20.7733 -0.0774 41.4390 -5.6694 -2.1302
Cyclist -1 -1 -8.5511 920.4695 165.7716 966.6442 213.1176 1.7287 0.6593 1.6472 12.8661 1.1548 27.1093 -8.1168 -2.1790
