Pedestrian -1 -1 -5.1752 680.2009 148.5927 725.1790 241.2722 1.6986 0.5709 0.7412 1.7962 1.1142 13.4020 -5.0431 1.1211
Pedestrian -1 -1 -4.9798 619.6647 141.1480 665.5563 242.6873 1.7723 0.6470 0.7634 0.6221 1.0858 12.7839 -4.9303 0.5742
Pedestrian -1 -1 -5.2503 738.3819 139.8178 825.2152 300.8091 1.8130 0.6231 0.9157 2.0490 1.3553 8.4931 -5.0200 0.5561
Pedestrian -1 -1 -5.0090 561.5528 136.4893 612.8412 245.2102 1.8607 0.6704 0.9378 -0.3791 1.1079 12.6520 -5.0361 -0.6044
Pedestrian -1 -1 -4.2515 360.7621 148.5194 393.0339 201.7429 1.7846 0.7065 0.9398 -7.8397 0.7126 24.2267 -4.5585 -0.6311
Pedestrian -1 -1 -4.7372 412.6153 142.4439 430.3584 193.1338 1.8928 0.6335 0.9728 -7.0309 0.4720 26.9562 -4.9873 -0.8859
Pedestrian -1 -1 -3.9459 338.7573 149.7674 364.5864 193.1843 1.8567 0.7057 0.7916 -11.0359 0.5426 30.7434 -4.2852 -0.8973
Car -1 -1 -8.0345 375.8964 165.4549 418.3853 194.6030 1.5138 1.6090 3.6506 -11.4337 0.7326 38.7136 -8.3176 -1.2876
Pedestrian -1 -1 -8.0180 381.8756 142.0408 403.3339 192.7912 1.9419 0.6962 0.7057 -8.2997 0.4706 27.5243 -8.3055 -1.3017
Pedestrian -1 -1 -7.9880 295.7665 137.5948 323.1574 202.1161 1.8990 0.6683 0.7715 -8.9481 0.6365 21.3111 -8.3780 -1.3399
Pedestrian -1 -1 -7.6702 501.0191 147.7174 515.8207 186.4656 1.8387 0.5963 0.6340 -4.6458 0.2833 33.8827 -7.8031 -1.4436
Pedestrian -1 -1 -6.8361 477.9304 148.1779 500.6660 187.6081 1.8846 0.6894 0.8554 -5.6383 0.3399 34.3342 -6.9953 -1.4494
Pedestrian -1 -1 -7.8773 239.5895 156.0826 261.0104 205.6455 1.7464 0.6751 0.6700 -12.7597 0.8863 25.3673 -8.3363 -1.4937
Car -1 -1 -2.9126 0.0000 153.3208 43.2360 195.0500 1.5237 1.5642 3.7289 -24.3068 0.5315 27.3836 -3.6307 -1.6007
Pedestrian -1 -1 -7.7288 106.0349 144.7624 163.1508 260.3935 1.8229 0.6652 0.9473 -7.8222 1.2599 11.7176 -8.3029 -1.6616
Car -1 -1 -2.6061 0.0000 161.0433 59.6651 195.4973 1.5707 1.6387 3.8576 -28.3810 0.6839 33.3546 -3.3044 -1.7413
Cyclist -1 -1 -2.7345 397.4452 157.0034 441.5233 200.1695 1.7631 0.6220 1.6577 -7.7126 0.8036 29.3144 -2.9872 -1.7903
Car -1 -1 -2.1351 106.1005 162.5318 274.0469 228.4598 1.5009 1.6627 4.2305 -10.5252 1.0922 17.8149 -2.6589 -1.8233
Cyclist -1 -1 -2.9235 247.4667 153.7032 300.3288 203.5008 1.7902 0.6044 1.6612 -12.1372 0.8271 25.8895 -3.3551 -1.8607
Pedestrian -1 -1 -8.0177 403.6254 161.4103 416.8445 191.0996 1.8450 0.7041 0.6554 -12.2340 0.6588 44.3820 -8.2829 -1.9130
Car -1 -1 -7.5053 384.8528 168.6343 443.6888 199.8788 1.4640 1.6173 3.7646 -9.4066 0.9082 35.0780 -7.7632 -2.0455
Car -1 -1 -3.9434 270.0394 163.0576 408.2482 226.2544 1.4422 1.5004 3.1371 -6.6522 1.0445 17.8740 -4.2919 -2.1135
