Pedestrian -1 -1 -8.0182 545.6943 141.5750 655.0264 369.0000 1.7515 0.6687 0.9668 -0.1250 1.4859 5.3687 -8.0382 1.2955
Pedestrian -1 -1 -4.9753 496.3884 136.9525 523.8658 203.6953 1.8591 0.5651 0.8996 -2.7574 0.6464 20.2185 -5.1066 0.5651
Cyclist -1 -1 -4.2452 469.1663 141.1896 504.1847 190.3452 1.8543 0.5586 1.8848 -4.6367 0.3716 27.6551 -4.4072 0.4416
Pedestrian -1 -1 -4.9742 242.9320 145.7674 327.6999 328.2681 1.7748 0.6345 0.7687 -3.3954 1.4374 7.3741 -5.3876 0.2813
Pedestrian -1 -1 -5.6549 589.9193 138.5105 715.4405 363.8400 1.7621 0.5439 0.9238 0.3427 1.4342 6.0319 -5.5990 0.2679
Pedestrian -1 -1 -7.6459 537.3220 139.2501 561.2230 192.1740 1.7640 0.6317 0.9316 -1.9235 0.3894 24.0701 -7.7223 -0.0443
Pedestrian -1 -1 -4.6505 566.3472 138.7511 586.6254 193.3307 1.7780 0.6258 0.7471 -0.9733 0.4183 23.4142 -4.6892 -0.1373
Pedestrian -1 -1 -7.7798 515.2226 139.8325 535.5870 193.6976 1.8124 0.6272 0.9149 -2.7574 0.4443 24.2588 -7.8893 -0.2742
Pedestrian -1 -1 -8.0017 240.9920 161.1299 264.6756 209.3244 1.6999 0.6566 0.7986 -12.7122 1.0170 25.4542 -8.4580 -0.7328
Pedestrian -1 -1 -7.6369 176.5843 157.2296 205.8253 215.1255 1.7523 0.6544 0.6333 -12.7861 1.0482 21.7995 -8.1590 -1.2645
Pedestrian -1 -1 -7.7240 341.4882 146.5986 361.1464 191.0493 1.8544 0.6856 0.7849 -10.7660 0.4403 29.9520 -8.0636 -1.2783
Cyclist -1 -1 -4.7417 561.8110 151.8477 572.3196 181.9219 1.7182 0.5653 1.6405 -2.2294 0.0813 41.2359 -4.7933 -1.2978
Pedestrian -1 -1 -7.4139 257.6851 161.7024 283.8539 208.3636 1.6844 0.6309 0.6892 -12.2536 1.0061 25.8695 -7.8495 -1.6340
Car -1 -1 -2.6081 0.0000 156.5540 52.9919 197.1942 1.5283 1.6478 3.8794 -24.3535 0.6280 27.7457 -3.3208 -1.7349
Cyclist -1 -1 -2.7592 187.0564 154.2767 274.1502 230.9980 1.8007 0.6865 1.7220 -9.0284 1.1856 17.0190 -3.2373 -1.7623
Car -1 -1 -4.7264 597.5246 170.0993 654.1822 219.4480 1.3624 1.5645 4.1268 0.5642 1.0756 21.5936 -4.6988 -1.7673
Pedestrian -1 -1 -8.0296 107.8290 141.1280 166.2515 259.0985 1.8546 0.6538 0.9826 -7.7974 1.2360 11.6978 -8.6030 -1.8488
Pedestrian -1 -1 -7.5243 257.4125 150.8356 280.9418 198.0914 1.8622 0.6591 0.6908 -13.4353 0.6934 28.2413 -7.9619 -1.9638
Pedestrian -1 -1 -8.0161 407.1356 161.9469 420.3076 191.9450 1.8657 0.7072 0.6325 -12.0219 0.7119 44.4075 -8.2768 -1.9768
Car -1 -1 -6.1943 398.0813 164.7240 467.9771 190.4118 1.6096 1.6705 4.2299 -11.0008 0.6211 45.4359 -6.4284 -2.0101
Cyclist -1 -1 -4.6073 298.2803 159.8997 325.3509 222.0593 1.6637 0.5397 1.4551 -8.1925 1.1127 19.6985 -4.9937 -2.0129
Pedestrian -1 -1 -4.8945 295.4317 150.4243 323.2139 211.8754 1.8153 0.6551 0.7384 -8.9780 0.9271 21.3745 -5.2848 -2.0208
Car -1 -1 -2.6189 0.0000 162.4687 60.1858 196.2837 1.5410 1.6338 3.8494 -28.3571 0.7195 33.3609 -3.3167 -2.0298
Car -1 -1 -7.7245 0.0000 150.0646 235.1877 356.4488 1.5747 1.6826 3.9419 -5.0388 1.3429 7.5364 -8.2926 -2.0764
Car -1 -1 -4.8294 244.9570 166.0432 321.5498 222.4461 1.4729 1.5922 3.8924 -9.4543 1.0957 20.5427 -5.2529 -2.1010
