Pedestrian -1 -1 -4.9253 552.3643 138.5142 593.1708 235.4372 1.8142 0.6301 0.8204 -0.6811 1.0287 13.7120 -4.9716 1.2349
Pedestrian -1 -1 -4.9557 609.5073 140.3986 648.3767 233.8732 1.7798 0.6477 0.5301 0.4149 1.0166 13.7895 -4.9242 -0.0949
Cyclist -1 -1 -3.9020 382.6099 144.6995 431.0107 197.2680 1.8164 0.6424 1.6895 -7.1101 0.5797 25.3203 -4.1703 -0.2417
Pedestrian -1 -1 -5.3078 693.3467 139.4116 765.2362 280.1524 1.8125 0.5894 0.8382 1.6239 1.2837 9.6094 -5.1437 -0.4411
Pedestrian -1 -1 -5.0540 665.2194 148.0500 700.0692 231.7438 1.6510 0.5333 0.5847 1.5181 1.0112 14.2945 -4.9485 -0.6898
Pedestrian -1 -1 -7.9048 517.3914 146.7240 533.2932 184.5895 1.8251 0.7272 0.9503 -3.9231 0.1973 34.6058 -8.0145 -0.9027
Pedestrian -1 -1 -7.8246 240.5804 158.4333 261.5855 207.5230 1.7335 0.6530 0.6546 -12.7401 0.9545 25.4015 -8.2825 -1.0500
Pedestrian -1 -1 -7.6126 292.4389 148.1499 312.9556 191.3433 1.7850 0.6041 0.8486 -12.7114 0.4483 29.6851 -8.0112 -1.2032
Pedestrian -1 -1 -3.6306 340.0080 146.7558 364.3230 188.1546 1.7786 0.7052 0.7595 -11.0715 0.3291 30.8945 -3.9693 -1.3514
Pedestrian -1 -1 -7.6860 494.5969 145.5148 510.5547 182.7849 1.8209 0.6612 0.7618 -5.0756 0.1118 34.9334 -7.8268 -1.4215
Pedestrian -1 -1 -4.1612 421.3932 142.3527 448.3041 191.9711 1.8958 0.6301 0.9199 -6.6525 0.4385 27.5503 -4.3933 -1.4802
Pedestrian -1 -1 -4.8678 295.2445 141.8540 322.6564 204.5776 1.8458 0.6555 0.7604 -8.9594 0.7088 21.3020 -5.2584 -1.5028
Pedestrian -1 -1 -7.9396 110.4929 142.0397 162.1818 258.0989 1.8265 0.6429 0.9655 -7.8155 1.2216 11.7060 -8.5137 -1.6959
Car -1 -1 -2.1838 98.5747 165.4760 271.5420 231.5209 1.4797 1.6391 4.0754 -10.4099 1.1434 17.4348 -2.7121 -1.8900
Cyclist -1 -1 -8.1243 386.0208 143.1307 409.3317 188.6542 1.7738 0.4583 1.7293 -8.3676 0.3180 28.4070 -8.4055 -1.9002
Car -1 -1 -2.8461 0.0000 160.9885 54.1492 196.3760 1.5746 1.6688 4.0985 -28.5432 0.7066 33.0441 -3.5518 -2.0006
Car -1 -1 -6.0005 367.4224 165.1410 457.9611 195.9821 1.4708 1.5935 3.9837 -9.3714 0.7385 34.5595 -6.2611 -2.0401
Car -1 -1 -5.5744 127.7614 165.2652 289.1107 217.2414 1.4889 1.6138 4.2666 -12.0446 1.0528 21.4810 -6.0771 -2.1585
Pedestrian -1 -1 -7.6034 21.2339 160.2707 43.5384 198.7198 1.7742 0.6758 0.6193 -26.7791 0.8409 33.0475 -8.2778 -2.1787
