Pedestrian -1 -1 -9.0198 997.0987 131.9756 1194.3856 369.0000 1.6944 0.6479 0.8431 3.0014 1.4264 4.4422 -8.4559 1.7086
Pedestrian -1 -1 -5.1559 267.6324 140.3549 377.3332 357.9756 1.8023 0.5864 0.9233 -2.6162 1.4703 6.3860 -5.5257 0.8339
Pedestrian -1 -1 -5.6355 345.2254 140.9423 457.3119 332.6813 1.7970 0.5593 0.9261 -2.0816 1.4267 7.0564 -5.9084 0.2267
Pedestrian -1 -1 -2.6534 714.1715 141.6051 850.0738 369.0000 1.6838 0.5406 0.8390 1.2692 1.4177 5.3238 -2.4302 0.0270
Pedestrian -1 -1 -4.9559 510.5812 142.1529 540.4550 213.5427 1.8496 0.6007 0.8618 -2.1630 0.8564 18.8271 -5.0663 0.0069
Pedestrian -1 -1 -4.4448 539.7258 140.5044 564.2566 199.0665 1.8397 0.6504 0.5789 -1.7228 0.5835 22.5583 -4.5178 -0.0607
Pedestrian -1 -1 -5.9061 660.1971 135.2362 824.9556 369.0000 1.7302 0.6588 0.9279 0.8814 1.4564 4.8072 -5.7339 -0.1619
Cyclist -1 -1 -4.0920 436.3695 140.5645 478.2269 190.7787 1.7550 0.5399 1.7949 -5.3668 0.3595 25.6412 -4.2936 -0.2565
Pedestrian -1 -1 -4.4581 569.2482 141.6308 594.5872 201.4023 1.8341 0.6061 0.8243 -0.7535 0.6417 22.1646 -4.4894 -0.3625
Pedestrian -1 -1 -4.5132 509.1718 138.4939 533.4700 197.1266 1.8516 0.6456 0.7159 -2.7175 0.5253 22.7122 -4.6284 -0.8754
Pedestrian -1 -1 -4.7888 294.5648 142.3542 321.0018 206.0683 1.8747 0.6783 0.8209 -9.0047 0.7526 21.3237 -5.1809 -0.9480
Car -1 -1 -5.8390 454.8287 162.5769 537.9145 191.9348 1.4815 1.5744 4.0136 -5.6936 0.5772 37.0156 -5.9884 -1.1518
Pedestrian -1 -1 -4.5704 104.7776 142.2929 161.7651 260.1012 1.8666 0.6568 0.9092 -7.8689 1.2616 11.7535 -5.1459 -1.4151
Pedestrian -1 -1 -6.6662 340.9680 149.5429 366.7618 192.4656 1.8459 0.7063 0.8645 -11.0198 0.5148 30.9574 -7.0028 -1.5445
Car -1 -1 -5.9983 391.1068 160.9153 478.2245 189.6303 1.5137 1.6221 4.2928 -9.1740 0.4815 38.1963 -6.2302 -1.7921
Pedestrian -1 -1 -4.6832 165.3949 152.9482 193.8627 217.6724 1.7989 0.6638 0.9742 -12.2022 1.0335 20.2382 -5.2168 -1.7927
Car -1 -1 -8.2015 331.1197 171.6209 467.4557 256.8994 1.3491 1.4461 2.9660 -3.8494 1.2091 12.8099 -8.4846 -1.8229
Pedestrian -1 -1 -7.7380 251.9465 152.2694 272.7241 199.0205 1.8617 0.6739 0.7300 -13.8864 0.7377 28.6100 -8.1835 -1.8700
Cyclist -1 -1 -4.5320 273.2397 159.9981 314.8997 244.1481 1.5856 0.5051 1.4046 -6.2091 1.1996 14.0633 -4.9375 -1.9008
Pedestrian -1 -1 -8.0553 353.7164 164.8477 370.3999 200.5084 1.7224 0.6626 0.6213 -11.9045 0.9666 34.5854 -8.3822 -2.0429
Car -1 -1 -4.6816 537.0247 156.3846 579.5089 196.0171 1.5106 1.6041 4.0746 -1.8826 0.5917 29.0105 -4.7436 -2.0488
Car -1 -1 -4.4736 86.4354 165.5805 181.9692 218.0220 1.5016 1.6065 3.8740 -14.7687 1.0747 22.3387 -5.0493 -2.0863
Cyclist -1 -1 -6.8593 555.1451 149.0288 586.1349 180.6559 1.8033 0.6237 1.7387 -2.0019 0.0090 41.0745 -6.9055 -2.1159
Car -1 -1 -2.8159 370.6802 166.9307 468.3074 198.6030 1.5068 1.6500 4.3241 -9.0574 0.8614 34.6212 -3.0676 -2.1523
