Pedestrian -1 -1 -5.5537 421.9447 141.7243 574.7385 369.0000 1.7920 0.7343 0.9942 -0.9221 1.5085 5.7576 -5.7023 1.5435
Pedestrian -1 -1 -5.6330 505.8564 141.9437 620.5971 352.7056 1.8129 0.5042 0.9496 -0.4478 1.4817 6.5548 -5.6961 0.2977
Pedestrian -1 -1 -3.4027 242.4694 144.3363 281.5181 207.5290 1.8491 0.6971 0.9098 -10.3451 0.7912 21.2500 -3.8478 0.0681
Pedestrian -1 -1 -4.5001 539.6792 140.6115 563.0683 193.2811 1.8317 0.6547 0.8851 -1.9273 0.4448 25.0729 -4.5737 -0.2701
Pedestrian -1 -1 -7.4640 517.7984 140.2921 545.5737 192.8097 1.8407 0.6757 0.9585 -2.6519 0.4317 25.3372 -7.5648 -0.2910
Pedestrian -1 -1 -5.0485 486.8128 142.9040 515.9705 205.4809 1.8530 0.6801 0.7035 -3.1769 0.7400 21.4062 -5.1916 -0.4764
Pedestrian -1 -1 -8.0695 564.0057 141.4865 587.7462 195.7193 1.8255 0.6545 0.8188 -1.0385 0.5125 24.2780 -8.1095 -0.8600
Pedestrian -1 -1 -7.9856 266.8376 156.9234 287.4955 205.5230 1.7506 0.6143 0.6097 -12.0370 0.9016 25.8906 -8.4141 -0.8670
Cyclist -1 -1 -4.8690 228.2458 155.6528 266.3727 227.1424 1.7006 0.6081 1.6600 -8.9951 1.1098 17.6715 -5.3306 -1.0198
Pedestrian -1 -1 -7.8056 108.7973 142.8561 160.0529 260.1678 1.8519 0.6550 0.8835 -7.8218 1.2580 11.7078 -8.3801 -1.4437
Pedestrian -1 -1 -8.0510 294.7966 143.5604 323.3726 204.4368 1.7926 0.6524 0.8147 -8.9716 0.7052 21.3403 -8.4415 -1.5778
Pedestrian -1 -1 -7.8840 407.2124 161.4109 419.4103 191.5676 1.8762 0.7218 0.6500 -12.0471 0.6886 44.4037 -8.1453 -1.7798
Car -1 -1 -6.1950 399.7963 164.4479 467.6571 189.8328 1.5905 1.6501 4.1040 -10.9533 0.5848 45.4143 -6.4282 -1.8580
Car -1 -1 -2.6802 496.7457 162.1698 581.6526 192.7829 1.5039 1.6168 4.0336 -3.3871 0.6036 36.2195 -2.7706 -1.8790
Pedestrian -1 -1 -3.6202 137.7427 153.8315 175.1629 213.0835 1.7300 0.6981 0.7043 -13.4357 0.9517 21.1252 -4.1778 -1.8958
Pedestrian -1 -1 -7.8858 7.3794 163.8325 31.0375 219.5571 1.7737 0.5770 0.5498 -19.0099 1.2435 22.9023 -8.5699 -1.9963
Car -1 -1 -2.7755 467.4738 169.7908 563.0078 202.5652 1.4773 1.6201 4.1389 -4.2109 0.9948 33.1533 -2.8988 -2.0035
Pedestrian -1 -1 -7.7550 554.9202 147.0345 572.0342 188.9416 1.8683 0.6978 0.7741 -1.8935 0.3765 31.9231 -7.8115 -2.1622
Car -1 -1 -6.1691 497.8367 162.4166 597.6580 198.6804 1.4969 1.6265 4.0710 -2.4088 0.7507 30.0735 -6.2463 -2.1690
