Pedestrian -1 -1 -5.3337 758.8604 128.7604 934.1884 369.0000 1.8260 0.6756 0.8616 1.4503 1.5331 4.5263 -5.0412 1.6401
Pedestrian -1 -1 -5.7232 1061.0621 147.1473 1215.1300 352.4465 1.6458 0.6648 0.8588 4.5832 1.3789 6.1926 -5.1084 1.3698
Pedestrian -1 -1 -5.0890 907.8212 138.8890 1045.1833 369.0000 1.7160 0.6269 0.5052 2.2928 1.4662 4.5261 -4.6455 0.4750
Pedestrian -1 -1 -3.9897 234.4172 145.6894 272.8224 203.4027 1.8388 0.6679 0.9377 -11.4887 0.7300 23.0677 -4.4442 -0.0602
Pedestrian -1 -1 -5.4669 44.5815 159.3994 70.2704 224.6439 1.7206 0.4885 0.2723 -14.6803 1.1644 18.9091 -6.1170 -0.6509
Pedestrian -1 -1 -8.0529 362.0433 141.1668 390.2997 199.5305 1.8474 0.7279 0.8111 -7.4538 0.6027 22.9122 -8.3612 -0.7023
Pedestrian -1 -1 -4.1256 338.7254 146.6644 365.0965 191.0251 1.8949 0.6846 0.9176 -11.0180 0.4498 30.7304 -4.4644 -0.9702
Pedestrian -1 -1 -3.5141 256.5183 142.7206 293.1987 202.3013 1.8151 0.5681 0.8930 -10.3329 0.6645 22.0591 -3.9444 -1.1088
Pedestrian -1 -1 -7.7616 379.1552 145.8339 398.0997 192.8268 1.8696 0.6734 0.6305 -8.7461 0.4906 28.5060 -8.0541 -1.3017
Pedestrian -1 -1 -7.9307 300.8670 139.8579 327.8674 202.5927 1.8470 0.6997 0.7695 -8.8027 0.6507 21.3163 -8.3149 -1.3218
Pedestrian -1 -1 -5.1415 317.9915 145.5923 354.7207 207.7482 1.7499 0.7198 0.8195 -7.8090 0.7674 20.4498 -5.4990 -1.4196
Car -1 -1 -2.1923 99.2008 164.2902 273.1194 229.7282 1.4702 1.6300 4.1051 -10.4027 1.1063 17.4697 -2.7194 -1.4651
Pedestrian -1 -1 -4.5937 105.9165 141.8823 163.9301 258.8114 1.8393 0.6782 0.9836 -7.8125 1.2322 11.7129 -5.1674 -1.4735
Car -1 -1 -2.9067 0.0000 154.5552 43.3568 196.3103 1.5245 1.5832 3.7469 -24.3209 0.5775 27.3866 -3.6250 -1.8559
Pedestrian -1 -1 -8.0116 407.1513 161.9095 420.2846 191.9130 1.8661 0.7073 0.6319 -12.0223 0.7099 44.4079 -8.2723 -1.9662
Pedestrian -1 -1 -8.1609 294.3721 149.4449 310.5934 187.6593 1.8276 0.5947 0.5165 -14.6548 0.3426 34.2041 -8.5603 -1.9730
Car -1 -1 -4.6920 550.7344 161.9609 584.3190 193.7141 1.5002 1.5861 3.8461 -1.8492 0.6245 35.3500 -4.7419 -1.9809
Car -1 -1 -6.1931 398.0724 164.7389 467.9596 190.4183 1.6092 1.6702 4.2279 -11.0019 0.6216 45.4366 -6.4272 -2.0318
Car -1 -1 -2.6037 126.0509 167.1560 230.4389 200.1280 1.4989 1.6323 3.8848 -19.8568 0.8925 32.9620 -3.1397 -2.0552
