Car -1 -1 -7.5987 905.1359 167.4347 1176.7479 360.8562 1.4760 1.5803 3.3814 4.4012 1.4344 7.2628 -7.0725 7.9525
Car -1 -1 -4.1462 0.0000 177.3436 204.9854 268.6058 1.4907 1.6480 3.8544 -9.7271 1.5892 13.9324 -4.7470 7.8056
Car -1 -1 -7.8462 561.2122 172.2566 652.2069 258.0740 1.5764 1.6716 3.5337 -0.1160 1.5651 15.0215 -7.8548 7.2437
Car -1 -1 -7.2438 723.8726 165.0975 918.5633 254.7020 1.5569 1.7188 4.1130 4.2753 1.4219 14.4987 -6.9633 6.0493
Car -1 -1 -4.4018 154.5889 165.8834 279.2739 237.9183 1.7004 1.6790 4.2098 -10.3466 1.5356 19.2524 -4.8895 5.8466
Car -1 -1 -7.4035 788.7368 179.0299 1012.2744 291.3754 1.3887 1.6055 4.0379 4.5300 1.5001 11.0910 -7.0259 5.3297
Pedestrian -1 -1 -6.6794 661.2055 169.6248 686.5586 211.6163 1.6881 0.6004 0.8643 2.5583 1.5580 29.4253 -6.5942 1.8821
Car -1 -1 -7.8080 1171.9316 177.7813 1241.0000 374.0000 1.4314 1.5722 3.7179 4.3878 1.4699 3.8710 -6.9976 1.7563
Car -1 -1 -7.8579 365.7768 180.7396 392.7979 204.3534 1.4208 1.6094 4.0385 -15.0757 1.9583 47.0325 -8.1668 0.7010
Car -1 -1 -7.4778 719.3071 174.6821 840.4558 237.3222 1.4064 1.6350 4.0984 4.4014 1.4583 18.4754 -7.2482 0.6566
Car -1 -1 -4.6569 477.6543 175.7498 497.1932 193.4296 1.5774 1.5819 3.7866 -11.3754 1.8539 66.9926 -4.8248 0.5245
Pedestrian -1 -1 -4.5281 517.6359 167.3502 535.3165 210.8533 1.8207 0.6154 0.7686 -3.5814 1.5900 30.6018 -4.6441 0.4194
Car -1 -1 -7.8588 601.9800 173.4736 619.6476 190.1539 1.5407 1.6356 3.9329 0.0451 1.6012 68.7634 -7.8585 -0.6532
Pedestrian -1 -1 -2.4531 86.5300 165.6733 110.7447 230.3050 1.7580 0.4841 0.3057 -14.1344 1.5623 19.8786 -3.0650 -0.8617
Pedestrian -1 -1 -3.7071 902.8631 158.3271 913.8573 196.5709 1.8071 0.4512 0.2849 14.1576 1.1204 34.3411 -3.3194 -0.9918
Cyclist -1 -1 -4.9856 1108.3251 171.7810 1140.8373 215.7856 1.6528 0.6042 1.6070 19.8758 1.6122 27.9598 -4.3730 -1.1228
Car -1 -1 -7.7988 715.3157 172.3438 743.7496 197.3907 1.5774 1.6462 3.7851 7.8634 1.5450 47.4676 -7.6360 -1.2225
Pedestrian -1 -1 -3.6727 1223.6942 154.3855 1241.0000 224.9447 1.7687 0.4399 0.3092 15.8611 1.3055 18.3305 -2.9676 -1.3029
Car -1 -1 -7.8213 287.5559 180.1958 337.8405 222.9794 1.4352 1.6020 3.6921 -11.0608 1.7291 26.9029 -8.2083 -1.4343
