Car -1 -1 -7.8543 557.9918 171.4409 674.8734 277.9820 1.5551 1.7063 3.6679 0.0411 1.5342 12.3672 -7.8523 7.2807
Car -1 -1 -7.5554 905.2182 142.1226 1241.0000 374.0000 1.6025 1.6916 4.0608 4.3734 1.4155 6.3282 -6.9729 6.3236
Car -1 -1 -7.4766 821.6641 174.3653 1055.8369 299.6039 1.3912 1.6049 4.0555 4.6598 1.4161 10.0520 -7.0543 5.2207
Car -1 -1 -4.1442 0.0000 173.2412 92.0064 299.6952 1.5821 1.6768 4.2191 -10.2218 1.5890 11.2557 -4.8698 4.3787
Pedestrian -1 -1 -4.0008 751.4226 166.0126 786.0947 221.8943 1.7205 0.6440 0.8895 4.9555 1.5096 22.7402 -3.7896 1.4544
Pedestrian -1 -1 -7.5155 907.6566 164.1034 932.7680 210.0826 1.8468 0.7603 0.6862 12.6351 1.4950 29.4914 -7.1147 1.2627
Car -1 -1 -4.5805 510.7916 172.1312 541.3608 195.4414 1.7636 1.8586 4.1279 -6.5754 1.7086 56.6679 -4.6958 0.7667
Car -1 -1 -5.8173 86.5321 186.9653 181.2845 217.1189 1.4703 1.5691 3.7655 -24.4570 2.2151 37.1046 -6.3970 0.7324
Pedestrian -1 -1 -3.6187 998.0457 160.5021 1014.3928 210.8348 1.8206 0.4924 0.3321 14.4198 1.3735 26.3483 -3.1230 -0.1078
Car -1 -1 -7.0983 667.9916 176.7375 732.7109 204.0365 1.4858 1.6577 3.6421 5.1939 1.7190 41.5837 -6.9754 -0.1493
Car -1 -1 -3.9531 370.7130 181.7765 447.7757 210.8918 1.4848 1.6295 4.3320 -11.2235 2.0137 40.4972 -4.2222 -0.2332
Car -1 -1 -3.9813 142.2376 167.4899 226.6043 208.2469 2.2639 1.7980 4.3827 -24.9330 1.9656 42.4055 -4.5103 -0.5363
Cyclist -1 -1 -8.0832 876.4287 167.3250 891.9819 199.9667 1.7159 0.4061 1.6680 14.6910 1.4250 38.7831 -7.7240 -0.6062
Car -1 -1 -4.5751 463.0419 177.9464 488.8982 197.3419 1.5083 1.5706 3.8474 -10.9688 1.9390 59.0979 -4.7582 -0.7478
Car -1 -1 -6.0064 362.6259 165.7252 414.4354 189.6034 2.0132 1.6762 3.9280 -18.9349 1.4119 61.7120 -6.3031 -1.1103
Car -1 -1 -5.8485 685.8192 176.3826 768.2321 205.0203 1.4609 1.6123 4.1064 6.2712 1.6605 39.0701 -5.6910 -1.5842
Car -1 -1 -5.0889 752.1763 173.1142 793.4505 195.4242 1.5832 1.6343 3.9273 11.9497 1.6029 53.3182 -4.8700 -1.6739
Car -1 -1 -4.5483 447.9387 180.9540 482.5751 205.7288 1.4429 1.5261 3.8027 -9.0571 1.9717 45.2071 -4.7453 -1.8310
Car -1 -1 -7.8935 793.3612 173.3900 820.4265 196.3283 1.5468 1.6707 3.9730 13.8129 1.5859 50.8784 -7.6303 -1.9825
Car -1 -1 -8.3685 601.8883 180.2795 703.4659 231.0266 1.4367 1.6057 3.6956 1.2228 1.6941 23.0281 -8.3169 -2.0391
Cyclist -1 -1 -8.0025 767.2408 170.8503 778.9236 204.0814 1.7277 0.3534 1.6903 8.6264 1.6232 38.3686 -7.7835 -2.1364
Pedestrian -1 -1 -8.3859 966.9638 161.2859 994.4488 206.9895 1.8488 0.6477 0.8741 15.1784 1.3805 29.6442 -7.9171 -2.1863
