Car -1 -1 -7.5554 867.2316 176.0250 1122.5867 333.0268 1.4030 1.5880 3.9213 4.6128 1.4486 8.4777 -7.0724 6.9390
Car -1 -1 -7.8433 557.3039 172.7462 673.6082 281.3741 1.5563 1.6680 3.5969 0.0449 1.5545 12.1465 -7.8410 6.6785
Car -1 -1 -7.6681 1008.2780 138.1872 1241.0000 374.0000 1.5295 1.6661 3.8058 4.2156 1.3935 4.6700 -6.9651 3.5898
Pedestrian -1 -1 -7.3895 775.1357 167.9978 812.5783 226.1718 1.6923 0.7337 0.9673 5.4573 1.5508 21.5961 -7.1459 2.8464
Car -1 -1 -4.5667 501.4032 170.5622 536.7584 198.0191 1.8773 1.8613 4.6104 -6.4839 1.7203 51.6576 -4.6913 2.5318
Car -1 -1 -7.3070 693.5242 178.6622 758.1437 207.3743 1.4340 1.6815 3.8562 6.2422 1.7628 38.8648 -7.1495 0.9441
Car -1 -1 -4.6708 459.6151 179.2224 481.3391 198.8966 1.4780 1.5454 3.6758 -11.0952 2.0013 57.3887 -4.8613 0.7686
Pedestrian -1 -1 -3.8152 1020.3293 158.7128 1039.6520 212.7081 1.8345 0.4902 0.3409 14.3757 1.3538 24.7830 -3.2951 0.7200
Car -1 -1 -5.7169 59.1238 186.9241 161.5845 217.3332 1.4341 1.5769 3.9381 -24.6872 2.1463 35.6805 -6.3188 0.3933
Car -1 -1 -8.0448 728.4783 177.8686 763.8798 200.6907 1.4570 1.6144 4.0150 9.1592 1.8109 48.9609 -7.8614 0.0280
Car -1 -1 -8.0759 819.3713 174.9216 862.4124 201.7947 1.4998 1.6658 3.4785 13.4613 1.6260 42.3481 -7.7706 -0.1114
Car -1 -1 -4.4184 0.0000 182.2660 23.2285 319.3187 1.4386 1.6229 4.0289 -9.7954 1.5975 10.0354 -5.1785 -0.6178
Pedestrian -1 -1 -4.5373 926.5060 172.0220 947.3902 216.7865 1.6755 0.6316 0.5979 12.3858 1.6441 27.4320 -4.1178 -0.6321
Car -1 -1 -6.4092 298.0419 185.3889 383.1969 215.5876 1.4093 1.6107 3.8794 -13.7026 2.0733 36.6252 -6.7652 -0.6645
Car -1 -1 -4.6065 439.3707 180.2912 473.6149 206.9336 1.4948 1.6036 4.1408 -9.3073 1.9683 43.8201 -4.8150 -1.0161
Car -1 -1 -6.0240 353.6926 165.7550 408.6819 190.4975 2.0294 1.6851 4.0718 -19.0543 1.4468 60.1180 -6.3299 -1.2954
Car -1 -1 -8.6817 889.3281 175.6167 1041.1246 232.1516 1.3773 1.4874 3.6668 9.5238 1.4602 19.7501 -8.2387 -1.5762
Car -1 -1 -7.2343 432.2853 182.0224 497.9839 209.1665 1.4168 1.6395 4.0502 -8.2641 1.9693 41.3200 -7.4309 -1.7000
