Car -1 -1 -7.5927 915.8685 178.4531 1207.9918 369.8862 1.3879 1.5647 3.9108 4.6449 1.4588 7.2566 -7.0423 6.6116
Car -1 -1 -7.8270 558.4625 175.7006 674.1842 284.6686 1.5494 1.6654 3.5748 0.0921 1.6043 12.1681 -7.8209 6.2597
Pedestrian -1 -1 -7.4384 798.0507 166.9691 833.0269 227.6132 1.6936 0.6511 0.9264 5.8549 1.5289 20.7145 -7.1673 2.1567
Car -1 -1 -5.6843 42.5678 188.2732 143.4168 220.2943 1.4577 1.5551 3.6808 -24.6632 2.2108 34.4419 -6.3023 1.3809
Pedestrian -1 -1 -3.5778 1036.0679 161.8934 1064.4005 217.4588 1.7987 0.5897 0.5982 14.3947 1.4436 23.6813 -3.0375 1.3019
Car -1 -1 -4.5798 458.1840 180.9696 485.9589 201.1028 1.4708 1.6063 4.1128 -10.7875 2.1295 56.4985 -4.7680 1.0587
Pedestrian -1 -1 -4.3180 931.4105 170.3826 958.0634 215.4454 1.5999 0.6538 0.7118 12.0618 1.5119 26.0992 -3.8898 0.8679
Car -1 -1 -6.0367 347.6147 164.5951 404.1496 189.0865 1.9684 1.7116 4.1023 -19.1247 1.3043 58.9799 -6.3492 0.8251
Car -1 -1 -4.5521 491.5079 173.0778 531.8022 204.3144 1.9763 1.9117 4.8553 -6.5269 1.9917 48.1385 -4.6866 0.5903
Car -1 -1 -4.6543 361.5778 183.5293 402.3505 214.6961 1.4630 1.7767 4.5147 -11.9564 2.0594 37.9233 -4.9581 0.3741
Cyclist -1 -1 -7.7519 524.6002 179.8329 531.8978 203.7478 1.6294 0.3468 1.6051 -5.7418 2.1248 50.4360 -7.8652 -0.0834
Pedestrian -1 -1 -3.2388 1150.9794 132.4399 1241.0000 374.0000 1.6788 0.5862 0.6057 2.6112 1.5322 3.0226 -2.5739 -0.3063
Car -1 -1 -8.5873 670.9857 179.3772 769.7656 222.8866 1.4657 1.5977 3.6370 3.9881 1.7258 26.8488 -8.4421 -0.4844
Car -1 -1 -4.8107 776.8588 176.5745 805.7961 199.9740 1.5603 1.5882 3.8855 12.6938 1.8324 50.7976 -4.5676 -0.5031
Car -1 -1 -7.7158 295.2209 185.6740 339.8755 217.0484 1.4133 1.5600 3.7997 -14.6478 2.0922 36.1953 -8.0981 -0.5106
Car -1 -1 -7.8756 1190.7549 125.3203 1241.0000 374.0000 1.5755 1.6539 3.8557 4.2514 1.4602 3.6851 -7.0582 -0.7539
Pedestrian -1 -1 -3.9900 998.7878 165.7183 1014.5508 203.3216 1.8129 0.5032 0.4451 19.2537 1.4686 35.0996 -3.4922 -0.7580
Car -1 -1 -8.0877 1069.7987 171.5429 1177.2095 233.1078 1.4898 1.5518 3.4188 13.5705 1.4578 19.3350 -7.4833 -1.1214
Pedestrian -1 -1 -4.7256 704.3617 196.3700 718.7535 236.1503 1.0227 0.3681 0.3698 2.6214 1.6483 18.9983 -4.5914 -1.4950
Cyclist -1 -1 -8.5938 804.0088 172.3784 833.6443 203.1801 1.7842 0.6847 1.7454 12.3176 1.7563 42.7289 -8.3154 -1.6445
