Car -1 -1 -7.8359 556.3217 171.4616 669.0053 276.3842 1.5742 1.6932 3.6675 0.0165 1.5530 12.6746 -7.8358 7.6189
Car -1 -1 -7.4620 854.7892 149.9954 1200.1682 357.4775 1.6063 1.7060 4.1123 4.4384 1.4290 7.5245 -6.9468 7.2884
Car -1 -1 -4.1908 0.0000 170.5364 137.1847 286.3350 1.6607 1.7132 4.1975 -10.2502 1.6271 12.5523 -4.8653 5.1100
Car -1 -1 -7.3878 797.9283 174.3161 1018.3634 282.8088 1.3920 1.5685 3.9593 4.6824 1.4182 11.2021 -7.0019 4.6510
Car -1 -1 -7.8058 1153.2717 180.4947 1241.0000 374.0000 1.4007 1.5933 3.7128 4.4946 1.4639 4.1614 -7.0171 2.7737
Car -1 -1 -7.7411 518.6652 174.7206 545.4686 195.3933 1.6732 1.8065 4.0023 -6.5517 1.8353 60.7694 -7.8484 2.6313
Pedestrian -1 -1 -7.1501 733.3060 166.3683 768.5510 219.8988 1.7171 0.6688 0.9709 4.5842 1.5087 23.7093 -6.9620 2.2765
Car -1 -1 -4.4608 465.5305 177.6212 497.3245 197.0207 1.5419 1.6665 4.0508 -10.7548 1.9548 60.4550 -4.6364 1.4993
Car -1 -1 -4.8944 775.4550 173.4330 806.0966 194.6541 1.5366 1.5661 3.7787 13.5309 1.5815 54.2862 -4.6518 0.8944
Pedestrian -1 -1 -4.0929 900.2660 165.5300 922.9875 208.6014 1.8245 0.7145 0.5499 12.9185 1.5139 31.0123 -3.7020 0.6740
Car -1 -1 -7.2917 684.3060 176.4164 746.5067 203.8486 1.4940 1.7109 3.9993 6.1279 1.7109 41.9122 -7.1480 0.4739
Car -1 -1 -6.5304 323.8517 185.4531 405.3280 213.1665 1.3935 1.5989 3.9660 -13.4901 2.1155 39.6181 -6.8570 0.3555
Car -1 -1 -6.0468 367.5210 165.7806 418.9321 189.4504 2.0338 1.6668 4.0166 -18.8987 1.4257 62.9377 -6.3376 0.1029
Pedestrian -1 -1 -3.6885 981.7103 162.8754 997.5973 209.7770 1.7732 0.4932 0.3258 14.4409 1.3956 27.5362 -3.2103 -0.0104
Car -1 -1 -7.4827 710.3597 176.9583 764.2821 204.2168 1.4483 1.7638 3.8138 7.2509 1.6934 41.0526 -7.3096 -0.1995
Car -1 -1 -7.9985 734.9091 176.4325 782.3840 210.9364 1.4528 1.5791 3.5998 6.6138 1.6234 32.6024 -7.8007 -0.7402
Pedestrian -1 -1 -6.1093 156.5765 170.7047 186.6875 224.9331 1.8348 0.5553 0.8001 -15.1153 1.7618 24.8157 -6.6519 -0.9814
Pedestrian -1 -1 -4.5853 497.6079 168.1237 518.1917 223.1587 1.7796 0.5726 0.8187 -3.4017 1.6263 23.7448 -4.7266 -0.9906
Car -1 -1 -7.9687 937.0406 151.5714 976.3686 182.0060 1.6252 1.5721 3.5713 19.3581 0.4884 40.4748 -7.5254 -1.8277
Car -1 -1 -2.2732 113.1218 185.6314 196.2772 214.9783 1.4779 1.6309 3.9504 -24.5804 2.1910 38.9093 -2.8338 -2.0035
