Car -1 -1 -7.8605 576.8615 176.6573 635.9912 232.2594 1.5923 1.7141 3.4879 -0.1788 1.7207 22.6596 -7.8691 7.8921
Car -1 -1 -4.4559 371.2138 183.3179 426.5763 213.6985 1.4437 1.7335 4.4046 -11.0845 2.0274 38.0442 -4.7379 5.3772
Car -1 -1 -8.1693 843.7419 171.3518 899.9415 202.1875 1.4930 1.6339 3.6110 13.2303 1.4200 36.7633 -7.8268 2.1471
Car -1 -1 -5.9122 219.4927 160.7620 305.9004 197.2235 1.9873 1.6522 4.0244 -19.3778 1.3279 40.3013 -6.3580 1.4122
Car -1 -1 -4.2200 457.4276 179.8044 497.5709 198.3539 1.4339 1.5692 3.9610 -10.9051 2.0271 59.4925 -4.4008 1.2147
Car -1 -1 -4.5578 471.1567 176.2833 497.4955 197.2033 1.8037 1.6818 4.4303 -11.3328 2.1237 65.1707 -4.7296 0.0488
Car -1 -1 -7.1162 635.8366 175.0560 677.0041 193.1039 1.4818 1.5778 3.4685 3.9467 1.6744 61.4456 -7.0528 -0.0593
Car -1 -1 -5.0563 803.9370 170.6326 854.2898 196.9502 1.5360 1.6947 3.9619 13.3003 1.4061 44.1359 -4.7658 -0.7574
Car -1 -1 -7.5630 748.2344 169.0417 781.3952 189.2643 1.6824 1.6596 4.2341 13.3727 1.3649 62.2819 -7.3528 -0.8694
Car -1 -1 -8.0773 782.5012 171.7895 819.7294 194.7530 1.5170 1.6574 3.8103 13.0549 1.4464 49.5960 -7.8217 -1.6187
Pedestrian -1 -1 -4.8092 787.3208 175.3519 802.3155 213.3545 1.4630 0.5066 0.6184 7.1659 1.5614 28.1654 -4.5631 -1.6253
Car -1 -1 -4.7318 624.4995 172.3183 642.4529 188.8358 1.5284 1.6259 4.0535 2.1931 1.4785 68.8027 -4.7003 -1.6451
Pedestrian -1 -1 -5.1919 898.0652 198.2015 921.3102 242.7273 0.9803 0.3529 0.3695 6.7215 1.5602 16.3150 -4.8081 -1.6746
Cyclist -1 -1 -7.5339 295.2991 180.9249 329.0903 238.9994 1.7458 0.4660 1.7231 -9.4422 2.0105 22.8098 -7.9227 -2.0348
Cyclist -1 -1 -7.6471 175.4329 184.3301 210.8681 253.7817 1.7364 0.4699 1.7100 -11.1315 2.0559 19.2183 -8.1665 -2.0620
Pedestrian -1 -1 -5.1593 828.5553 195.9583 850.5461 241.2155 1.0481 0.3693 0.3775 5.3995 1.6036 17.1422 -4.8599 -2.0652
Pedestrian -1 -1 -3.6849 757.6346 174.6405 772.6617 208.8198 1.5473 0.4699 0.5004 7.0522 1.6294 32.9995 -3.4767 -2.0660
