Car -1 -1 -4.1431 0.0000 190.2412 191.9731 273.8887 1.4093 1.6541 4.3526 -10.9199 1.8306 15.2849 -4.7554 6.9252
Car -1 -1 -7.8690 586.7772 174.2453 631.6376 216.7625 1.5754 1.6710 3.6306 -0.1100 1.6340 28.6870 -7.8734 6.8676
Car -1 -1 -4.3649 366.1001 180.3158 420.5237 212.6353 1.5303 1.5455 3.5286 -11.0280 1.9293 36.8050 -4.6545 5.1403
Car -1 -1 -7.1438 657.6298 171.7743 723.6770 200.4939 1.4673 1.5761 3.5656 4.3116 1.4118 38.6551 -7.0340 4.4624
Car -1 -1 -4.4814 399.4518 177.0639 446.2083 207.4202 1.6689 1.6946 4.4223 -10.9927 1.9297 42.5154 -4.7333 3.9574
Car -1 -1 -7.1654 639.3607 173.8666 696.7938 198.0943 1.4557 1.5878 3.7451 3.6522 1.5218 45.4090 -7.0861 2.6968
Cyclist -1 -1 -7.9726 1005.5666 167.4491 1030.1534 221.3413 1.6705 0.4746 1.7287 13.0825 1.5027 23.2557 -7.4660 -0.1125
Cyclist -1 -1 -7.9442 1120.1571 163.3275 1150.8047 234.6695 1.7065 0.4470 1.7578 13.1344 1.4783 18.1304 -7.3254 -0.1275
Pedestrian -1 -1 -4.2874 908.1682 173.9806 934.4517 234.4170 1.4676 0.4420 0.4775 7.6536 1.4957 17.8579 -3.8891 -0.3043
Car -1 -1 -7.5698 655.4150 172.1057 698.6874 199.1597 1.5271 1.5792 3.7135 3.9792 1.4845 42.7444 -7.4780 -0.5023
Pedestrian -1 -1 -4.7005 289.8794 173.7664 303.6815 210.0418 1.9000 0.6630 0.6003 -16.6247 1.9485 38.2165 -5.1085 -0.9729
Car -1 -1 -4.8926 774.7307 171.8203 803.7062 191.6037 1.4702 1.5257 3.6278 13.7143 1.3931 55.4781 -4.6518 -1.4273
Pedestrian -1 -1 -3.9856 771.2844 170.4503 782.1796 192.8963 1.9184 0.4684 0.8493 14.3275 1.7127 62.1059 -3.7603 -1.4473
Car -1 -1 -5.0672 867.5482 173.0979 929.9340 205.7470 1.4512 1.5469 3.6028 13.4515 1.4629 33.9138 -4.6929 -1.5591
Cyclist -1 -1 -8.0752 1189.1122 161.6467 1239.8207 243.9567 1.6936 0.4559 1.7384 13.0909 1.4627 15.7260 -7.3906 -2.0703
