Car -1 -1 -7.8552 583.1270 176.5474 634.0052 223.9717 1.5712 1.7060 3.6211 -0.1061 1.7133 26.0039 -7.8600 7.7957
Car -1 -1 -4.3375 258.4031 186.9119 353.5737 231.3794 1.3994 1.7153 4.3006 -10.9598 1.9526 26.2413 -4.7300 5.4313
Car -1 -1 -4.5219 442.2159 177.6593 475.9729 201.8639 1.6906 1.6576 4.3197 -11.1533 2.0606 53.4300 -4.7271 3.0146
Car -1 -1 -7.0836 642.9768 173.1717 695.4037 195.9251 1.5089 1.6236 3.4940 4.0616 1.5312 49.6601 -7.0029 2.3762
Car -1 -1 -4.3388 420.1847 180.6090 461.4658 204.3092 1.4646 1.4871 3.4697 -11.1491 1.9956 47.6066 -4.5680 2.0691
Car -1 -1 -5.0473 825.5678 171.3749 877.9073 199.0585 1.4607 1.6152 3.6615 13.2688 1.3823 39.9142 -4.7289 0.2409
Car -1 -1 -7.1393 0.0000 165.2035 42.2344 203.3492 2.0548 1.7856 4.0834 -34.7532 1.6424 40.9206 -7.8402 0.1952
Car -1 -1 -8.0136 865.8458 170.9797 916.0205 203.5227 1.4938 1.6365 4.0580 13.6180 1.4074 35.2726 -7.6483 -0.9540
Cyclist -1 -1 -7.5398 241.7735 183.0569 280.1264 247.8414 1.6498 0.4232 1.7053 -9.4713 1.9379 19.5226 -7.9866 -1.2484
Pedestrian -1 -1 -5.0329 1035.0270 182.6416 1054.5325 222.9307 1.1556 0.3915 0.3587 12.6122 1.4433 21.0173 -4.4990 -1.3423
Cyclist -1 -1 -7.8448 992.3119 163.6772 1010.9469 217.3751 1.7318 0.5310 1.8106 13.0837 1.4356 24.1925 -7.3545 -1.5973
Car -1 -1 -4.3306 629.2923 173.1617 668.2471 194.0875 1.5807 1.6390 4.1442 3.0656 1.6056 56.7946 -4.2773 -1.9195
Cyclist -1 -1 -7.6828 790.9568 176.3945 817.3301 217.4671 1.5712 0.7268 1.7953 7.6997 1.7167 28.7368 -7.4242 -1.9382
Pedestrian -1 -1 -5.0294 920.1620 188.2933 943.9995 242.0012 1.1816 0.3718 0.4278 7.1918 1.5337 16.2368 -4.6198 -2.1960
