Car -1 -1 -7.8454 583.4799 176.3211 634.1379 225.3562 1.6116 1.6832 3.6010 -0.0785 1.7438 25.7743 -7.8491 6.6491
Car -1 -1 -4.3580 269.0821 187.5939 355.9125 231.0763 1.4137 1.6783 4.0414 -11.0105 2.0045 26.8915 -4.7436 6.4860
Car -1 -1 -7.1037 641.7417 174.0405 694.9653 197.1993 1.5559 1.6622 3.6675 4.0771 1.6417 50.5161 -7.0241 3.4092
Car -1 -1 -4.5119 444.8751 180.7191 477.1178 201.8339 1.4825 1.5995 4.0312 -11.1728 2.0948 54.1810 -4.7146 1.8578
Car -1 -1 -4.0647 0.0000 164.5569 38.1268 201.2602 1.9576 1.7901 4.0979 -34.6384 1.5147 40.5789 -4.7681 1.2073
Car -1 -1 -6.0272 293.8634 176.0948 359.2577 201.9532 1.6829 1.6684 3.7724 -18.9471 1.9042 48.2702 -6.3996 0.9621
Car -1 -1 -4.5371 424.0873 182.1717 457.5934 205.5363 1.4636 1.5573 3.8270 -11.4066 2.1175 48.7089 -4.7663 0.5393
Car -1 -1 -5.0216 820.9729 171.0880 871.3947 198.5535 1.4866 1.6000 3.8810 13.3147 1.3907 40.9969 -4.7101 -0.0538
Pedestrian -1 -1 -6.1099 362.4478 174.2863 374.6250 202.7049 1.9555 0.6421 0.7010 -16.7801 2.0553 50.0571 -6.4321 -0.1677
Car -1 -1 -7.5415 1218.4835 168.3560 1241.0000 246.1186 1.4388 1.6440 3.8751 14.5173 1.3553 14.9999 -6.7825 -0.8986
Car -1 -1 -4.8330 628.2614 175.7017 653.9801 195.3160 1.4968 1.5712 4.0578 2.4291 1.7327 57.7534 -4.7915 -1.2846
Car -1 -1 -8.1918 867.3798 172.2054 932.4496 206.9892 1.5255 1.6234 3.7856 13.3582 1.4967 33.5652 -7.8164 -1.5977
Cyclist -1 -1 -6.9739 915.2361 163.8823 962.6540 209.1536 1.8122 0.6912 1.7168 13.3759 1.4528 29.4445 -6.5517 -2.0094
