Car -1 -1 -7.8804 591.0983 172.5064 647.9894 226.5444 1.5836 1.6691 3.6263 0.1973 1.5731 22.9727 -7.8727 7.2634
Car -1 -1 -7.4906 810.9953 173.8479 1065.2386 317.6521 1.4292 1.6375 4.0480 4.2812 1.4443 9.2087 -7.0684 7.0789
Car -1 -1 -7.4369 769.6383 174.1748 939.2543 268.4450 1.4351 1.5731 3.5663 4.4032 1.4617 12.8836 -7.1154 6.9048
Car -1 -1 -4.4033 364.2132 176.4169 422.4757 212.1652 1.6630 1.6400 3.9903 -10.7634 1.8503 35.9780 -4.6924 6.3397
Car -1 -1 -7.3241 746.2984 165.9586 894.3758 242.5293 1.5933 1.6358 3.8269 4.9569 1.4495 16.9257 -7.0445 6.0106
Car -1 -1 -4.3414 301.5528 174.3585 387.2517 221.0460 1.7673 1.8190 4.4086 -10.8398 1.8335 29.6804 -4.6891 5.7693
Car -1 -1 -4.4741 411.6285 177.9754 453.9730 204.5987 1.4869 1.5864 3.8270 -10.5273 1.8050 42.9486 -4.7134 3.8423
Car -1 -1 -7.1505 663.8962 171.9317 754.2388 209.0684 1.4934 1.6260 4.0277 4.2549 1.4560 30.9660 -7.0157 3.7735
Car -1 -1 -4.3682 295.6171 176.8536 348.3208 207.5185 1.5057 1.4891 3.3887 -14.9843 1.7234 37.5958 -4.7453 1.6862
Car -1 -1 -4.6670 0.0000 178.8605 19.8738 216.1607 1.5575 1.6278 3.9382 -28.0282 1.8477 32.8462 -5.3695 1.4179
Car -1 -1 -7.2748 653.8478 171.7639 703.4451 196.4295 1.5948 1.6129 3.6116 4.6193 1.5240 48.5664 -7.1809 1.0255
Car -1 -1 -4.6526 470.7733 177.0008 493.6815 196.1162 1.4809 1.5953 4.2483 -10.4490 1.8327 59.0558 -4.8272 0.3041
Car -1 -1 -4.6928 566.1382 173.9621 584.4252 191.3145 1.5011 1.5647 3.5966 -3.1018 1.6026 64.4693 -4.7410 -0.8906
Car -1 -1 -7.7955 594.3828 174.6516 625.7011 201.7101 1.5308 1.6536 3.7498 0.0062 1.6424 42.9939 -7.7959 -0.9289
Cyclist -1 -1 -7.7767 1035.8240 171.1666 1061.1168 223.4254 1.7725 0.6341 1.8284 15.3997 1.7150 25.4020 -7.2373 -1.0809
Car -1 -1 -7.9143 645.5370 171.6409 667.8250 191.5226 1.6088 1.6220 3.8426 3.8468 1.5103 60.3097 -7.8513 -1.7865
Cyclist -1 -1 -7.9391 1073.6824 172.5615 1098.1556 228.1647 1.7044 0.4839 1.8164 15.1285 1.6951 23.0327 -7.3643 -1.9044
