Car -1 -1 -4.1848 0.0000 194.1485 258.8976 334.5988 1.4457 1.5392 3.6724 -6.4552 1.7915 9.8587 -4.7526 7.6373
Car -1 -1 -7.2106 698.1095 172.7978 835.2313 230.0376 1.4863 1.6352 4.2542 4.5299 1.4846 20.7489 -6.9993 7.2157
Car -1 -1 -7.4287 817.9824 172.3977 1071.4663 307.0081 1.4880 1.6363 4.1182 4.6875 1.4827 9.9463 -7.0005 6.9954
Car -1 -1 -7.6277 961.8465 171.9618 1241.0000 374.0000 1.4924 1.6594 3.6053 4.6655 1.4865 6.4051 -7.0205 5.7338
Car -1 -1 -7.8794 589.4825 174.0381 636.0732 218.2250 1.5795 1.6740 3.6442 0.0071 1.6278 27.7347 -7.8798 5.7121
Car -1 -1 -7.2110 666.2143 176.2370 761.8749 216.1516 1.3894 1.5638 3.9133 3.9581 1.5265 27.3815 -7.0695 4.4297
Car -1 -1 -4.4417 415.8958 173.8368 462.4549 203.9803 1.8912 1.8240 4.6305 -11.2697 1.9592 47.7723 -4.6725 4.3924
Car -1 -1 -4.5594 457.9282 180.6317 499.9218 207.7083 1.4213 1.7376 4.2039 -7.4628 1.8882 41.2175 -4.7379 4.0038
Car -1 -1 -4.5401 395.2082 175.6517 425.1611 196.9110 1.5702 1.6002 3.8121 -15.4356 1.7938 55.7848 -4.8091 1.6279
Car -1 -1 -7.1768 644.5921 163.8667 715.6071 200.8613 2.0347 1.7738 4.3428 4.0761 1.5401 41.8583 -7.0808 1.5232
Car -1 -1 -7.3371 668.3555 176.8209 742.1459 212.6042 1.4378 1.6016 3.6238 4.1444 1.6204 31.3473 -7.2074 1.5063
Car -1 -1 -4.3986 442.6166 177.5601 479.4789 198.6172 1.4938 1.5937 3.8536 -11.1477 1.8593 54.0851 -4.6012 0.4446
Car -1 -1 -5.2007 1220.2373 174.2688 1241.0000 215.0110 1.4303 1.6072 3.8691 25.3083 1.4880 27.5465 -4.4633 0.0881
Car -1 -1 -7.0103 1178.3595 159.3196 1241.0000 199.2136 1.8018 1.6266 3.6038 28.7287 1.1902 33.4405 -6.3051 0.0456
Car -1 -1 -3.6849 1110.5162 167.9021 1224.8035 204.3519 1.7461 1.6634 4.2149 27.4051 1.5086 35.6189 -3.0334 -1.0346
Car -1 -1 -6.8113 636.3806 173.7579 698.0168 196.3411 1.4808 1.6227 3.8867 3.8582 1.5439 49.0144 -6.7336 -1.2939
Pedestrian -1 -1 -7.7281 1127.2393 163.4302 1147.2871 212.6231 1.8732 0.5781 0.4214 20.2881 1.5140 27.8261 -7.1036 -1.6393
Cyclist -1 -1 -8.2507 1170.8202 174.2851 1216.7236 232.2716 1.6284 0.4011 1.7176 17.0642 1.6718 21.1867 -7.5799 -1.7023
Car -1 -1 -4.6635 818.4807 175.2133 846.1485 199.8199 1.6122 1.6354 4.2924 15.4105 1.7829 50.0102 -4.3666 -1.8921
Cyclist -1 -1 -7.8794 1202.9906 172.4097 1224.9072 232.5504 1.6733 0.4260 1.7362 17.4244 1.6606 20.8908 -7.1917 -2.0439
