Car -1 -1 -7.5162 874.8676 175.8425 1188.9681 372.2490 1.4689 1.6172 3.7699 4.3457 1.5064 7.2982 -6.9976 7.9077
Car -1 -1 -4.5018 406.3132 182.2990 468.6423 224.9393 1.4767 1.5843 3.6734 -6.5794 1.8628 27.6623 -4.7337 6.7506
Car -1 -1 -7.8830 590.9409 175.2396 635.9195 216.7650 1.5354 1.6690 3.6690 0.0357 1.6363 28.7502 -7.8825 6.6113
Car -1 -1 -7.1439 673.1577 175.2688 773.6486 214.2717 1.4426 1.6347 4.2101 4.5530 1.5457 28.9220 -6.9899 6.5001
Car -1 -1 -7.3597 779.9485 160.8091 1016.5220 293.5218 1.6449 1.6684 3.8994 4.3770 1.4953 10.8399 -6.9862 6.4278
Car -1 -1 -7.2194 721.2734 175.5418 868.8480 240.2727 1.4448 1.5866 3.9148 4.6600 1.5190 18.1163 -6.9722 4.8277
Car -1 -1 -7.3397 756.0089 173.0426 911.6245 258.8399 1.5263 1.6233 3.2476 4.5180 1.5302 14.5513 -7.0452 3.3652
Car -1 -1 -7.1313 653.6146 176.2557 732.2319 206.6360 1.3985 1.5894 4.0280 4.0912 1.5752 35.5898 -7.0183 3.0662
Car -1 -1 -7.9399 1168.5385 153.2464 1241.0000 374.0000 1.5717 1.6652 3.9908 4.0722 1.5218 3.8976 -7.1703 2.4804
Car -1 -1 -4.5007 449.4708 176.5503 483.6812 198.6083 1.6235 1.7493 4.2392 -11.1003 1.9207 55.9536 -4.6960 1.4448
Car -1 -1 -4.4413 505.9891 177.5226 537.4821 196.6766 1.5250 1.6135 3.9968 -7.3934 1.9301 60.5643 -4.5626 1.4127
Car -1 -1 -4.6328 424.9751 175.4943 448.7336 194.5615 1.6254 1.7249 4.2910 -15.4364 1.8690 64.3865 -4.8674 1.0172
Car -1 -1 -6.8542 1079.4385 161.9631 1176.6409 194.5388 1.8274 1.6925 4.3046 29.6378 1.2161 41.4203 -6.2367 0.9865
Car -1 -1 -7.2957 640.1187 165.4480 692.2913 194.4432 1.9221 1.7082 4.0720 3.9023 1.4309 49.9777 -7.2186 -0.0611
Car -1 -1 -5.3186 1217.1345 168.6678 1241.0000 199.7087 1.4454 1.6127 3.9035 32.2168 1.2502 35.6346 -4.5878 -0.9336
Car -1 -1 -5.1954 1032.5587 175.9840 1136.9095 218.1783 1.4665 1.6247 3.9729 17.8558 1.5941 27.4330 -4.6237 -1.0628
Pedestrian -1 -1 -5.2383 1133.5339 194.5627 1161.3419 243.9161 1.2477 0.4293 0.4064 13.8459 1.8156 18.6628 -4.6081 -1.4055
