Car -1 -1 -7.5244 894.8879 151.1850 1241.0000 374.0000 1.6736 1.6645 3.6527 4.2806 1.5295 6.5884 -6.9693 8.0899
Car -1 -1 -7.1514 683.3723 174.1367 798.1255 222.1412 1.5131 1.6378 4.0750 4.4957 1.5602 24.7756 -6.9746 7.6181
Car -1 -1 -4.3915 300.1196 187.5203 407.9273 252.6554 1.4517 1.5601 3.5877 -6.5490 1.8681 18.6968 -4.7246 7.3836
Car -1 -1 -7.8652 589.1609 176.4116 635.9621 219.0868 1.5503 1.7202 3.5483 0.0292 1.6982 28.2918 -7.8648 6.8976
Car -1 -1 -7.3632 752.5555 175.8421 933.7230 264.0591 1.4597 1.6329 4.1134 4.6072 1.5262 14.0950 -7.0543 6.6464
Car -1 -1 -7.4481 815.8007 176.8984 1026.1783 299.9198 1.4628 1.5936 3.4436 4.5447 1.5311 10.4642 -7.0495 5.2469
Car -1 -1 -7.2220 658.8279 177.2604 746.5360 211.8085 1.3870 1.6165 4.2488 4.0761 1.5925 31.6003 -7.0955 4.1492
Car -1 -1 -4.4933 433.7635 175.8654 473.2722 201.5826 1.7497 1.8184 4.6114 -11.2326 1.9758 51.9433 -4.7056 4.0102
Car -1 -1 -4.5993 486.5695 179.2986 517.7691 202.1865 1.5026 1.7044 4.2103 -7.5626 1.9742 50.7042 -4.7471 1.8423
Car -1 -1 -4.5989 410.4737 175.8769 436.0332 196.6386 1.6489 1.6257 3.8733 -15.4992 1.9081 59.9249 -4.8512 1.7709
Car -1 -1 -4.4321 456.2732 176.7435 489.8089 197.6365 1.6085 1.6446 3.9140 -11.0545 1.9335 58.3274 -4.6189 1.5695
Car -1 -1 -7.1716 659.3474 177.2187 731.7816 209.0835 1.4516 1.5917 3.6119 4.1684 1.6753 35.2014 -7.0552 -0.3845
Car -1 -1 -8.4440 1106.4084 174.4827 1241.0000 239.9257 1.4989 1.5858 3.6993 14.6606 1.5447 18.5223 -7.7826 -0.7818
Car -1 -1 -7.3971 61.4768 168.0562 130.4911 197.4993 1.7686 1.7700 4.4429 -32.4606 1.4801 45.6743 -8.0123 -0.7915
Pedestrian -1 -1 -3.9366 1064.2705 152.4950 1079.1525 197.8819 1.9891 0.4789 0.3018 20.3613 1.0966 31.8895 -3.3728 -0.8209
Cyclist -1 -1 -8.2834 1146.8604 176.3456 1190.2880 231.1351 1.6142 0.3877 1.6621 17.1267 1.7255 22.2194 -7.6336 -1.0200
Car -1 -1 -4.6335 481.0445 176.7543 501.9318 194.1887 1.5082 1.5669 3.8572 -10.7180 1.8716 65.2938 -4.7959 -1.5067
