Car -1 -1 -7.8561 588.0261 176.4997 635.5498 220.0092 1.5371 1.6993 3.6638 0.0133 1.6857 27.6322 -7.8563 7.0473
Car -1 -1 -7.2249 703.4147 173.2497 844.2975 233.7932 1.4845 1.6079 4.1785 4.4995 1.4961 19.7009 -7.0043 6.9668
Car -1 -1 -7.4684 842.4474 170.9134 1123.2600 326.4156 1.5036 1.6594 4.2345 4.7374 1.4845 8.9909 -6.9977 6.3423
Car -1 -1 -4.0424 0.0000 200.8076 181.1371 374.0000 1.4015 1.5670 3.7177 -6.4546 1.7690 7.6243 -4.7279 5.8458
Car -1 -1 -7.2503 669.8737 177.0990 771.8090 219.2050 1.4005 1.6078 4.1945 4.0934 1.5683 26.4968 -7.0993 5.7246
Car -1 -1 -4.4206 411.7260 176.4066 460.0274 204.4131 1.7025 1.8229 4.4904 -11.2387 1.9436 46.7356 -4.6557 5.0767
Car -1 -1 -7.7004 1042.1501 171.5297 1241.0000 374.0000 1.4772 1.6082 3.4441 4.6707 1.4702 5.4159 -7.0159 4.0734
Car -1 -1 -4.5043 449.9389 179.8067 498.6190 210.9685 1.5483 1.7304 4.3014 -7.3004 1.9446 38.9892 -4.6887 2.6529
Car -1 -1 -4.5421 390.8780 177.5631 421.4814 199.3730 1.5714 1.6237 3.7388 -15.4586 1.9412 54.7687 -4.8163 2.3469
Car -1 -1 -7.0226 669.0051 176.1830 762.6766 213.2278 1.4399 1.6082 3.7674 4.3937 1.5863 30.0777 -6.8795 1.8480
Car -1 -1 -6.9456 1196.6735 159.6168 1241.0000 203.6634 1.9148 1.6888 3.7567 28.8429 1.3390 32.3247 -6.2218 1.7445
Car -1 -1 -4.9495 839.5713 177.4813 882.5905 204.4647 1.5368 1.5902 3.8359 15.1327 1.8299 43.7590 -4.6191 -0.6514
Car -1 -1 -7.2829 639.1234 174.2370 692.5265 197.7278 1.5015 1.6061 4.1275 3.7630 1.5983 48.5025 -7.2064 -0.9901
Car -1 -1 -6.9266 1058.3811 178.9436 1216.9841 230.6552 1.4822 1.6160 3.6187 15.7589 1.6724 21.7303 -6.3061 -1.0166
Cyclist -1 -1 -7.9456 865.5184 175.1185 878.2020 206.8172 1.7392 0.5025 1.7883 14.7072 1.8694 40.6501 -7.6013 -1.9377
