Car -1 -1 -7.4414 775.4357 175.3234 996.7275 290.2319 1.4148 1.6265 4.1977 4.3120 1.4594 11.0413 -7.0789 7.4313
Car -1 -1 -4.3366 317.0465 175.5674 399.1212 218.5022 1.7203 1.8640 4.4454 -10.9025 1.8469 31.4590 -4.6680 7.2280
Car -1 -1 -7.8540 591.5544 174.1454 648.2631 226.6404 1.5839 1.7187 3.6503 0.2703 1.6293 23.6954 -7.8435 6.9498
Car -1 -1 -4.4267 376.8304 177.1703 431.2986 211.3732 1.6730 1.6604 4.0778 -10.7675 1.9114 37.8577 -4.7024 6.5855
Car -1 -1 -7.3311 742.6403 176.0536 907.9238 259.3829 1.4661 1.5972 3.7132 4.4127 1.5392 14.6971 -7.0457 6.0626
Car -1 -1 -7.2979 732.4675 168.2903 863.0917 237.1608 1.6094 1.6224 3.6134 4.8751 1.5024 18.6965 -7.0473 4.9451
Car -1 -1 -7.1455 659.6903 172.1630 748.8856 208.3380 1.5438 1.6851 4.2249 4.2972 1.5140 32.8330 -7.0170 4.4597
Car -1 -1 -4.4784 419.4551 179.6003 459.4240 204.7959 1.4603 1.5722 3.7965 -10.5575 1.8960 44.7369 -4.7092 3.7083
Car -1 -1 -4.7564 1.7349 179.5710 48.8212 214.5082 1.5325 1.5849 3.7514 -27.8851 1.8697 34.3233 -5.4350 2.7599
Car -1 -1 -4.3818 310.0320 178.6745 359.9897 207.3810 1.4696 1.5041 3.4556 -14.9930 1.8013 39.3989 -4.7435 1.8477
Car -1 -1 -7.7273 1123.5874 151.9940 1241.0000 374.0000 1.5758 1.6985 3.9320 4.5861 1.5110 4.0824 -6.9196 1.1324
Car -1 -1 -5.0566 914.7098 178.1261 967.0810 206.2052 1.5326 1.5773 3.7691 19.1791 1.8538 42.0545 -4.6318 0.8972
Car -1 -1 -4.7534 473.3089 176.1171 494.2377 194.9832 1.5159 1.5738 3.9100 -10.6822 1.7999 60.7738 -4.9270 -1.2295
