Car -1 -1 -7.6147 904.4252 169.6681 1236.3933 374.0000 1.4635 1.6189 4.0664 4.2652 1.4434 6.4744 -7.0536 7.7854
Car -1 -1 -7.4888 813.5653 172.4307 1025.8778 296.6853 1.4401 1.5915 3.6346 4.4455 1.4349 10.2255 -7.0900 7.3540
Car -1 -1 -4.3946 343.2315 175.6284 407.7550 213.7641 1.6395 1.6364 4.0773 -10.7937 1.7753 33.3614 -4.7055 6.9322
Car -1 -1 -4.2887 265.6336 173.0959 366.8092 224.5252 1.7612 1.8428 4.3865 -10.8721 1.7707 26.9608 -4.6690 6.9005
Car -1 -1 -7.8744 590.4766 171.1356 652.0332 228.4864 1.5915 1.7093 3.6840 0.2441 1.5435 21.8736 -7.8642 6.6191
Car -1 -1 -7.3557 773.3223 161.9876 949.4738 256.5319 1.6154 1.6610 3.8467 4.9923 1.4294 14.2406 -7.0257 6.1457
Car -1 -1 -7.1502 669.2919 169.8824 768.7050 210.5658 1.4836 1.6282 4.0376 4.2728 1.3750 28.2551 -7.0022 4.1664
Car -1 -1 -4.4466 397.5400 177.6889 443.6035 205.7715 1.4677 1.5486 3.7591 -10.5441 1.7497 40.2470 -4.7015 4.1568
Car -1 -1 -7.2781 654.7268 170.3652 709.5081 195.2887 1.5201 1.6470 3.8546 4.6039 1.3680 46.0266 -7.1794 1.9702
Car -1 -1 -5.0227 958.2560 177.2516 1015.4503 207.5061 1.4654 1.5827 3.6073 19.4247 1.7047 37.4115 -4.5475 0.1227
Car -1 -1 -7.2336 648.5578 169.5712 695.7081 189.9937 1.5573 1.6072 4.1529 4.9263 1.3067 57.1232 -7.1484 -0.6941
Car -1 -1 -7.2967 440.2665 172.5502 479.4906 190.7757 1.6001 1.6250 3.9828 -13.6060 1.5731 65.4963 -7.5009 -0.9175
Car -1 -1 -4.5345 638.0661 174.9912 662.2325 191.4389 1.4784 1.5859 3.9598 3.7650 1.6843 67.5137 -4.4794 -1.5336
Car -1 -1 -2.8042 567.3889 170.7875 647.5823 202.2783 1.6941 1.6782 4.1570 -0.1716 1.5827 40.2887 -2.8089 -1.9829
Car -1 -1 -7.6331 643.1779 169.0833 672.0328 188.3545 1.6498 1.6813 4.1895 4.2361 1.3267 64.0181 -7.5676 -2.0024
Cyclist -1 -1 -7.1493 258.4471 174.2554 296.4070 212.4778 1.7191 0.6874 1.6540 -15.4215 1.7855 33.4073 -7.5790 -2.1634
