Car -1 -1 -7.3834 792.9219 157.8198 1059.1315 309.4468 1.6667 1.6852 4.1002 4.3977 1.5011 9.8897 -6.9768 7.2735
Car -1 -1 -7.6000 916.6726 176.3277 1241.0000 374.0000 1.4744 1.6424 3.7235 4.2722 1.5135 6.3163 -7.0276 7.2247
Car -1 -1 -4.4740 386.7544 182.0334 458.0439 229.2154 1.4988 1.6160 3.6153 -6.5726 1.8453 25.4450 -4.7248 7.1559
Car -1 -1 -7.9044 589.7140 175.1202 636.3464 216.6544 1.5295 1.6532 3.5760 0.0190 1.6248 28.5975 -7.9044 6.7963
Car -1 -1 -7.1311 675.1203 174.2473 779.7612 216.2963 1.5026 1.6521 4.1663 4.5417 1.5599 27.8750 -6.9718 6.7653
Car -1 -1 -7.2578 728.0286 174.5288 883.3655 243.6698 1.4493 1.5962 4.0047 4.6707 1.4932 17.1311 -6.9967 5.5555
Car -1 -1 -4.4722 444.4603 173.9576 481.7900 198.8888 1.8123 1.7590 4.5219 -11.1563 1.8996 54.9487 -4.6720 4.7432
Car -1 -1 -7.3375 768.8999 172.7120 939.4811 266.7825 1.5375 1.6151 3.3093 4.5757 1.5349 13.5013 -7.0182 3.6156
Car -1 -1 -6.8991 1080.6500 164.2317 1176.6409 199.0153 1.9096 1.7352 4.1350 29.0047 1.4360 40.4841 -6.2812 2.8703
Car -1 -1 -7.1408 655.8170 177.0319 729.2684 207.7713 1.3667 1.5271 3.5462 3.9179 1.5753 34.3224 -7.0286 2.5635
Car -1 -1 -4.5784 421.4712 174.0838 447.2055 193.6160 1.6433 1.6640 4.0041 -15.3350 1.7540 63.0439 -4.8163 1.3758
Car -1 -1 -4.5313 503.8238 176.8788 531.7745 196.6879 1.5165 1.5634 3.8397 -7.4012 1.8507 57.9949 -4.6580 1.3338
Car -1 -1 -7.1910 639.7542 166.2566 700.3965 196.4289 1.9591 1.8112 4.3625 4.0946 1.5304 49.0666 -7.1087 0.8430
Car -1 -1 -8.4394 1192.5557 184.4505 1241.0000 348.8028 1.4371 1.5979 3.9183 9.0230 1.6097 8.6820 -7.6521 -0.7347
Pedestrian -1 -1 -5.4259 543.8155 174.3435 554.5683 194.6895 1.7955 0.6395 0.7183 -5.4356 1.9287 64.2236 -5.5104 -1.3025
Cyclist -1 -1 -8.0194 1231.9167 171.6945 1241.0000 206.1123 1.6845 0.4137 1.8162 31.6230 1.6274 36.1958 -7.3057 -2.0263
Car -1 -1 -5.2273 1077.2776 177.9232 1198.8326 224.7395 1.4418 1.6264 3.8695 17.8349 1.6289 24.6654 -4.6074 -2.1530
