Car -1 -1 -7.5463 837.3805 156.8428 1122.2523 357.8828 1.6466 1.6886 3.9176 4.1510 1.5151 7.8996 -7.0787 8.2654
Car -1 -1 -7.8566 592.4283 174.4473 637.2841 216.0641 1.5631 1.6934 3.6194 0.1406 1.6309 29.0494 -7.8524 6.9038
Car -1 -1 -4.5670 459.5576 180.1889 502.2916 211.7555 1.4913 1.6288 3.6803 -6.5709 1.8843 36.8187 -4.7428 6.0862
Car -1 -1 -7.2507 729.8951 164.1858 905.3502 256.4887 1.6921 1.6734 3.8055 4.3574 1.5329 15.0858 -6.9756 5.8989
Car -1 -1 -7.1598 664.9561 172.4405 749.7784 207.5217 1.5160 1.6460 4.0683 4.4787 1.4978 33.1633 -7.0272 5.5742
Car -1 -1 -7.1934 699.9468 174.0932 823.4052 225.6400 1.4547 1.6209 4.0330 4.7152 1.4961 22.3799 -6.9891 5.2500
Car -1 -1 -7.3989 769.8024 174.1152 974.9134 285.3058 1.4881 1.6308 3.7474 4.2624 1.5114 11.5911 -7.0556 4.5540
Car -1 -1 -7.7914 1079.2773 180.5043 1241.0000 374.0000 1.4610 1.6316 3.7272 4.1833 1.5264 4.3123 -7.0554 3.0577
Car -1 -1 -4.4054 460.2216 173.5905 495.8409 196.3963 1.8260 1.6738 4.3926 -10.9857 1.8895 60.2052 -4.5854 2.4840
Car -1 -1 -8.6012 1154.7297 163.4894 1236.6266 192.5194 1.5396 1.6044 3.4460 32.3698 1.0426 40.0413 -7.9251 2.1978
Car -1 -1 -7.1545 650.8239 173.5920 718.1937 202.2678 1.4992 1.6333 3.7949 4.0988 1.5415 39.7272 -7.0529 2.1069
Car -1 -1 -7.2800 722.8835 177.1394 859.4504 237.9267 1.4194 1.6101 3.9733 4.8107 1.5439 19.0693 -7.0372 1.6090
Car -1 -1 -6.7759 1031.2521 162.4763 1120.0455 190.5930 1.7371 1.6515 4.4638 29.3141 1.0957 45.5710 -6.2074 1.2677
Car -1 -1 -3.4199 875.7485 173.6324 936.4175 195.7631 1.4528 1.5632 3.4655 19.7869 1.5058 48.3977 -3.0342 0.5467
Car -1 -1 -3.6807 1076.9183 183.0931 1241.0000 275.8643 1.4042 1.5532 3.8615 10.3248 1.5922 12.2115 -2.9913 -0.1462
Cyclist -1 -1 -5.5633 0.0000 182.5433 39.3679 229.6615 1.7153 0.6164 1.6483 -22.2474 2.0785 26.7367 -6.2525 -0.4194
Car -1 -1 -4.3882 633.6543 173.7920 665.6178 192.5491 1.5513 1.5869 3.8953 3.4143 1.6343 61.9861 -4.3338 -1.9763
