Car -1 -1 -4.1183 1.7353 178.1901 211.1004 268.6459 1.6756 1.6671 4.1169 -10.6907 1.8064 15.6698 -4.7093 7.8778
Car -1 -1 -7.4251 780.7944 167.3000 1016.8873 295.9622 1.5246 1.6634 4.1207 4.3137 1.4585 10.5768 -7.0484 7.5839
Car -1 -1 -7.8517 581.2886 172.3999 688.0844 273.6038 1.5719 1.6614 3.6277 0.3809 1.5645 13.0444 -7.8243 7.2838
Car -1 -1 -7.1889 689.7868 168.3281 785.2030 212.8463 1.6171 1.6735 3.8056 4.9642 1.4524 28.1048 -7.0164 6.5238
Car -1 -1 -4.2824 214.4152 182.7995 330.8626 237.0085 1.4887 1.6854 4.2307 -10.4947 1.8305 22.7075 -4.7113 6.4561
Car -1 -1 -7.2219 669.9500 171.5386 733.7901 200.7085 1.5072 1.5645 3.6875 4.9831 1.4389 39.1583 -7.0967 4.7587
Car -1 -1 -4.3558 393.4669 177.0254 452.8041 207.3087 1.5083 1.6082 4.5418 -10.0302 1.7466 38.9265 -4.6068 3.5117
Car -1 -1 -4.4403 427.6251 172.1000 472.6980 202.4825 1.8193 1.7315 4.0599 -10.0032 1.7738 45.2795 -4.6568 3.1186
Car -1 -1 -4.1837 300.5777 175.9749 361.5546 205.7293 1.4664 1.5134 3.2887 -14.5384 1.6366 37.6703 -4.5499 2.3762
Car -1 -1 -4.4826 472.2415 174.3851 506.3464 195.8849 1.5791 1.6494 4.3082 -9.2655 1.7013 55.5131 -4.6475 1.9519
Car -1 -1 -7.1624 656.4082 171.4605 713.2583 195.3852 1.4520 1.5756 3.7118 4.7296 1.3671 45.6524 -7.0602 1.7107
Car -1 -1 -7.8662 599.3958 175.6053 643.0900 215.1272 1.4598 1.6287 3.5025 0.3733 1.5754 28.6458 -7.8540 0.8048
Car -1 -1 -4.5328 373.4698 174.8802 409.5006 198.8617 1.5154 1.6052 3.9865 -14.5226 1.6558 48.0161 -4.8253 0.7902
Car -1 -1 -4.0172 0.0000 180.6473 84.1181 251.0139 1.4892 1.5133 3.4965 -14.7665 1.6958 17.4062 -4.7133 0.4205
Car -1 -1 -4.6721 578.9987 175.6691 634.5494 229.8598 1.5213 1.5727 3.5633 -0.0806 1.6149 22.2529 -4.6765 0.3094
Pedestrian -1 -1 -7.8483 553.8270 172.6142 563.7434 201.2422 1.7105 0.5913 0.6507 -3.1185 1.6958 43.4544 -7.9199 -1.0888
