Car -1 -1 -7.2771 718.0790 169.0629 839.8054 226.7930 1.5909 1.6960 3.9982 5.1400 1.4861 21.8812 -7.0500 7.0103
Car -1 -1 -4.1449 48.7882 191.2288 237.3036 267.3757 1.4088 1.6179 4.0735 -10.3879 1.8777 16.3803 -4.7031 6.9846
Car -1 -1 -7.9020 566.3378 171.9130 763.0495 354.0139 1.5658 1.6914 3.5037 0.4120 1.5574 7.9561 -7.8539 6.8571
Car -1 -1 -4.4166 401.5690 177.0362 452.9580 208.6064 1.5927 1.6242 3.8689 -9.8216 1.8292 38.8952 -4.6627 6.2046
Car -1 -1 -4.3458 353.1426 180.6534 428.9006 216.0386 1.4387 1.7402 4.6133 -9.8629 1.8180 32.7459 -4.6365 5.5161
Car -1 -1 -7.2092 687.4223 171.9979 760.9601 206.9295 1.5018 1.5365 3.4540 5.1781 1.4647 32.7750 -7.0543 3.8666
Car -1 -1 -4.1900 237.2522 179.6295 312.6177 215.7800 1.4479 1.5088 3.3001 -14.4737 1.7571 31.2524 -4.6208 3.7854
Car -1 -1 -7.1774 668.6619 174.0157 733.3459 200.9493 1.3942 1.5228 3.6983 4.9572 1.4602 39.3425 -7.0534 3.2633
Car -1 -1 -4.3647 455.9407 176.7940 500.2595 200.2182 1.5026 1.6254 4.2462 -8.9774 1.7834 49.2626 -4.5444 3.1902
Car -1 -1 -7.8674 1111.5698 160.8475 1241.0000 374.0000 1.5259 1.6574 3.9168 4.2660 1.4863 4.3779 -7.1286 2.7798
Car -1 -1 -7.8656 604.7499 177.0908 650.4128 218.7659 1.4456 1.6069 3.5462 0.5881 1.6153 27.1699 -7.8449 2.1324
Car -1 -1 -7.9468 587.0443 179.5468 668.1645 249.7500 1.4865 1.5974 3.7459 0.2759 1.6671 17.5756 -7.9323 1.5254
Car -1 -1 -4.3891 338.3000 179.1711 387.3195 205.5600 1.4160 1.5398 3.7910 -14.1987 1.7959 41.5264 -4.7170 1.4350
Car -1 -1 -4.2663 516.6249 176.3614 553.8053 194.6048 1.4824 1.5701 4.0399 -6.3699 1.7922 61.6279 -4.3692 0.7528
Car -1 -1 -6.8722 214.5444 181.4671 292.3700 208.8400 1.4306 1.5338 3.7391 -20.2171 1.9433 40.9727 -7.3282 0.3107
Car -1 -1 -4.8208 547.5067 175.8623 571.4671 194.4872 1.4806 1.5707 3.9139 -4.2621 1.7395 60.0927 -4.8916 0.2393
Pedestrian -1 -1 -7.7306 546.7326 174.0545 560.4146 208.3657 1.7511 0.6340 0.6024 -2.9428 1.8131 37.1607 -7.8096 -0.2572
Car -1 -1 -3.0013 808.3197 176.8268 855.0117 192.9482 1.4289 1.5502 3.9210 20.3240 1.8018 66.2400 -2.7052 -0.3004
Car -1 -1 -4.8152 430.3936 178.1211 459.8839 200.8606 1.4909 1.5953 4.1219 -11.6130 1.8756 50.5372 -5.0403 -0.3347
Car -1 -1 -7.9550 535.6954 174.1250 573.6193 206.6961 1.6646 1.6573 3.8608 -3.0820 1.7368 39.0828 -8.0337 -1.6251
Car -1 -1 -7.5607 633.5035 170.7313 664.4735 189.9147 1.6201 1.6207 3.9983 3.4200 1.4405 63.0925 -7.5071 -2.1287
