Car -1 -1 -7.5847 880.6600 165.2223 1186.7708 374.0000 1.5408 1.6695 4.1341 4.4363 1.4844 7.3445 -7.0597 7.7441
Car -1 -1 -4.1956 145.6496 188.6248 289.9506 251.3570 1.4223 1.5918 4.0546 -10.4171 1.8917 19.4403 -4.6822 6.9952
Car -1 -1 -7.2198 701.6299 170.2365 811.7779 220.9082 1.6099 1.7086 3.9732 5.0683 1.5264 24.8933 -7.0218 6.8627
Car -1 -1 -7.8773 579.4692 174.4677 712.3921 299.8622 1.5824 1.6871 3.6550 0.4217 1.6108 10.9904 -7.8414 6.3186
Car -1 -1 -7.2256 678.2258 173.7844 745.4077 205.2106 1.4793 1.5378 3.5173 5.0557 1.5276 35.8714 -7.0872 5.8684
Car -1 -1 -3.9828 0.0000 182.2479 133.9788 304.6402 1.6890 1.7220 4.3970 -10.6816 1.8807 12.5250 -4.6786 5.4053
Car -1 -1 -4.3838 375.0105 181.8083 439.7712 213.5476 1.4157 1.7278 4.4815 -9.9837 1.8875 35.7603 -4.6545 4.8526
Car -1 -1 -4.1732 269.8406 178.5346 338.4544 212.3413 1.5011 1.5239 3.3037 -14.5361 1.7851 34.3663 -4.5709 4.5260
Car -1 -1 -4.4191 414.9095 175.9802 462.4119 206.7446 1.6870 1.6118 3.9581 -9.9475 1.8775 42.0035 -4.6506 4.3152
Car -1 -1 -4.4029 463.4400 175.7178 504.4448 199.6434 1.6439 1.7502 4.1297 -9.1057 1.8596 52.2602 -4.5750 2.8761
Car -1 -1 -7.1863 661.5905 172.6570 724.9964 198.6835 1.4613 1.5957 3.9716 4.9052 1.4499 42.4831 -7.0725 2.2823
Car -1 -1 -4.2714 518.2805 175.7675 554.3629 193.1236 1.4837 1.6048 4.1366 -6.5816 1.7534 64.6440 -4.3728 0.8560
Car -1 -1 -7.8714 601.9607 178.4717 650.1099 222.3365 1.4189 1.5881 3.5786 0.4822 1.6318 25.5884 -7.8535 0.7024
Car -1 -1 -4.4862 357.4582 178.7805 400.3767 204.2339 1.4679 1.6308 4.2029 -14.3118 1.8532 44.7794 -4.7942 0.4775
Car -1 -1 -2.2218 80.0389 185.3178 179.1028 219.3606 1.4415 1.6282 4.1070 -22.0448 2.0372 33.0549 -2.8064 0.4393
Car -1 -1 -4.7301 581.6423 181.6263 650.5477 248.2294 1.4895 1.5911 3.8317 0.0596 1.7385 18.5723 -4.7279 0.2050
