Car -1 -1 -4.1367 37.8736 190.7030 229.8854 269.3739 1.4336 1.6387 3.9456 -10.3665 1.8788 16.0269 -4.7036 7.5487
Car -1 -1 -7.2652 719.3164 169.1899 843.3859 228.0651 1.5978 1.7007 3.9613 5.1328 1.4980 21.5550 -7.0351 7.4456
Car -1 -1 -4.3669 351.7013 181.0660 426.4349 216.8603 1.4381 1.7244 4.6623 -9.8607 1.8342 32.4517 -4.6600 6.2913
Car -1 -1 -4.4328 400.9026 174.7449 452.7901 209.9581 1.7766 1.6571 3.9703 -9.7744 1.8829 38.6319 -4.6794 6.0071
Car -1 -1 -7.8995 569.4713 173.0425 769.9531 362.4312 1.5433 1.6355 3.4212 0.4427 1.5454 7.6006 -7.8453 5.9547
Car -1 -1 -4.1716 233.9808 178.9430 310.1100 216.5088 1.4976 1.5461 3.1587 -14.4625 1.7724 30.9529 -4.6057 5.0436
Car -1 -1 -7.1565 687.1658 172.9579 763.7322 208.5765 1.5132 1.5352 3.4570 5.1677 1.5178 32.3772 -7.0001 3.6812
Car -1 -1 -7.1685 668.9836 174.3634 737.7068 202.6556 1.4489 1.5703 3.9162 5.0534 1.5343 39.0723 -7.0413 3.4175
Car -1 -1 -7.6556 524.3206 180.3080 556.0445 201.8745 1.4418 1.5566 3.6945 -4.9733 1.9931 51.4788 -7.7518 3.1402
Car -1 -1 -7.9034 605.1047 177.2554 649.2267 215.2178 1.4422 1.6220 3.5225 0.6073 1.6334 29.6100 -7.8837 2.6566
Car -1 -1 -7.9323 1173.2960 163.0147 1241.0000 374.0000 1.5194 1.6381 3.9573 4.2299 1.4914 4.0807 -7.1649 2.4404
Car -1 -1 -7.8795 595.9959 179.7197 663.3676 242.4679 1.4600 1.6041 3.5077 0.4080 1.6566 18.9311 -7.8592 1.7608
Car -1 -1 -4.3411 338.4767 177.9448 389.6897 204.8375 1.4369 1.5112 3.7295 -14.0027 1.7404 41.1667 -4.6674 1.1172
Car -1 -1 -7.5101 454.6209 179.9354 499.6333 203.4365 1.4827 1.6928 4.1966 -9.0066 1.9856 49.0611 -7.6911 1.0934
Car -1 -1 -2.3325 0.0000 180.2699 97.7567 221.4227 1.4883 1.6922 4.3167 -22.3016 1.7835 27.6288 -3.0070 0.3724
Pedestrian -1 -1 -8.3543 544.6326 174.8401 563.6032 208.3015 1.6802 0.6506 0.8205 -2.8931 1.7827 36.8149 -8.4326 -0.0628
Car -1 -1 -4.6269 635.9529 172.0923 656.8797 188.8771 1.5145 1.6169 3.9682 3.3963 1.4454 67.1775 -4.5769 -0.5722
Car -1 -1 -4.2577 512.1662 177.0126 550.3196 195.4349 1.4873 1.5871 4.1096 -6.6877 1.8538 61.4471 -4.3660 -0.6524
Car -1 -1 -8.2077 524.3484 173.6724 579.1547 206.4410 1.6543 1.6640 3.9180 -3.2136 1.7003 38.6600 -8.2906 -2.1007
