Car -1 -1 -7.9043 578.1155 176.4669 743.7103 328.3114 1.5697 1.7322 3.5357 0.4697 1.6249 9.3139 -7.8571 7.3960
Car -1 -1 -7.2582 719.6180 172.1177 844.4963 230.9656 1.5797 1.6846 3.9255 5.0957 1.5596 21.3180 -7.0273 7.3572
Car -1 -1 -4.1157 30.2087 192.9643 229.7361 273.8564 1.4355 1.6204 4.0445 -10.3299 1.9343 15.8638 -4.6855 6.9808
Car -1 -1 -4.1504 231.4056 180.2851 310.8446 218.7518 1.5120 1.5259 3.3206 -14.4132 1.8466 30.7781 -4.5854 6.4794
Car -1 -1 -4.3583 349.2650 183.8978 425.9255 220.3290 1.4366 1.7587 4.6551 -9.8678 1.9665 32.2674 -4.6533 6.0382
Car -1 -1 -4.4463 424.9899 182.5967 483.9033 221.4824 1.4877 1.6001 3.2566 -6.4710 1.9166 30.1122 -4.6567 5.7560
Car -1 -1 -7.1955 688.9019 175.4338 762.9639 211.7474 1.5212 1.5484 3.3351 5.1569 1.6420 32.1748 -7.0385 5.5185
Car -1 -1 -4.3439 398.9975 178.0276 455.0207 211.6748 1.6707 1.6324 3.7881 -9.7119 1.9600 38.4140 -4.5903 4.0580
Car -1 -1 -7.1291 669.4304 176.4151 738.8942 204.4653 1.4205 1.5887 3.8069 5.0643 1.6211 38.8596 -7.0010 3.7780
Car -1 -1 -7.8344 601.6792 179.8830 648.4279 222.5903 1.4601 1.6396 3.6344 0.5510 1.7420 27.1241 -7.8151 2.9151
Car -1 -1 -4.3750 457.7819 180.1077 501.2079 203.5411 1.4763 1.6321 4.1009 -8.8276 1.9896 48.9428 -4.5530 2.6213
Car -1 -1 -7.9872 607.8466 178.1837 646.8893 207.1045 1.4631 1.6365 3.6206 0.8565 1.7656 39.0909 -7.9660 2.5228
Car -1 -1 -4.3915 513.9486 177.8994 549.4177 196.4526 1.4889 1.7273 4.3267 -6.6468 1.9343 61.4481 -4.4992 1.5148
Car -1 -1 -7.9671 538.6995 174.5161 578.4207 207.9315 1.6796 1.6820 3.8405 -2.8321 1.7728 38.5143 -8.0405 1.0614
Car -1 -1 -2.1716 0.0000 182.5902 91.0236 223.0025 1.4255 1.6139 4.0825 -22.1246 1.8145 27.4803 -2.8448 0.7861
Car -1 -1 -7.4909 1165.3430 174.2336 1241.0000 374.0000 1.4961 1.6825 3.7360 4.5134 1.5040 2.9953 -6.5508 0.1067
Car -1 -1 -4.4107 340.9066 180.8596 389.8743 208.6417 1.4679 1.5623 3.8750 -13.9392 1.9464 41.2038 -4.7353 -0.0874
Car -1 -1 -5.0795 624.0783 175.5922 655.3276 192.3007 1.4673 1.5735 3.8633 2.6663 1.7258 66.1275 -5.0398 -0.3815
