Car -1 -1 -7.3590 747.3392 177.4919 903.1289 257.9254 1.5666 1.7224 3.9267 4.8907 1.6839 16.2852 -7.0731 7.8517
Car -1 -1 -7.8610 601.3628 182.1236 676.0830 254.3746 1.5879 1.6919 3.6187 0.6462 1.8444 18.1589 -7.8271 7.5146
Car -1 -1 -4.3983 360.5816 189.8260 450.7302 243.1695 1.5136 1.6762 4.0765 -6.6812 2.1234 23.8645 -4.6691 7.1596
Car -1 -1 -7.2161 696.5541 182.4755 785.1791 226.7013 1.5107 1.5548 3.4218 4.9150 1.8956 27.1443 -7.0397 6.7898
Car -1 -1 -7.1335 670.8560 183.6714 752.2531 217.9087 1.4552 1.6311 3.8610 4.7429 1.9888 33.7347 -6.9957 5.9576
Car -1 -1 -4.3815 431.4513 184.1249 481.3025 213.3672 1.6139 1.6600 4.2581 -9.2795 2.3315 43.7437 -4.5898 5.0082
Car -1 -1 -4.0831 142.3408 187.2275 245.3514 234.8910 1.5091 1.5050 3.2980 -14.7047 2.0532 25.6071 -4.6002 4.7702
Car -1 -1 -4.2861 285.9392 190.1994 388.7235 237.3245 1.4945 1.7949 4.7277 -10.1188 2.2037 27.0880 -4.6409 3.9608
Car -1 -1 -4.0356 0.0000 203.5838 70.0419 349.5102 1.4884 1.6550 4.4148 -10.3133 2.0355 10.5834 -4.7955 3.1082
Car -1 -1 -4.4280 356.6869 181.7830 416.5667 220.4130 1.6256 1.5868 3.9435 -10.2568 2.0615 33.2619 -4.7253 2.5966
Car -1 -1 -4.5325 503.2927 185.8970 541.9788 214.2883 1.4902 1.5848 3.6118 -5.0052 2.2721 41.4221 -4.6525 1.7966
Car -1 -1 -4.3940 555.4111 183.2034 588.2477 203.3129 1.4933 1.5419 3.6914 -3.0385 2.3477 57.6049 -4.4469 1.3874
Car -1 -1 -4.0583 284.4595 188.7926 362.6750 222.1598 1.4725 1.5501 3.9214 -14.2186 2.3125 35.9441 -4.4328 0.1660
Car -1 -1 -3.8852 133.4699 184.7494 230.4239 218.5964 1.4879 1.6071 4.0789 -20.9495 2.1079 35.4390 -4.4160 -0.4842
Car -1 -1 -7.8889 526.9634 182.8896 566.4902 220.0094 1.5532 1.6714 3.8577 -3.0115 2.0441 33.2998 -7.9790 -1.8314
