Car -1 -1 -7.8743 593.3456 177.9318 661.0905 244.0071 1.6082 1.6747 3.5217 0.3696 1.7583 19.5961 -7.8567 7.7136
Car -1 -1 -7.5542 871.9981 175.6400 1101.0458 333.7905 1.4864 1.5116 3.3908 4.5330 1.5260 8.5860 -7.0834 7.5560
Car -1 -1 -7.3233 732.8511 178.1933 897.9556 259.4451 1.4689 1.6152 3.8907 4.3703 1.5956 15.2291 -7.0498 7.4664
Car -1 -1 -4.2254 268.4522 180.9619 374.7724 234.2465 1.6395 1.7021 4.0465 -9.8773 1.9432 24.9481 -4.5992 6.8478
Car -1 -1 -4.0189 0.0000 185.7596 222.0545 369.9149 1.6186 1.7033 4.1367 -6.7945 1.8124 8.7436 -4.6650 6.4979
Car -1 -1 -4.3950 393.8848 182.0471 485.3633 231.8636 1.4972 1.7510 4.4276 -5.7712 1.8421 24.8122 -4.6217 5.7344
Car -1 -1 -4.0898 0.0000 175.2310 196.6919 274.6322 1.7313 1.6559 4.2169 -10.5730 1.7867 14.7850 -4.7023 3.5738
Car -1 -1 -4.4440 555.5773 176.7734 592.2211 200.5903 1.5513 1.6330 3.5438 -2.4707 1.8304 49.5312 -4.4940 3.3197
Car -1 -1 -4.5102 629.5370 172.0381 666.7498 199.4811 1.6787 1.6176 3.9981 2.4571 1.6285 46.2758 -4.4580 2.4279
Car -1 -1 -7.7263 672.7022 173.9707 695.3136 191.8125 1.5261 1.5705 3.4181 6.5432 1.6274 63.7917 -7.6249 1.9404
Car -1 -1 -7.6070 158.8972 185.5892 243.7368 235.6000 1.4600 1.5924 3.6720 -13.5540 1.9191 24.0515 -8.1157 1.0219
Car -1 -1 -4.4517 436.5640 181.3620 489.7628 213.2822 1.5148 1.6605 4.2999 -7.6159 1.9839 37.6103 -4.6506 0.6625
Car -1 -1 -5.3664 1016.3282 174.0797 1121.5490 214.0069 1.4961 1.6193 3.7390 18.3312 1.5485 29.0942 -4.8092 0.2462
Car -1 -1 -3.9160 0.0000 189.6626 86.9685 257.4936 1.3848 1.4419 3.3621 -14.6681 1.8291 17.3413 -4.6106 -0.2625
Pedestrian -1 -1 -5.3406 877.2675 170.6970 895.2543 202.9881 1.7932 0.5571 0.8362 15.4825 1.6731 40.5456 -4.9787 -1.7783
