Car -1 -1 -1.2571 601.4172 159.4821 720.1359 245.8512 2.0144 1.8290 4.5673 1.4546 1.7029 19.2856 -1.1819 9.6603
Car -1 -1 2.1378 826.7267 158.4650 940.2695 225.3657 2.0398 1.7422 3.7958 9.0232 1.6014 23.8307 2.4998 5.4684
Car -1 -1 -0.7778 536.8956 183.8042 629.9484 223.5849 1.4544 1.5676 3.7632 -1.0690 1.9289 29.3333 -0.8142 3.0967
Car -1 -1 -1.1545 814.9458 179.4645 866.7292 204.9517 1.4991 1.6061 4.0713 14.5794 1.9357 45.5577 -0.8448 2.1775
Car -1 -1 -2.3200 215.0704 186.6447 331.3823 232.0340 1.5109 1.6294 3.9088 -12.3676 2.0444 26.4053 -2.7580 2.0190
Car -1 -1 -1.6811 678.5964 178.9900 728.4438 218.2769 1.5066 1.6196 4.1507 3.8281 1.7833 30.4067 -1.5558 -0.2150
Car -1 -1 1.7349 471.9128 176.6932 530.3725 219.1032 1.5817 1.6746 4.3214 -4.4020 1.7505 29.4744 1.5867 -0.5474
Car -1 -1 1.7469 558.6656 181.6976 588.0585 203.2646 1.4672 1.5399 3.5359 -2.6576 2.1332 52.4515 1.6963 -0.8056
Car -1 -1 1.2913 330.2405 179.2321 388.3276 212.4967 1.4729 1.6086 3.9647 -12.1874 1.7995 34.8268 0.9547 -1.6300
Car -1 -1 0.7729 814.7854 149.8206 862.6345 168.7656 1.4749 1.5876 3.6591 18.6421 -0.3453 59.0141 1.0789 -1.9494
