Car -1 -1 -1.2210 779.0894 158.4021 911.9707 242.8205 1.8951 1.7802 4.5601 6.1170 1.5711 18.5362 -0.9022 10.8140
Car -1 -1 1.9928 993.2445 152.6746 1135.3613 234.4574 1.9626 1.7303 3.9324 12.0300 1.4787 19.1224 2.5543 5.0987
Car -1 -1 -0.9520 759.6205 181.5010 854.4982 222.9232 1.5025 1.5634 4.1203 7.8907 1.8718 28.8758 -0.6852 4.3832
Car -1 -1 -1.2213 1174.9974 147.9264 1241.0000 236.4312 2.0186 1.7828 4.5079 16.4793 1.4504 18.2983 -0.4881 0.9946
Car -1 -1 -0.9976 712.2118 156.7589 756.1004 175.8394 1.5671 1.6610 4.2119 10.5679 0.2455 61.3683 -0.8271 0.8421
Car -1 -1 1.1238 956.2401 164.6637 997.3203 182.4208 1.5143 1.6110 4.0940 32.2476 0.8162 63.5923 1.5931 -0.9338
Car -1 -1 1.0937 1049.5996 137.6449 1123.5945 166.1729 1.4889 1.6759 4.3721 26.9171 -0.4000 40.9763 1.6749 -1.1340
Car -1 -1 1.1438 913.9767 176.4094 975.2053 204.2173 1.4842 1.6136 4.0649 18.9230 1.6970 41.0655 1.5756 -1.2435
Car -1 -1 -2.0014 444.4798 179.1968 517.6929 218.2429 1.5571 1.6405 3.9522 -5.7343 1.8531 31.5391 -2.1812 -1.6668
Car -1 -1 -2.4207 1079.6202 137.2011 1159.3249 164.3520 1.4677 1.5793 3.6778 29.6835 -0.5203 42.2099 -1.8078 -1.9279
