Car -1 -1 -1.1621 1075.8954 154.2585 1241.0000 244.1874 1.9862 1.8033 4.5272 13.6750 1.5759 17.8218 -0.5076 9.8165
Car -1 -1 1.8184 1168.1867 141.2442 1241.0000 271.8111 1.9776 1.7046 3.8638 11.5844 1.4992 12.7019 2.5579 4.6361
Car -1 -1 0.8344 613.4020 181.8991 680.0124 209.3938 1.4581 1.6169 3.9241 2.0371 2.0058 41.6275 0.8833 2.2367
Car -1 -1 -1.7467 656.7660 202.6448 715.2161 248.1436 1.4485 1.5672 3.6767 2.7644 2.6558 27.3377 -1.6460 0.8000
Car -1 -1 2.8526 365.3783 146.1101 478.1580 187.8884 1.5031 1.6205 3.8824 -7.2340 0.5413 27.6560 2.5967 0.5743
Car -1 -1 -0.8403 701.3606 179.9931 831.0000 235.8834 1.4510 1.5790 3.7428 4.5211 1.6755 20.9110 -0.6273 0.4835
Car -1 -1 -2.1539 1098.5520 135.8000 1193.7996 168.8532 1.4862 1.6427 4.2505 25.9252 -0.2064 35.1291 -1.5181 -0.3180
Car -1 -1 1.3677 595.0712 175.3821 622.7612 194.2319 1.4908 1.5790 3.6333 -0.1439 1.7065 59.5212 1.3653 -0.8513
Car -1 -1 -1.3132 1166.0134 137.7957 1234.7594 169.4239 1.4893 1.6548 4.2297 29.6926 -0.1813 36.2987 -0.6276 -1.1570
Car -1 -1 1.7209 1198.9844 135.2262 1241.0000 165.7433 1.4935 1.5800 3.7677 32.3989 -0.3921 37.9935 2.4270 -1.7420
Car -1 -1 -2.7245 1034.3322 142.4529 1111.1141 167.2920 1.4878 1.5800 3.8206 29.5062 -0.3711 46.1525 -2.1556 -1.9597
