Car -1 -1 -1.8070 646.3869 175.7814 786.7144 277.4233 1.5240 1.5966 3.6905 1.6752 1.5843 12.8459 -1.6773 14.1573
Car -1 -1 -2.0843 762.5500 186.5660 1238.9131 374.0000 1.4295 1.5580 3.7533 2.5371 1.5785 5.8736 -1.6765 12.1853
Car -1 -1 2.1131 0.0000 202.7282 252.2143 374.0000 1.5302 1.5772 3.7612 -5.9427 1.9664 8.5975 1.5083 12.0919
Car -1 -1 1.8893 180.7103 180.1791 348.1239 289.3911 1.7281 1.6667 4.0633 -6.4230 1.8901 13.8127 1.4541 10.9734
Car -1 -1 -1.7808 603.9549 178.3701 702.9540 250.3077 1.5611 1.6353 4.0488 0.9139 1.7162 18.1101 -1.7303 10.1409
Car -1 -1 1.7704 292.3291 190.0819 386.3896 255.5561 1.4447 1.5918 3.7259 -7.0162 1.9436 18.9153 1.4152 9.9303
Car -1 -1 1.7343 336.8192 184.2062 405.3601 236.7090 1.5740 1.6226 3.6622 -8.0329 1.9887 24.3993 1.4162 8.3726
Car -1 -1 -1.6809 586.7510 177.9661 649.2725 231.0847 1.5566 1.6090 3.7716 0.1376 1.7372 23.4778 -1.6750 7.6405
Car -1 -1 -1.5417 508.6464 170.4003 541.6726 204.1211 1.8554 1.7808 4.4856 -4.9212 1.7207 42.0093 -1.6583 6.9369
Car -1 -1 3.3309 364.5994 180.4443 434.0212 206.4550 1.4244 1.5515 3.5593 -11.9619 1.8659 40.9984 3.0470 6.4392
Car -1 -1 1.5337 575.6962 163.5842 595.9421 181.0805 1.4838 1.6207 4.0174 -2.1683 0.6980 63.2503 1.4995 2.2183
Car -1 -1 -1.5848 574.4350 171.4398 606.9255 201.5606 1.4556 1.5713 3.7015 -1.0512 1.3876 36.7484 -1.6134 0.3782
Car -1 -1 1.7576 439.9249 178.0933 475.3370 202.3960 1.5292 1.6186 3.9107 -10.1653 1.8940 48.2199 1.5498 -1.8362
