Car -1 -1 -1.2271 867.9076 188.0969 969.0066 245.5323 1.4642 1.5819 3.7247 9.1198 1.9549 21.3043 -0.8226 12.9839
Car -1 -1 -1.7699 784.7843 183.9659 838.5715 220.9715 1.5302 1.6278 3.8413 9.1087 2.0690 32.9905 -1.5005 9.5783
Car -1 -1 -1.6738 713.8351 172.5816 761.7758 217.9681 2.0314 1.8122 4.2629 5.9965 2.0195 34.4804 -1.5016 9.3508
Car -1 -1 1.7039 601.5385 180.1711 654.8634 221.4319 1.5532 1.6869 4.1630 0.7895 1.8813 30.1245 1.7301 8.1778
Car -1 -1 -1.8316 820.4827 188.1939 892.9784 234.1039 1.4341 1.5469 3.5783 8.6174 2.0177 25.5969 -1.5068 7.6188
Car -1 -1 0.6567 25.0200 174.8373 295.4178 263.3853 1.5990 1.6642 4.3967 -8.7460 1.6411 14.1266 0.1023 6.0783
Car -1 -1 -1.7826 764.2517 184.6279 810.5273 215.1914 1.4784 1.6016 3.8662 9.3318 2.1366 38.3577 -1.5439 3.8134
Car -1 -1 0.5875 139.4739 176.7633 290.1796 226.6956 1.4721 1.6042 3.8614 -12.2436 1.5991 22.3886 0.0871 -0.0994
Car -1 -1 -0.2940 648.0582 189.9900 716.6110 215.8505 1.4854 1.5836 3.8778 4.3715 2.5610 44.1214 -0.1953 -0.4492
Car -1 -1 -1.4656 559.8962 175.6727 593.9982 202.1402 1.5024 1.6355 4.0748 -1.9783 1.6807 43.4802 -1.5111 -1.0576
Car -1 -1 1.7170 341.0016 149.6619 386.4241 183.5715 1.5544 1.5832 3.5504 -11.9137 0.4916 34.9619 1.3886 -1.2467
Car -1 -1 -1.5770 769.7998 170.3812 787.5346 187.5239 1.6328 1.6490 3.9764 16.5275 1.3976 70.8431 -1.3478 -1.9690
Car -1 -1 1.2394 746.2360 188.9719 794.1381 217.3760 1.4722 1.5780 3.6469 9.1124 2.4411 41.4553 1.4558 -2.1761
