Car -1 -1 -1.3255 769.5923 187.0392 882.8132 267.6159 1.5202 1.5947 3.7014 4.9310 1.8806 16.3112 -1.0320 12.9251
Car -1 -1 -1.7897 646.7640 181.7158 709.3887 226.5759 1.5543 1.6242 3.6345 2.4930 1.9178 27.6571 -1.6998 12.4521
Car -1 -1 1.7480 411.9255 179.3861 487.9843 235.2282 1.5820 1.6576 4.1504 -5.0451 1.8100 23.0364 1.5324 10.7225
Car -1 -1 -1.9112 690.0374 188.7406 785.2168 246.1064 1.4040 1.5438 3.5932 3.4912 1.9001 20.6122 -1.7435 10.2956
Car -1 -1 -1.6594 550.7101 172.9148 592.6446 213.5205 1.9765 1.7837 4.2916 -2.0803 1.9802 37.3762 -1.7150 8.0842
Car -1 -1 1.6493 441.0724 171.1319 493.3808 223.1360 1.8919 1.7024 4.0519 -5.5778 1.8296 28.3577 1.4551 5.5585
Car -1 -1 -1.7650 620.9188 185.5077 673.0572 221.7089 1.4673 1.6174 3.9602 1.5737 2.0788 32.7712 -1.7171 3.2721
Car -1 -1 -1.6829 605.9674 181.7598 643.7645 214.1374 1.5698 1.5810 3.6034 0.6987 2.0607 37.8758 -1.6645 2.3015
Car -1 -1 -2.0498 184.4704 173.1363 321.5284 236.5069 1.5028 1.6047 3.8717 -9.4528 1.5113 18.9110 -2.5134 -0.0722
Car -1 -1 -1.7485 578.6267 177.5832 610.3233 199.6442 1.4872 1.5952 3.9003 -1.1770 1.8393 51.5956 -1.7713 -1.6628
Car -1 -1 1.7853 449.8313 169.7990 480.7765 189.4251 1.4863 1.5734 3.9745 -11.3421 1.2553 56.6405 1.5876 -1.6967
