Car -1 -1 -7.6547 1092.1615 48.0377 1237.0000 373.0000 1.8130 1.7822 3.9038 4.3099 1.4948 3.4592 -6.8022 0.7029
Car -1 -1 -5.9286 176.9259 176.4675 271.1733 205.5044 1.4819 1.6065 4.0803 -19.7553 1.2253 37.7224 -6.4132 -0.1793
Car -1 -1 -4.6873 53.3250 182.4097 90.6969 212.2092 1.5459 1.5627 3.9418 -29.0277 1.5986 39.4521 -5.3235 -0.7254
Pedestrian -1 -1 -6.8582 1063.0531 155.7486 1105.2788 228.1194 1.7941 0.6518 0.6278 12.1419 1.1563 18.1352 -6.2800 -1.2552
Pedestrian -1 -1 -5.3338 1191.6763 124.4816 1237.0000 200.6210 1.9527 0.6379 1.0050 16.2468 0.4909 18.9475 -4.6367 -1.3543
Car -1 -1 -4.4715 370.8960 175.1135 406.0009 196.4718 1.5424 1.6122 4.0974 -15.9315 1.0811 53.9598 -4.7623 -1.5040
Car -1 -1 -4.2692 71.4593 184.7638 133.5802 210.5829 1.5417 1.6345 4.1298 -31.5809 1.7588 45.6116 -4.8771 -1.5584
Car -1 -1 -4.7348 395.8282 174.0634 417.2666 193.5296 1.5771 1.6295 3.9780 -16.3689 0.9745 60.3377 -5.0035 -1.6077
Cyclist -1 -1 -6.9767 650.1190 169.2350 683.1072 205.9133 1.7250 0.6143 1.5446 3.1209 1.1484 34.4773 -6.8921 -1.6451
Car -1 -1 -7.8833 762.5702 171.0782 795.7860 200.0522 1.4433 1.5511 3.7708 9.2965 0.9244 37.7864 -7.6487 -1.6997
Pedestrian -1 -1 -7.6957 64.0637 186.6031 85.5820 226.0497 1.7152 0.6727 0.6723 -23.3243 1.9446 31.8039 -8.3297 -1.7324
Car -1 -1 -4.9907 1099.4624 163.8985 1152.2866 189.1657 1.5137 1.6053 4.0251 32.9229 0.4593 45.1989 -4.3689 -1.8546
Car -1 -1 -7.9945 173.3769 178.8053 209.3943 201.3355 1.5422 1.6745 4.0030 -29.2775 1.3578 51.2645 -8.5162 -1.9918
