Car -1 -1 -4.3805 279.9724 175.6812 419.1234 255.2237 1.5058 1.6343 3.9242 -5.3067 1.3962 15.5630 -4.7093 7.3552
Car -1 -1 -7.7409 518.3204 170.6003 570.4301 210.2579 1.4675 1.6289 4.1888 -2.2249 1.0645 28.7001 -7.8226 4.7182
Car -1 -1 -7.8656 608.6776 167.4413 639.7925 195.6898 1.5177 1.6716 4.3815 1.2497 0.7626 40.7966 -7.8401 3.4703
Car -1 -1 -7.8114 578.7987 164.1101 603.4736 187.1814 1.5794 1.6210 3.4849 -0.6885 0.3889 50.9374 -7.8296 2.8314
Car -1 -1 -7.7728 549.1298 168.5433 582.4058 197.1477 1.4954 1.5636 3.3998 -1.9160 0.8182 39.2747 -7.8262 1.8052
Cyclist -1 -1 -6.7297 0.0000 172.5520 47.9299 222.6980 1.7787 0.6814 1.6638 -21.4778 1.4617 26.3767 -7.4133 -0.2233
Cyclist -1 -1 -7.3762 313.2286 167.1695 351.4182 214.8687 1.8650 0.7206 1.7589 -10.8624 1.3050 29.0013 -7.7367 -1.2576
Car -1 -1 -7.2565 646.7595 169.2037 707.8160 198.9005 1.4699 1.5355 3.3756 3.9696 0.8615 37.3424 -7.1563 -1.3620
Pedestrian -1 -1 -7.9214 1123.9305 136.7260 1148.7994 190.5195 1.9154 0.6772 0.5915 19.3361 0.3215 26.0081 -7.2918 -1.3683
Pedestrian -1 -1 -8.1405 984.1299 156.2690 1013.6453 213.2853 1.8226 0.6963 0.5861 12.8681 1.0165 23.3211 -7.6461 -1.5472
Car -1 -1 -6.6697 319.1323 171.2933 424.7694 211.2186 1.5981 1.6596 3.9638 -9.7661 1.1899 30.6624 -6.9806 -1.6931
Car -1 -1 -4.9458 432.8401 167.6418 473.9878 194.7416 1.6681 1.6557 4.2158 -9.6157 0.8152 46.4760 -5.1536 -1.8556
