Car -1 -1 -4.7041 790.0151 168.6627 821.1147 198.0465 1.5362 1.5724 3.7606 11.2383 0.8653 39.5792 -4.4342 -0.2986
Pedestrian -1 -1 -7.3122 456.7761 174.2363 470.6361 201.3206 1.6736 0.5908 0.6679 -8.5846 1.2248 44.8014 -7.5054 -0.3534
Pedestrian -1 -1 -7.7464 1107.8237 151.5570 1134.6208 204.8656 1.8534 0.7118 0.6243 18.3861 0.8127 25.4437 -7.1306 -0.4521
Pedestrian -1 -1 -3.8088 1210.1548 153.0121 1237.0000 214.0538 1.8099 0.5627 0.7369 18.8769 0.9657 21.5947 -3.1014 -0.8121
Car -1 -1 -6.7347 152.1728 179.3966 250.2636 212.4047 1.4395 1.4940 3.6890 -18.4740 1.3481 33.2668 -7.2433 -0.9577
Car -1 -1 -6.2807 1187.0325 160.9407 1237.0000 191.7305 1.5885 1.6731 4.0289 34.4346 0.5280 39.0144 -5.5658 -0.9651
Car -1 -1 -4.7828 1178.7357 161.3932 1233.5087 198.4046 1.5278 1.5545 3.5353 26.4643 0.6981 31.5428 -4.0938 -1.1436
Car -1 -1 -4.6527 318.6165 174.2238 345.0666 196.2976 1.5237 1.5755 3.6749 -19.3056 1.0214 51.5724 -5.0141 -1.7299
Car -1 -1 -4.4973 179.3737 178.4390 209.1082 195.4731 1.5078 1.5884 3.8723 -37.1485 1.2366 65.6696 -5.0154 -1.8652
Car -1 -1 -9.3704 1130.4982 156.7915 1237.0000 202.8025 1.6139 1.6971 4.2844 22.8203 0.7476 27.2688 -8.6833 -1.8705
Pedestrian -1 -1 -6.4107 309.3891 177.6793 337.2395 234.3019 1.6120 0.5603 0.6872 -8.1099 1.5037 20.8607 -6.7825 -2.0011
Car -1 -1 -8.4248 865.2238 162.1752 917.2243 184.3972 1.6660 1.6941 4.2888 22.5896 0.2171 56.1206 -8.0486 -2.0256
Car -1 -1 -5.2191 452.1544 174.9235 507.9202 199.3954 1.5098 1.6690 4.2934 -7.8994 1.1041 46.5130 -5.3914 -2.1950
