Car -1 -1 -7.7172 500.3384 173.8465 563.5772 220.7182 1.4699 1.6347 3.9906 -2.3145 1.2303 24.5523 -7.8153 6.9321
Car -1 -1 -7.7911 604.7953 169.0413 642.7059 202.0449 1.6051 1.7222 4.1005 1.1950 0.9994 37.0552 -7.7641 3.9376
Car -1 -1 -7.7857 539.7946 173.0090 575.8204 204.4627 1.4614 1.5409 3.4955 -2.1004 1.0671 35.1252 -7.8500 3.7965
Car -1 -1 -7.7752 573.2835 168.5957 602.4689 194.1451 1.6260 1.6586 3.8584 -0.8545 0.8048 47.6884 -7.7980 2.4473
Car -1 -1 -1.8491 62.5569 175.9224 132.3759 211.0895 1.4981 1.6112 3.7152 -22.7683 1.2608 32.3946 -2.4629 0.5671
Car -1 -1 -8.0593 498.9121 171.9482 534.7646 195.2083 1.4961 1.6369 3.7679 -5.7120 0.8818 48.2509 -8.1815 -0.7552
Car -1 -1 -4.9696 694.9755 172.7216 745.8012 203.5662 1.4216 1.5564 3.5588 5.7175 1.0172 34.9553 -4.8136 -1.0256
Car -1 -1 -2.7399 332.3080 177.2584 390.4052 197.0021 1.4580 1.6130 3.8167 -18.0026 1.1447 53.9948 -3.0652 -1.3353
Pedestrian -1 -1 -2.7866 226.6863 172.3546 259.6625 229.8022 1.7466 0.6555 0.7313 -11.0957 1.4690 22.2050 -3.2505 -1.6644
Pedestrian -1 -1 -8.7751 803.6921 162.7343 819.7450 204.2800 1.7837 0.5487 0.4246 9.1097 0.9784 31.1758 -8.4981 -1.7613
Car -1 -1 -7.6631 874.2034 164.9893 923.0762 197.7075 1.5193 1.5891 3.6084 14.6324 0.7529 35.3028 -7.2778 -1.8077
Cyclist -1 -1 -7.3088 138.5427 177.1708 165.5385 210.2326 1.5981 0.3515 1.6110 -22.2228 1.3891 35.5300 -7.8695 -1.8423
Car -1 -1 -3.2511 595.7986 170.5954 653.9742 190.8089 1.5382 1.6965 4.3398 1.8100 0.7083 55.6852 -3.2237 -2.0973
