Car -1 -1 -7.7900 533.1840 172.4174 580.0762 214.6670 1.6153 1.6905 3.8057 -1.7888 1.2684 29.3675 -7.8554 7.2992
Car -1 -1 -7.6650 417.7740 180.9473 524.9137 262.2840 1.4944 1.5786 3.3530 -2.6116 1.4849 14.8846 -7.8412 7.2526
Car -1 -1 -7.8539 586.2295 172.7568 642.3880 226.4143 1.5890 1.6635 4.5003 0.3740 1.3306 23.5315 -7.8434 6.0009
Car -1 -1 -4.2883 149.9460 190.3789 348.3154 289.7389 1.4448 1.6442 3.9594 -6.0423 1.6281 12.7924 -4.7274 5.6635
Car -1 -1 -7.3794 0.0000 195.2437 414.6504 373.0000 1.4722 1.6218 4.0932 -2.6462 1.6054 4.8691 -7.8620 5.6616
Car -1 -1 -4.5485 484.9165 173.7686 527.8055 202.9986 1.5881 1.8016 4.1218 -5.3832 1.1682 41.1155 -4.6828 3.7109
Car -1 -1 -2.1018 444.1364 176.3050 487.9378 197.9491 1.5078 1.6366 3.3251 -9.7774 1.1459 51.8296 -2.2924 1.3119
Car -1 -1 -4.4259 520.3084 176.4791 554.7684 196.3221 1.4332 1.5520 3.9138 -4.7400 1.0705 53.9516 -4.5181 0.9703
Car -1 -1 -7.8100 606.6874 174.1670 638.6143 203.1654 1.5511 1.6523 3.6405 1.2260 1.1591 40.2972 -7.7848 0.6693
Car -1 -1 -7.7341 567.9280 176.4256 597.5544 199.5208 1.4718 1.5723 3.5052 -1.1967 1.1485 47.5931 -7.7641 -0.0070
Car -1 -1 -4.8429 642.2064 175.9007 672.0255 197.3163 1.4966 1.6178 4.0837 4.0257 1.1053 52.2859 -4.7715 -0.9925
Car -1 -1 -4.3168 731.0605 171.2652 774.7070 195.4849 1.5390 1.5734 3.6192 10.0713 0.8887 47.5829 -4.1143 -1.0506
Car -1 -1 -4.5242 321.8013 177.4621 362.0758 204.4575 1.5713 1.6167 3.9485 -15.7951 1.3364 43.8904 -4.8728 -1.2729
Car -1 -1 -4.2340 553.1045 178.2326 617.3511 207.2345 1.4274 1.6417 4.1657 -0.7875 1.2668 37.5862 -4.2599 -1.3139
Car -1 -1 -4.9478 382.7351 177.5013 412.5771 197.3823 1.5177 1.4986 3.4038 -16.0839 1.2124 56.6881 -5.2281 -1.5940
Car -1 -1 -7.8151 585.3925 167.3824 606.7544 191.0448 1.9598 1.6949 4.0846 -0.4018 0.7903 61.5588 -7.8265 -1.7036
Pedestrian -1 -1 -7.6452 187.2671 182.2462 206.4174 220.1548 1.7162 0.6033 0.8686 -18.6196 1.7513 33.0456 -8.1601 -1.8866
Car -1 -1 -6.6370 757.9716 170.0397 832.5529 196.3454 1.5534 1.6654 4.0242 11.6909 0.8768 43.4443 -6.3806 -2.0963
