Car -1 -1 -7.6467 393.8204 184.4038 517.5678 276.9085 1.4751 1.5660 3.3739 -2.5879 1.5361 13.2572 -7.8414 7.9134
Car -1 -1 -4.2895 148.7893 188.1756 357.8336 286.1397 1.4422 1.7079 4.4181 -6.0656 1.5850 13.0931 -4.7213 7.4214
Car -1 -1 -7.7613 522.5825 175.4942 577.3083 222.2052 1.6112 1.7014 3.7619 -1.8640 1.4045 26.6740 -7.8356 5.8470
Car -1 -1 -7.8667 589.6818 176.8988 648.7563 232.2554 1.5742 1.6800 4.5654 0.4802 1.4438 22.7129 -7.8511 5.3410
Car -1 -1 -7.3030 0.0000 197.5736 394.6746 373.0000 1.4967 1.5999 3.7770 -2.5495 1.6289 3.9842 -7.8505 4.7286
Car -1 -1 -7.7119 549.4631 175.8858 589.6851 208.6559 1.6407 1.6212 3.7730 -1.6381 1.3598 37.9182 -7.7599 3.2196
Car -1 -1 -4.5422 472.0789 170.8529 517.4146 208.9090 1.9085 1.6473 4.6563 -5.6317 1.3748 38.3687 -4.6920 3.0280
Car -1 -1 -7.7179 572.0593 177.2605 600.4346 198.7604 1.4988 1.5989 3.5777 -1.0512 1.2032 51.9428 -7.7430 1.3266
Car -1 -1 -4.8689 648.5552 173.7983 686.3329 201.9062 1.6549 1.6758 4.0998 4.0304 1.2016 44.3989 -4.7839 0.6975
Car -1 -1 -5.1032 410.7016 175.3131 464.7838 203.6029 1.5917 1.6602 4.1270 -9.7480 1.2438 42.5797 -5.3320 -0.5098
Car -1 -1 -7.8091 591.7754 172.3542 612.1760 191.8473 1.7075 1.6806 4.3096 0.1119 0.9061 65.1117 -7.8124 -1.2277
Car -1 -1 -7.8285 613.0700 177.1212 643.6484 205.5745 1.5451 1.6616 4.0716 1.5768 1.3074 41.0876 -7.7955 -2.0282
Car -1 -1 -6.9846 921.5417 172.7461 1041.6382 215.0521 1.4725 1.6206 3.7161 13.8147 1.1682 26.2081 -6.5087 -2.0739
