Car -1 -1 -7.6236 365.5622 182.8401 504.4076 280.0330 1.4337 1.5761 3.3742 -2.7407 1.4605 12.3381 -7.8434 7.8302
Car -1 -1 -7.7709 518.3504 168.6778 571.2766 214.3783 1.6145 1.7140 3.6972 -2.1004 1.1619 27.2273 -7.8523 7.6719
Car -1 -1 -7.8761 589.6071 170.9361 642.9853 220.6919 1.5302 1.6428 4.3203 0.4044 1.2058 24.2610 -7.8648 6.6692
Car -1 -1 -4.5560 443.9965 171.9222 498.2135 211.5324 1.6051 1.7119 4.0865 -5.5945 1.2173 31.1730 -4.7372 6.2590
Car -1 -1 -7.2611 0.0000 201.9706 352.5297 373.0000 1.4537 1.5937 3.8317 -2.5032 1.5987 3.1074 -7.9069 3.4472
Car -1 -1 -4.0674 0.0000 141.3872 235.9272 361.9042 1.8264 1.7802 4.6093 -6.3132 1.4949 8.2557 -4.7107 1.8759
Car -1 -1 -7.9281 557.9135 170.5947 589.7982 198.1093 1.5497 1.5911 3.6071 -1.6637 0.9356 42.3437 -7.9720 1.7572
Car -1 -1 -2.4173 553.2613 170.9806 604.2700 191.9089 1.5752 1.6294 3.8468 -1.7663 0.7834 55.9188 -2.4536 -0.1343
Car -1 -1 -5.1523 824.6039 163.9104 879.5034 191.2387 1.5849 1.5983 3.9432 15.1795 0.5649 43.7081 -4.8248 -0.4960
Pedestrian -1 -1 -4.9653 1097.8003 151.6581 1146.7438 232.6609 1.8248 0.6973 0.9454 12.0863 1.1531 16.7477 -4.3527 -0.7790
Car -1 -1 -8.0364 715.5554 169.1474 744.8361 188.4222 1.5243 1.6368 3.9846 10.5247 0.5473 58.8090 -7.8649 -1.0639
Car -1 -1 -2.6116 624.7887 172.1802 684.5127 192.8705 1.4623 1.6389 4.0887 3.8914 0.8036 52.5970 -2.5430 -1.7894
Car -1 -1 -4.5922 691.0090 169.8262 714.0017 187.0814 1.5424 1.6524 4.0528 9.4023 0.4986 66.3792 -4.4570 -1.9319
Car -1 -1 -7.6235 401.4749 172.0313 448.6098 202.5610 1.5540 1.6084 3.9542 -9.4074 1.0723 38.5520 -7.8663 -2.1335
Car -1 -1 -4.2516 367.5020 176.2540 420.9607 201.9269 1.4775 1.5507 3.8771 -12.4480 1.1758 43.3875 -4.5344 -2.1950
