Car -1 -1 -7.6563 416.8342 178.6901 523.1955 254.7200 1.4496 1.5893 3.5119 -2.7403 1.3966 15.4670 -7.8342 7.8636
Car -1 -1 -7.7612 532.2457 167.9166 579.1390 209.2612 1.6595 1.6769 3.7736 -1.9138 1.1146 30.7401 -7.8279 6.5970
Car -1 -1 -7.8681 581.8463 169.7703 637.0112 221.8973 1.5636 1.6558 4.4596 0.1837 1.2122 23.7865 -7.8656 6.1763
Car -1 -1 -7.4231 0.0000 192.1825 431.9066 373.0000 1.4727 1.5719 4.0159 -2.5824 1.5837 5.4087 -7.8568 5.8166
Car -1 -1 -7.7538 601.0831 170.1573 637.1655 199.6468 1.5688 1.6639 3.8492 1.0327 0.9656 40.2264 -7.7333 2.6550
Car -1 -1 -7.7980 464.5794 174.6727 500.5561 205.6303 1.5124 1.6436 3.5944 -6.0787 1.1791 36.9696 -7.9648 0.3148
Pedestrian -1 -1 -3.0800 315.5941 171.6881 329.0660 197.3577 1.7941 0.5193 0.8563 -19.6389 1.1083 50.5842 -3.4535 0.2199
Car -1 -1 -7.9124 569.2220 171.7910 596.2764 195.6567 1.5099 1.5554 3.4852 -1.2537 0.8957 47.2517 -7.9437 -0.5830
Pedestrian -1 -1 -3.8959 225.1784 194.7275 257.3270 249.7528 1.3406 0.4594 0.5575 -9.0600 1.6790 18.0059 -4.3616 -0.6885
Car -1 -1 -3.3244 324.8836 174.9962 416.1326 209.4920 1.4912 1.6022 3.7161 -10.4964 1.2103 32.6415 -3.6382 -1.1931
Car -1 -1 -4.8690 395.8299 174.1682 420.7691 190.9808 1.5114 1.6065 4.0575 -17.9395 0.8520 66.7559 -5.1354 -1.2413
Pedestrian -1 -1 -4.9507 1108.7097 147.4690 1158.0702 241.1034 1.8311 0.6262 0.7738 10.6982 1.1662 14.5237 -4.3296 -1.2732
Pedestrian -1 -1 -7.7887 953.2490 148.1606 967.9244 180.8660 1.8090 0.6961 0.7014 20.1114 -0.0358 40.2286 -7.3325 -1.5672
Pedestrian -1 -1 -3.5065 1038.3142 159.8111 1054.3951 204.4155 1.7301 0.4929 0.3809 17.4049 0.8892 28.1396 -2.9617 -1.7782
Car -1 -1 -2.3771 129.3343 174.4646 209.6593 202.6181 1.5566 1.6548 3.8474 -24.6022 1.1678 40.9467 -2.9203 -1.9645
Pedestrian -1 -1 -8.2148 1044.1698 155.0309 1086.4839 236.6721 1.7870 0.6329 0.5592 10.3224 1.2082 16.0593 -7.6561 -2.0410
