Car -1 -1 -7.6409 386.9539 185.6086 507.7365 271.5867 1.4449 1.5970 3.4133 -2.8904 1.5350 13.9470 -7.8472 7.3827
Car -1 -1 -7.7756 536.1535 172.5455 577.0815 208.5511 1.6502 1.7033 3.8632 -2.1317 1.2400 34.8639 -7.8413 6.0032
Car -1 -1 -7.8612 587.4293 174.1477 633.8336 218.9040 1.6001 1.6591 4.4435 0.3003 1.3376 27.9044 -7.8558 5.8419
Car -1 -1 -7.3144 0.0000 197.1199 393.2569 373.0000 1.5130 1.6159 3.9598 -2.6001 1.6454 4.0683 -7.8619 4.4427
Car -1 -1 -4.4012 398.4492 182.5161 469.9487 220.9930 1.3778 1.5801 3.9290 -6.4109 1.4203 27.8499 -4.6306 2.3279
Car -1 -1 -7.6415 556.4527 173.7328 592.6375 200.2946 1.7061 1.6446 3.9785 -1.7517 1.2073 48.2404 -7.6826 1.5499
Car -1 -1 -8.1565 461.6332 175.4546 498.3296 197.4849 1.6269 1.6277 4.0565 -9.3553 1.1804 55.2244 -8.3285 -0.2309
Car -1 -1 -4.4174 575.8018 171.8537 608.0251 192.1071 1.6367 1.6151 4.0365 -0.7339 0.8570 60.2134 -4.4345 -0.6682
Car -1 -1 -4.7940 632.7132 171.7727 658.9127 194.8931 1.7037 1.6542 3.9799 3.3766 0.9869 54.9445 -4.7379 -0.8328
Pedestrian -1 -1 -6.9124 231.8461 175.6705 256.5443 207.2438 1.7579 0.7504 1.0010 -20.1945 1.4335 40.6107 -7.3763 -0.9054
Car -1 -1 -7.7980 601.7714 171.5818 630.4223 199.3486 1.7192 1.6608 3.8583 0.9912 1.1052 46.4609 -7.7818 -1.1285
Car -1 -1 -4.1328 52.2234 190.6007 112.4013 214.0882 1.5152 1.5810 3.7660 -35.8584 2.1697 49.7446 -4.7600 -1.4561
Pedestrian -1 -1 -3.7010 75.0335 178.8873 101.7225 220.2890 1.7341 0.5917 0.7191 -21.8212 1.6250 30.5332 -4.3225 -1.8035
Pedestrian -1 -1 -8.4621 607.2671 168.9692 624.4926 199.1357 1.8552 0.7556 0.7884 0.9009 1.0846 44.7144 -8.4471 -1.9338
Car -1 -1 -7.7362 585.3777 165.9852 608.5684 189.8569 2.2419 1.7714 4.3744 -0.3600 0.7845 69.7307 -7.7463 -1.9494
Cyclist -1 -1 -8.6649 1093.3656 110.8674 1237.0000 373.0000 1.7356 0.4588 1.6494 2.2872 1.6026 2.1993 -7.9235 -2.0820
Car -1 -1 -3.8922 0.0000 165.9855 91.9539 205.1730 1.7068 1.6595 3.9952 -26.1284 1.0314 33.3881 -4.5574 -2.1625
