Car -1 -1 -7.8641 519.1814 171.1023 587.7769 235.7504 1.5893 1.6899 4.3916 -1.4023 1.3342 19.9191 -7.9387 6.7252
Car -1 -1 -7.4928 175.0765 186.9809 427.2381 346.7541 1.4822 1.5871 3.3566 -3.2915 1.5603 8.4619 -7.8595 6.4772
Car -1 -1 -4.2519 115.8568 188.7750 296.0457 279.6051 1.4551 1.5500 3.5308 -7.2952 1.6113 13.5813 -4.7424 6.3896
Car -1 -1 -7.8008 584.8039 170.7192 620.2087 205.0428 1.4832 1.4849 2.1693 0.0586 1.0177 32.1621 -7.8040 5.5557
Car -1 -1 -7.7988 503.7682 169.4590 551.8921 215.6525 1.6389 1.6412 3.5365 -2.7583 1.2121 27.2927 -7.9037 4.4844
Car -1 -1 -7.2147 570.3165 169.8647 639.8858 198.7493 1.4850 1.6040 4.2100 0.2530 0.8870 39.0980 -7.2133 0.8478
Car -1 -1 -5.0440 416.8218 172.8966 455.5033 196.0165 1.6102 1.5952 3.7049 -11.9860 1.0110 52.0216 -5.2743 0.0041
Car -1 -1 -4.4735 482.8094 163.3490 521.5345 192.4282 1.8918 1.7324 3.9640 -6.6821 0.7110 48.7901 -4.6138 -0.0385
Pedestrian -1 -1 -3.7465 1219.0356 150.5721 1237.0000 221.8529 1.7787 0.4836 0.3256 15.9556 1.0075 18.1823 -3.0384 -0.6796
Car -1 -1 -4.3168 214.2675 176.4063 263.9743 202.8276 1.5934 1.5452 3.5619 -22.7075 1.2863 45.1538 -4.7854 -0.8153
Car -1 -1 -6.9628 93.1479 177.0768 183.2962 207.4886 1.5405 1.6246 3.9129 -24.7313 1.3167 38.4994 -7.5357 -0.8416
Car -1 -1 -8.1167 509.7319 169.1831 566.6290 206.7639 1.6384 1.6595 3.8847 -3.0174 1.1017 33.4272 -8.2111 -1.0600
Car -1 -1 -7.6497 624.6055 167.2747 661.1969 193.5725 1.6931 1.6742 4.1751 2.8531 0.7773 48.4802 -7.5962 -1.6643
Car -1 -1 -4.6007 388.2200 176.0314 419.7408 199.2315 1.4745 1.6101 3.8893 -13.0594 1.1270 47.7006 -4.8715 -1.8329
