Car -1 -1 -7.6151 352.3491 184.4456 487.1241 278.4942 1.4458 1.5618 3.3872 -3.1330 1.5060 12.8435 -7.8553 7.4939
Car -1 -1 -7.8669 555.0842 171.9451 607.7961 222.8805 1.6346 1.6944 4.6455 -0.7825 1.3284 25.4133 -7.9026 5.6250
Car -1 -1 -7.7150 530.8742 170.2609 575.3342 206.2540 1.6433 1.6382 3.9326 -2.2946 1.1304 34.8133 -7.7854 3.9723
Car -1 -1 -7.8760 594.4105 171.9704 622.6249 201.3197 1.5290 1.4476 2.4058 0.3519 1.0327 38.6376 -7.8720 2.4616
Car -1 -1 -4.5845 506.2889 175.1356 533.0587 194.6393 1.4783 1.6198 3.9267 -6.3649 0.9958 56.4180 -4.7013 1.9069
Car -1 -1 -7.1140 0.0000 208.1839 302.2095 373.0000 1.5168 1.5943 3.7895 -2.6041 1.6796 2.4396 -7.8881 1.6437
Car -1 -1 -4.4091 535.9319 171.6376 581.1840 201.6560 1.6324 1.5890 3.6054 -2.4005 1.0962 41.0023 -4.4722 -0.3639
Pedestrian -1 -1 -5.2687 217.1189 184.0633 235.5692 216.3767 1.6711 0.5466 0.7426 -19.6610 1.8071 37.6401 -5.7524 -0.4518
Car -1 -1 -4.6992 436.3792 172.3615 462.8356 198.2396 1.6414 1.6482 4.1273 -10.0634 1.0618 47.7478 -4.9108 -0.4870
Car -1 -1 -2.3205 302.3029 175.7325 393.8539 210.9495 1.5814 1.7025 4.1531 -12.0061 1.3227 33.9689 -2.6629 -0.6986
Car -1 -1 -4.9150 1086.2501 164.1320 1125.2096 186.8411 1.6386 1.6046 3.9317 37.8365 0.3853 53.9539 -4.3106 -1.4293
Car -1 -1 -5.2388 1115.5145 159.5052 1196.6752 190.6926 1.6067 1.6583 4.0449 30.0774 0.4738 39.1136 -4.5915 -1.4894
Pedestrian -1 -1 -3.6114 924.9116 163.2421 955.2355 217.2864 1.8518 0.7067 0.7064 11.7437 1.2266 24.9806 -3.1811 -1.5055
Car -1 -1 -5.9057 27.8890 178.4012 134.0168 212.1941 1.5266 1.6117 3.6997 -24.3309 1.3869 33.6882 -6.5325 -1.6279
Pedestrian -1 -1 -4.9291 756.5846 202.7867 794.6171 297.3377 1.1499 0.3725 0.4438 2.1417 1.4256 9.0587 -4.7091 -2.0663
