Car -1 -1 -7.4628 125.2913 187.8024 416.3290 367.7387 1.4717 1.5642 3.4002 -3.2483 1.5549 7.6962 -7.8562 6.8259
Car -1 -1 -7.8638 514.9395 171.1163 585.6783 238.9497 1.5634 1.6339 4.4672 -1.4164 1.3246 18.8532 -7.9431 6.4778
Car -1 -1 -7.8368 588.4965 170.0910 624.8116 206.2900 1.4925 1.4980 2.1607 0.2168 1.0224 30.7117 -7.8348 4.2954
Car -1 -1 -7.7366 500.1327 168.1334 557.8896 216.8068 1.6287 1.6458 3.9239 -2.5681 1.1818 26.0101 -7.8391 4.0718
Car -1 -1 -6.8278 385.4191 175.5146 444.7753 198.5484 1.4737 1.5714 3.5193 -12.3545 1.0908 47.7701 -7.0845 0.2440
Cyclist -1 -1 -3.8673 32.5407 173.6572 83.1129 218.2667 1.7092 0.5744 1.6225 -21.4669 1.4090 28.3739 -4.5156 -0.1184
Car -1 -1 -7.6646 562.0262 169.4261 605.8257 199.5424 1.5120 1.6209 3.9982 -0.8805 0.9060 38.1671 -7.6925 -0.1492
Car -1 -1 -4.8827 431.8254 170.0113 469.0072 195.8183 1.5980 1.6586 4.1922 -9.8613 0.8867 46.7341 -5.0945 -0.3587
Car -1 -1 -8.0204 560.8738 170.5659 595.4255 195.5356 1.5112 1.6032 3.4837 -1.5029 0.8496 45.3442 -8.0583 -0.3844
Car -1 -1 -7.4720 80.5167 165.7796 146.8147 199.1838 1.7826 1.7408 3.9701 -27.3780 0.9439 40.4593 -8.0688 -0.5705
Car -1 -1 -7.6145 626.3093 166.5271 665.8321 194.1452 1.6828 1.6788 3.8153 2.8965 0.7706 45.8391 -7.5567 -1.6321
Car -1 -1 -7.7645 235.9093 166.7305 267.7000 193.4577 1.8135 1.6817 4.0935 -24.7382 0.8113 50.9517 -8.2194 -2.1737
