Car -1 -1 -4.3943 348.3927 181.4752 430.3600 228.8114 1.4057 1.5503 3.3640 -6.7348 1.4055 23.0378 -4.6809 7.1845
Car -1 -1 -7.7989 505.8818 171.4246 587.0485 245.9144 1.5905 1.7327 4.1382 -1.2576 1.3759 17.4246 -7.8752 7.1425
Car -1 -1 -7.4645 154.9077 187.1315 434.9414 363.8928 1.4814 1.5408 3.4522 -3.0770 1.5574 7.8734 -7.8321 6.9427
Car -1 -1 -7.8340 600.0515 171.0312 639.0378 210.3503 1.5137 1.5021 2.3380 0.7219 1.1110 28.8524 -7.8143 5.0113
Car -1 -1 -7.8177 502.3734 171.1897 555.3703 223.1014 1.5744 1.6042 3.8376 -2.3628 1.2622 23.7548 -7.9210 3.0242
Car -1 -1 -4.5706 470.0107 174.4405 510.8314 202.8225 1.5009 1.7132 4.0097 -6.1289 1.1278 40.0048 -4.7266 2.5065
Car -1 -1 -7.8075 579.4402 172.9072 614.2739 204.8514 1.4985 1.5688 4.0209 -0.1896 1.0956 35.7339 -7.8178 1.7675
Car -1 -1 -7.6833 531.9045 169.7443 582.8422 210.3974 1.6175 1.5852 3.5798 -1.8250 1.1501 30.4453 -7.7478 0.5389
Car -1 -1 -7.7930 185.7736 173.8377 220.2457 202.0176 1.6514 1.6346 3.8329 -24.4502 1.2025 44.1764 -8.3010 -0.0805
Car -1 -1 -4.6544 115.9089 184.8615 148.6195 208.9872 1.4923 1.5934 3.6269 -30.6125 1.7212 46.9484 -5.2347 -0.6004
Car -1 -1 -4.6845 111.3963 180.3722 138.4846 201.8023 1.5110 1.5640 3.6438 -34.8454 1.4315 52.6086 -5.2721 -1.0380
Car -1 -1 -7.8491 574.7117 174.4663 602.5729 200.4039 1.4777 1.5876 3.6244 -0.7635 1.0771 42.7497 -7.8718 -1.4526
Cyclist -1 -1 -4.4118 253.6315 176.9003 273.8168 207.6445 1.6773 0.5472 1.6954 -18.8283 1.4265 40.0676 -4.8536 -1.6615
Car -1 -1 -4.4744 0.0000 190.5979 66.8161 231.5498 1.4791 1.5625 3.7822 -22.9572 1.8712 28.8956 -5.1465 -1.7087
Pedestrian -1 -1 -6.6969 570.8589 172.3596 587.1650 201.5483 1.6521 0.7170 0.7020 -1.2880 1.1349 41.1347 -6.7330 -1.9134
Car -1 -1 -3.8361 147.0860 182.1062 218.7093 207.4844 1.5396 1.5801 3.8194 -26.5699 1.5800 45.7405 -4.3649 -1.9900
Car -1 -1 -4.2035 447.6923 173.6973 496.7582 197.2301 1.5318 1.6403 3.8213 -8.7216 1.0240 48.8315 -4.3843 -2.1140
