Car -1 -1 -7.6381 363.3551 183.1474 501.0465 281.3052 1.4379 1.5842 3.3769 -2.7733 1.4706 12.2738 -7.8614 7.5438
Car -1 -1 -7.7624 520.1248 169.4467 572.1517 213.9927 1.6190 1.7019 3.7308 -2.1082 1.1813 27.9837 -7.8420 7.1111
Car -1 -1 -7.8724 589.9259 171.1143 641.6738 220.4630 1.5561 1.6324 4.3140 0.4087 1.2290 24.8135 -7.8612 5.7520
Car -1 -1 -7.2276 0.0000 196.5845 366.1636 373.0000 1.5057 1.6195 3.8438 -2.5509 1.6154 3.2632 -7.8609 3.0198
Car -1 -1 -4.4254 391.8284 174.9900 468.4484 221.9624 1.4916 1.5790 3.7281 -5.8224 1.2854 24.7143 -4.6596 3.0079
Car -1 -1 -7.7695 557.1417 168.7630 589.8077 197.5098 1.6688 1.6580 4.3040 -1.6581 0.9295 43.8847 -7.8120 2.1720
Car -1 -1 -4.5936 267.6738 175.3927 302.5781 201.6433 1.5061 1.5330 3.4066 -18.9180 1.1558 43.0665 -5.0102 0.0296
Pedestrian -1 -1 -5.9181 148.0040 169.7733 174.0304 208.2694 1.8201 0.6535 0.8882 -21.0747 1.2659 34.3660 -6.4698 -0.1731
Car -1 -1 -3.7235 366.4374 175.6470 457.2623 208.4550 1.4756 1.6105 3.9683 -9.0111 1.2126 34.3236 -3.9834 -0.2429
Car -1 -1 -7.9496 580.0541 171.5514 605.0907 190.6695 1.4642 1.5943 3.9552 -0.7157 0.7022 57.0717 -7.9670 -0.7581
Car -1 -1 -2.4217 302.6032 177.9699 379.0934 206.5038 1.5156 1.6447 3.8265 -14.3696 1.3282 39.6108 -2.7727 -0.8108
Car -1 -1 -7.6098 655.1597 171.3167 704.5779 202.0046 1.4761 1.6042 4.0352 4.0569 0.9865 36.7219 -7.5056 -1.2763
Car -1 -1 -6.9179 370.4779 172.5158 419.2374 193.2189 1.6815 1.6374 3.6860 -17.2834 0.9516 60.3037 -7.2008 -1.3224
Car -1 -1 -5.2548 751.9051 173.5792 812.5667 200.4356 1.3767 1.5195 3.5837 9.6876 0.9709 38.7602 -5.0165 -1.6552
Pedestrian -1 -1 -3.2610 979.4691 165.9797 1003.5250 234.8102 1.7105 0.5403 0.4671 9.8344 1.3253 18.1866 -2.7765 -1.7177
Car -1 -1 -4.0696 340.3960 166.8736 384.4313 187.2426 1.7929 1.6937 4.1058 -21.6905 0.5052 65.4420 -4.3933 -1.8502
Pedestrian -1 -1 -7.9748 1046.5208 157.5573 1077.2657 223.0917 1.7312 0.6174 0.6463 12.3922 1.0992 19.3991 -7.4176 -2.1240
Car -1 -1 -3.9551 258.9909 180.8141 327.6154 208.9940 1.4479 1.4983 3.3755 -16.5643 1.4128 38.7505 -4.3617 -2.1647
