Car -1 -1 -4.4800 430.0721 178.1909 493.1047 213.5447 1.4617 1.7798 4.4851 -6.1437 1.3252 31.9758 -4.6734 7.5272
Car -1 -1 -7.4794 176.0669 187.1754 443.2314 359.5399 1.4796 1.5417 3.3849 -2.9832 1.5569 7.9873 -7.8324 7.4102
Car -1 -1 -7.7847 491.7878 174.3225 578.3046 255.6976 1.5868 1.6481 4.1644 -1.4007 1.4475 16.1071 -7.8755 6.3725
Car -1 -1 -7.8721 600.2529 173.7889 643.0151 216.4634 1.5128 1.5159 2.3584 0.6942 1.2398 26.6459 -7.8514 5.6399
Car -1 -1 -7.7329 495.0981 173.4631 563.8680 231.3310 1.6262 1.6864 3.5703 -2.1477 1.4008 21.9878 -7.8344 3.3546
Car -1 -1 -7.7051 520.2010 172.2413 576.4711 216.0836 1.6081 1.6598 3.9933 -2.0442 1.2689 28.3993 -7.7815 2.3652
Car -1 -1 -7.9179 574.5554 175.8509 615.2021 209.5415 1.5123 1.6413 4.3265 -0.3855 1.2590 34.4663 -7.9341 1.6683
Pedestrian -1 -1 -7.5817 817.0474 168.1291 835.3666 206.2553 1.7870 0.6734 0.6930 10.6724 1.1605 34.1417 -7.2859 0.6377
Cyclist -1 -1 -5.1366 800.8386 168.7209 822.4780 198.4544 1.7550 0.6335 1.6099 12.6446 1.0008 43.2419 -4.8587 0.3027
Car -1 -1 -4.9120 353.3722 174.9560 403.7969 208.8116 1.5581 1.6210 3.7631 -10.9433 1.2572 35.0976 -5.2172 0.1970
Car -1 -1 -7.8606 812.7682 157.5917 837.6730 184.8367 1.9319 1.6935 4.2622 16.5589 0.2366 53.2206 -7.5652 -0.1562
Car -1 -1 -4.5980 585.5515 172.1400 615.7746 198.1064 1.6719 1.6128 3.9443 -0.0041 1.0693 48.2999 -4.6031 -0.2240
Car -1 -1 -3.6653 0.0000 199.8720 45.3172 373.0000 1.4698 1.5939 3.8996 -7.4390 1.6842 6.2903 -4.5196 -0.7508
Pedestrian -1 -1 -5.6654 633.9977 173.2052 646.2386 193.5127 1.7237 0.5872 0.8656 3.3374 1.0194 61.4692 -5.6164 -1.1568
Car -1 -1 -5.2965 101.7740 181.4776 180.3969 211.3908 1.5600 1.6801 3.9716 -25.0198 1.5590 39.0306 -5.8685 -1.5062
Car -1 -1 -2.6394 288.4661 179.2486 368.7632 209.0423 1.5566 1.6592 3.6921 -14.6355 1.4392 38.6039 -3.0046 -1.6871
Car -1 -1 -4.6702 409.7347 174.3023 437.3513 200.6704 1.6360 1.5963 3.7927 -11.4926 1.1895 46.5879 -4.9158 -2.0156
Car -1 -1 -7.8085 751.8115 166.7439 776.6620 189.6959 1.6763 1.6871 4.0099 12.4260 0.5985 54.6190 -7.5907 -2.0453
