Car -1 -1 -4.5904 654.9283 180.0196 691.9176 207.8838 1.7281 1.9357 4.5927 4.2791 2.2333 48.4553 -4.5035 4.6273
Pedestrian -1 -1 -2.9248 465.3412 179.9772 484.2357 211.2842 1.6402 0.4269 0.9113 -7.1822 2.0186 38.1330 -3.1102 0.7138
Car -1 -1 -2.2984 319.5406 181.1480 389.6297 206.0196 1.4412 1.6423 4.3180 -15.8899 1.9755 44.7456 -2.6380 0.2900
Car -1 -1 -4.6879 679.2471 182.8382 700.8667 204.8408 1.5560 1.5461 3.7295 6.0719 2.3403 54.7485 -4.5786 0.0776
Car -1 -1 -3.1642 257.4491 179.1171 324.3472 202.4644 1.5099 1.6336 4.1056 -21.7415 1.9501 49.1358 -3.5790 -0.6990
Car -1 -1 -3.9959 366.1024 180.4583 426.4063 205.7883 1.4417 1.5182 3.6515 -13.0816 1.9284 44.2300 -4.2822 -0.9397
Car -1 -1 -5.0068 949.9385 170.4092 995.9436 193.3155 1.5200 1.6692 4.2725 25.1102 1.3575 50.1248 -4.5450 -1.0342
Car -1 -1 -5.3394 907.3545 171.5121 960.9103 192.7681 1.5691 1.6676 4.0766 24.8049 1.4698 55.4306 -4.9209 -1.2091
Cyclist -1 -1 -3.8780 0.0000 183.0095 88.1420 287.6011 1.5973 0.5382 1.4498 -9.5523 1.7756 11.9269 -4.5426 -1.7273
Car -1 -1 -4.2687 315.1615 179.1937 361.0038 201.3194 1.5294 1.5973 3.9869 -19.9824 2.0138 53.1064 -4.6273 -2.1040
