Car -1 -1 -2.2470 1037.1609 187.1169 1153.1893 233.6758 1.4233 1.5071 3.2233 16.3078 1.6626 23.7444 -1.6452 10.1435
Car -1 -1 0.8870 1096.6745 185.9628 1231.7660 234.6485 1.5219 1.5942 3.8241 19.1370 1.7273 24.4561 1.5509 9.5909
Car -1 -1 -2.1272 958.4079 182.5472 1065.4948 229.3807 1.4737 1.5534 3.4837 13.7547 1.5503 24.1683 -1.6098 9.5190
Car -1 -1 -1.6475 600.3712 173.8732 636.5631 203.8930 1.4898 1.6065 3.6480 0.6461 1.1624 36.9533 -1.6300 3.2838
Car -1 -1 1.7078 463.9170 162.5840 488.5951 180.7620 1.5444 1.6152 3.8993 -11.2440 0.0235 62.0465 1.5286 -0.0916
Car -1 -1 -0.6170 678.3181 174.6027 745.1465 199.9495 1.5740 1.6272 4.0653 6.8834 1.2091 45.5434 -0.4670 -0.0945
Car -1 -1 1.5583 444.1577 159.3843 464.0762 177.4692 1.4895 1.6277 3.9509 -13.0332 -0.2695 61.0427 1.3479 -0.4336
Car -1 -1 -1.9409 805.7219 156.2523 857.5058 183.6781 1.5182 1.5973 3.7772 13.0903 0.1773 41.0694 -1.6324 -0.7548
Car -1 -1 -1.2874 457.4314 163.7570 499.9214 194.0518 1.8586 1.6942 3.7812 -8.0499 0.8328 45.3433 -1.4631 -0.9542
Car -1 -1 -1.6108 618.5334 176.6890 661.2598 215.4385 1.4634 1.5639 3.5668 1.3286 1.3210 28.4851 -1.5642 -1.9631
