Car -1 -1 -2.2513 1036.3170 187.9810 1151.6394 233.8613 1.4020 1.5144 3.1862 16.2996 1.6727 23.7866 -1.6506 11.0282
Car -1 -1 0.8625 1095.3473 184.5369 1234.2409 233.7392 1.5408 1.6132 3.8812 19.1341 1.6932 24.4348 1.5268 7.5505
Car -1 -1 -2.1336 959.8260 182.5816 1065.7487 231.8497 1.5496 1.5773 3.3329 13.7379 1.6271 24.0770 -1.6151 7.3587
Car -1 -1 -1.6676 601.2117 174.6613 637.6252 204.0061 1.4558 1.5641 3.4299 0.6964 1.1676 36.8432 -1.6487 4.7396
Car -1 -1 -0.4390 821.8909 162.9284 902.9153 190.5262 1.5261 1.6448 3.9964 14.5532 0.5558 40.0939 -0.0909 2.4312
Car -1 -1 1.9703 296.0650 158.5301 339.2265 179.2877 1.5633 1.6362 4.2150 -22.5281 -0.0978 55.6130 1.5854 0.9067
Car -1 -1 1.6656 480.3833 165.9494 502.9240 183.6224 1.5199 1.6056 4.0463 -10.0255 0.2697 62.8719 1.5075 -0.0521
Car -1 -1 1.6915 435.5627 155.9053 479.1426 189.2866 1.5648 1.6525 4.0271 -7.3055 0.4133 35.2154 1.4869 -1.3500
Car -1 -1 -0.7997 674.8397 173.8035 735.4361 197.9673 1.5094 1.6248 3.9310 6.5396 1.0924 46.0051 -0.6585 -1.4866
Car -1 -1 1.5954 521.7768 179.3383 544.4842 199.6293 1.4764 1.6155 3.7996 -5.3879 1.3932 53.3979 1.4949 -1.7247
