Car -1 -1 -2.2730 1037.3588 186.7698 1153.0877 233.4346 1.4286 1.5096 3.1422 16.2972 1.6550 23.7188 -1.6710 10.8813
Car -1 -1 0.8930 1096.9415 187.4538 1234.0352 233.8672 1.4346 1.5796 3.9310 19.1408 1.6957 24.4162 1.5579 9.1911
Car -1 -1 -2.1382 955.8720 182.5061 1069.1180 229.4203 1.4732 1.5971 3.7297 13.8111 1.5490 24.2623 -1.6207 6.3005
Car -1 -1 -1.1388 721.6328 174.4882 783.5160 206.7331 1.4457 1.5496 3.5104 7.0318 1.1776 33.5674 -0.9323 3.5937
Car -1 -1 -1.6449 602.8560 177.0129 637.6097 205.6992 1.4237 1.5549 3.3752 0.7402 1.2521 36.8134 -1.6248 2.4310
Car -1 -1 -1.2981 459.7677 165.1671 500.8446 192.8467 1.7042 1.6345 3.8294 -7.9759 0.7615 45.5137 -1.4716 -0.5222
Car -1 -1 -0.2385 745.1028 158.3851 808.5342 180.8868 1.4859 1.6084 3.8674 11.5067 0.0269 47.4893 -0.0008 -0.9056
Car -1 -1 -0.9625 245.7504 160.4480 298.7440 181.9708 1.4705 1.5634 3.7242 -23.5925 0.1018 50.2714 -1.4013 -1.4544
Car -1 -1 1.7310 462.4793 163.0525 487.8745 181.3852 1.5573 1.5933 3.8855 -11.3320 0.0764 62.0133 1.5503 -1.4766
Car -1 -1 1.2862 905.5369 183.0564 1104.3448 300.7677 1.4914 1.6016 3.9495 5.9640 1.5409 11.1412 1.7777 -1.9553
