Car -1 -1 -2.2874 1031.6836 187.2388 1154.6551 233.7879 1.4172 1.5440 3.4018 16.2780 1.6627 23.8157 -1.6878 10.2551
Car -1 -1 0.9110 1094.0641 185.5419 1229.7733 233.5428 1.5067 1.6104 3.9459 19.1443 1.6976 24.5770 1.5728 9.6496
Car -1 -1 -2.1347 960.3484 184.2655 1072.7985 232.1225 1.4790 1.5737 3.6546 13.8000 1.6183 23.9975 -1.6128 2.7779
Car -1 -1 1.7112 480.9443 165.7657 505.2498 182.8957 1.4813 1.5790 4.1874 -9.9520 0.2084 63.2415 1.5551 1.5579
Car -1 -1 1.7559 322.6599 162.6174 350.2499 179.9439 1.4908 1.6207 3.8415 -23.8669 -0.0500 62.9946 1.3938 -0.1641
Car -1 -1 -1.4538 597.1980 173.9565 635.2035 204.2075 1.5001 1.5614 3.7802 0.6220 1.1771 37.0339 -1.4370 -0.5940
Car -1 -1 -1.5031 463.3300 167.2049 494.1022 195.4907 1.7558 1.6992 4.1160 -8.1748 0.9319 46.0212 -1.6789 -0.9609
Car -1 -1 1.6635 494.0232 162.6296 518.2386 181.6522 1.4945 1.5896 4.0262 -8.0044 0.0918 57.5907 1.5254 -1.3804
Car -1 -1 1.1039 882.1967 180.8537 1128.2384 298.9161 1.4768 1.6068 3.9239 5.7419 1.4848 10.8290 1.5914 -1.5012
Car -1 -1 1.6034 449.6627 161.9725 468.5968 178.4640 1.4656 1.5919 3.8578 -13.4354 -0.1930 65.3686 1.4007 -1.6720
Car -1 -1 -0.2171 682.1586 170.2275 744.9485 195.0149 1.5466 1.5947 3.6939 6.8820 0.9070 45.0282 -0.0654 -1.9297
Car -1 -1 -2.0627 950.5531 164.8701 1016.2537 195.3900 1.5647 1.6015 3.5925 20.2674 0.7648 38.0412 -1.5732 -2.0650
