Car -1 -1 -2.2581 1037.6650 186.4402 1153.5617 233.5664 1.4427 1.5140 3.1716 16.2941 1.6572 23.6991 -1.6558 11.2094
Car -1 -1 -2.1200 958.6327 182.3962 1063.4076 228.3038 1.4484 1.5627 3.3679 13.7201 1.5193 24.1519 -1.6034 8.8653
Car -1 -1 0.8864 1099.3225 185.6429 1234.1208 234.0209 1.5146 1.5774 3.8226 19.2313 1.7081 24.4654 1.5526 8.7869
Car -1 -1 1.6607 480.1406 165.9510 502.5985 183.4778 1.5069 1.6205 3.9953 -10.0450 0.2572 62.8326 1.5022 1.2758
Car -1 -1 -1.6711 603.5795 175.4935 640.1735 204.9417 1.4640 1.5556 3.5579 0.8260 1.2165 36.9786 -1.6487 1.0401
Car -1 -1 1.7137 463.0827 163.5788 487.9445 181.6491 1.5339 1.6058 3.9113 -11.2996 0.0987 61.9957 1.5334 -0.5414
Car -1 -1 1.7200 478.1904 156.4408 509.4273 179.4204 1.5364 1.6004 3.8664 -7.7210 -0.0771 49.3878 1.5649 -1.0849
Car -1 -1 -1.5495 465.3590 163.4590 493.4965 192.9459 1.8245 1.7137 4.0734 -8.1089 0.7715 45.8886 -1.7244 -1.4052
Car -1 -1 -0.1095 647.0014 171.3298 707.9111 192.8334 1.5346 1.6671 4.2375 5.2290 0.8815 51.3039 -0.0079 -1.5596
Car -1 -1 -0.3884 820.2816 163.1086 897.2612 190.5889 1.5242 1.6132 3.7785 14.3472 0.5610 40.1013 -0.0449 -1.5794
Car -1 -1 -2.3650 240.5487 166.8997 331.5226 199.9816 1.5413 1.6439 4.0422 -15.5344 0.9091 34.4057 -2.7891 -1.6027
