Car -1 -1 -2.2771 1033.5650 185.4252 1154.0357 233.6019 1.4787 1.5242 3.3357 16.2866 1.6581 23.7907 -1.6768 8.8599
Car -1 -1 1.0303 958.3945 181.9978 1063.1729 230.5646 1.5295 1.5733 3.3652 13.6633 1.5856 24.0680 1.5466 4.2318
Car -1 -1 -1.6078 603.3476 174.2004 636.1749 203.2260 1.4526 1.5843 3.6338 0.7230 1.1387 37.2095 -1.5883 3.2751
Car -1 -1 -1.3258 459.3939 164.1898 500.4958 193.1957 1.7920 1.6982 4.0069 -8.0350 0.7857 45.7368 -1.4997 3.0604
Car -1 -1 -1.0693 338.9506 161.5788 379.7464 180.0336 1.5020 1.6095 3.8332 -20.6650 -0.0395 59.6693 -1.4027 1.6263
Car -1 -1 1.6799 481.1994 165.8659 503.7636 182.9949 1.4751 1.5558 4.0353 -9.9625 0.2160 62.9376 1.5229 0.9426
Car -1 -1 0.9243 1089.6347 185.6150 1228.0088 235.7139 1.5677 1.6384 4.0924 19.0393 1.7620 24.5953 1.5831 0.9174
Car -1 -1 -0.3950 819.9491 163.1285 897.3002 190.5211 1.5121 1.6041 3.7841 14.2758 0.5546 39.9239 -0.0515 -1.1588
Car -1 -1 -1.6400 616.8810 171.9196 662.9582 211.3295 1.5051 1.5991 4.0104 1.3460 1.1789 29.0202 -1.5936 -1.7395
Car -1 -1 2.2592 0.0000 133.3387 33.0496 226.9103 1.8373 1.7085 3.9548 -15.2637 0.9129 15.9146 1.4946 -1.9785
