Car -1 -1 -1.2999 515.8287 154.4879 589.2538 216.2039 2.6793 2.0542 5.5497 -2.6376 1.8823 34.2428 -1.3767 10.8024
Car -1 -1 -2.7028 448.1251 178.9739 509.7361 203.5088 1.5242 1.6046 3.5790 -8.4963 1.9309 46.6718 -2.8829 5.2848
Car -1 -1 -0.5563 1018.3125 166.9953 1201.4236 225.0815 1.4817 1.5968 3.7475 13.2006 1.3326 19.2823 0.0440 4.0455
Car -1 -1 1.8521 590.5445 156.3938 620.5523 173.3029 1.5019 1.6717 4.1543 -0.3916 0.0402 66.3131 1.8462 2.1887
Car -1 -1 -0.4236 1062.7405 127.7397 1241.0000 183.5793 1.4976 1.6256 3.9882 15.4048 0.2880 20.5749 0.2191 1.1951
Car -1 -1 1.1719 64.3197 168.0513 113.2295 188.3515 1.4750 1.5990 3.8570 -39.1271 1.1264 54.1092 0.5458 0.5440
Car -1 -1 1.9503 327.7041 179.4226 371.0158 201.9022 1.4681 1.5737 3.6891 -18.0671 1.9415 50.0830 1.6041 -0.4112
Car -1 -1 1.8281 547.9991 149.2805 582.1548 170.1844 1.5384 1.6305 4.1823 -3.4597 -0.2145 55.8726 1.7662 -1.3244
Car -1 -1 1.4697 511.0927 141.0154 546.7254 169.1878 1.4931 1.6105 3.9016 -4.6696 -0.2178 40.8556 1.3559 -1.3831
Car -1 -1 -3.4462 821.0339 142.1237 934.6135 183.8887 1.5340 1.6101 3.7289 10.0547 0.4057 27.3908 -3.0944 -1.3847
Car -1 -1 -1.8324 158.4929 183.3973 261.1648 243.6178 1.4606 1.5729 3.7138 -11.2162 1.7812 20.0347 -2.3428 -1.3934
Car -1 -1 -1.6811 740.2735 159.3945 767.7081 180.4816 1.5053 1.5833 3.7471 10.6006 0.5448 53.4376 -1.4853 -1.5276
Car -1 -1 -1.9063 990.9388 136.1715 1062.8151 173.5916 1.5759 1.6090 3.8426 18.5918 0.0314 32.4211 -1.3857 -2.1724
