Car -1 -1 2.5295 0.0000 178.6351 92.9860 216.0733 1.5548 1.6585 4.1620 -26.2466 1.8365 32.8815 1.8558 0.8980
Car -1 -1 -1.4850 576.5057 169.3697 600.0928 189.2382 1.5962 1.6357 3.8579 -1.7952 1.3167 59.9368 -1.5149 0.7843
Car -1 -1 -1.0155 433.8493 168.0696 468.3855 183.9769 1.4743 1.5442 3.6167 -15.1405 1.0312 68.8320 -1.2320 -0.6754
Car -1 -1 1.4371 715.4453 152.6449 738.6817 170.0768 1.4837 1.5328 3.8181 10.3244 -0.2532 63.9524 1.5972 -0.9093
Car -1 -1 -1.6789 789.3295 173.9466 855.3949 224.7415 1.4787 1.6028 3.8505 6.6678 1.5172 23.1241 -1.3982 -1.2963
Car -1 -1 1.3646 246.8248 137.1884 300.7712 170.0357 1.4812 1.6035 3.8500 -16.3417 -0.1439 34.9014 0.9267 -1.3543
Car -1 -1 -1.2438 443.9498 170.9687 489.5273 197.1333 1.5748 1.6412 3.9367 -9.0053 1.4617 45.4843 -1.4392 -1.4682
Car -1 -1 -0.6760 93.7225 173.5315 185.0427 205.6768 1.5502 1.5921 3.7386 -24.0119 1.5871 36.9025 -1.2528 -1.5203
Car -1 -1 -1.6231 816.5817 173.3053 890.4972 236.0301 1.4775 1.6206 4.1063 6.3272 1.4912 19.2185 -1.3051 -1.5797
Car -1 -1 -1.7551 721.1967 170.0755 759.3334 195.9910 1.4697 1.5530 3.7724 7.6458 1.3125 42.8092 -1.5784 -2.1648
