Car -1 -1 -1.2389 391.4279 141.2668 521.3222 242.8003 2.4661 1.9576 5.1417 -4.1306 1.6993 20.1986 -1.4406 7.5114
Car -1 -1 -2.6035 315.8244 179.5788 407.1366 214.3361 1.4930 1.5560 3.6088 -11.2301 1.8073 32.5582 -2.9357 5.1375
Car -1 -1 -1.0187 719.0111 175.1676 794.1430 210.3113 1.5531 1.6386 3.9887 6.9486 1.6695 34.1649 -0.8181 1.0237
Car -1 -1 -1.2767 536.5554 152.9693 573.9163 174.4666 1.5018 1.6306 3.9751 -3.9685 0.1130 52.5195 -1.3521 0.4895
Car -1 -1 2.3034 127.4680 178.6743 249.3376 222.4129 1.5376 1.6520 4.3176 -16.3876 1.7842 28.2516 1.7778 0.0518
Car -1 -1 -1.9632 704.1561 177.6083 741.3395 197.8891 1.4576 1.5691 3.4664 8.4672 1.8301 54.6005 -1.8093 -0.2377
Car -1 -1 -1.3361 732.5631 179.8898 798.0882 223.3448 1.4729 1.5862 3.7235 5.8584 1.7576 27.1307 -1.1235 -1.3336
Car -1 -1 -0.8770 722.6538 179.5724 837.2490 229.5886 1.4662 1.5904 3.7431 5.5019 1.7007 23.3836 -0.6459 -1.8561
Car -1 -1 0.3885 103.8175 180.8823 207.5060 214.3569 1.5314 1.6245 3.8942 -21.7996 1.9304 34.6854 -0.1726 -1.9307
Car -1 -1 -2.5552 194.8607 151.2421 290.6980 183.8057 1.6621 1.6898 4.2663 -19.2930 0.5593 37.9107 -3.0260 -2.0135
