Car -1 -1 1.3579 730.1411 138.1196 779.8284 170.0888 1.5130 1.6386 4.0333 7.2337 -0.1474 36.5266 1.5534 0.2959
Car -1 -1 2.2009 0.0000 124.4978 150.3610 181.2889 1.4679 1.5883 3.7201 -15.0874 0.2184 20.5109 1.5667 -0.3013
Car -1 -1 1.8575 332.3411 152.8007 444.3326 225.3209 1.7211 1.7068 4.2510 -5.7979 1.2455 19.2518 1.5650 -0.6904
Car -1 -1 -1.5845 618.7729 182.8131 646.1401 208.8203 1.4728 1.6075 3.9581 1.3171 2.1131 44.3741 -1.5548 -1.0060
Car -1 -1 1.8371 533.6736 172.1002 570.2205 194.5706 1.4927 1.5841 3.7775 -4.0037 1.4430 49.9321 1.7571 -1.1694
Car -1 -1 -1.5412 482.9888 163.3583 503.1751 181.4517 1.4943 1.5896 3.8859 -9.9785 0.7104 61.6158 -1.7018 -1.4938
Car -1 -1 -1.4253 514.5766 169.6636 544.2667 192.6432 1.7053 1.6626 4.3930 -6.2092 1.4689 55.7654 -1.5362 -1.6133
Car -1 -1 -2.2294 1123.9167 141.0419 1241.0000 201.7975 1.5312 1.6049 3.7491 16.3592 0.7298 20.0764 -1.5456 -1.7081
Car -1 -1 -1.6141 585.3760 177.6619 632.7682 220.4846 1.4935 1.6279 3.9714 -0.1424 1.6916 27.6397 -1.6192 -1.8400
Car -1 -1 -0.0614 744.0248 156.2708 891.7145 205.7446 1.5169 1.6822 4.4534 6.5925 1.0088 23.4125 0.2130 -1.9355
Car -1 -1 -1.7295 604.6336 152.2062 631.9831 171.5230 1.4689 1.5817 3.7830 0.5996 -0.1087 57.1253 -1.7190 -2.0412
