Car -1 -1 -1.4775 520.0044 175.2370 554.2994 202.8902 1.5003 1.6096 3.6380 -3.8198 1.2162 40.1755 -1.5723 7.7854
Car -1 -1 2.5932 913.6355 149.3287 1045.1564 189.8732 1.4459 1.6134 4.0523 13.7576 0.3358 26.1451 3.0776 4.7134
Car -1 -1 1.3346 145.1537 148.6049 198.7301 178.4594 1.5998 1.6610 4.1885 -24.6874 -0.1207 40.2334 0.7842 3.4769
Car -1 -1 -3.4997 816.7700 161.5224 897.8413 189.5505 1.4554 1.5620 3.7404 13.3366 0.4714 37.5223 -3.1582 2.5044
Car -1 -1 3.3716 403.0682 170.0454 497.3991 207.2405 1.6800 1.6521 4.0040 -7.1430 1.2093 32.7884 3.1571 0.6671
Car -1 -1 1.4862 118.6271 158.7246 159.3497 185.8835 1.4598 1.6008 3.8336 -26.4045 0.2908 40.0000 0.9027 -0.5398
Car -1 -1 -1.6689 582.0055 174.4827 610.2444 196.6516 1.4929 1.6081 3.8105 -0.6546 1.0890 49.5920 -1.6821 -0.6328
Car -1 -1 -2.1208 1006.9890 156.0413 1078.1836 183.5981 1.4792 1.5908 3.9271 24.5976 0.1677 39.9134 -1.5685 -0.8272
Car -1 -1 0.1789 502.5191 172.3747 559.5671 193.2492 1.5008 1.6026 3.9339 -5.3830 0.9179 51.7746 0.0753 -1.6387
Car -1 -1 -3.3832 802.3415 161.8144 858.3215 180.7134 1.4745 1.6038 3.9604 17.8527 0.0179 56.0905 -3.0750 -1.8076
Car -1 -1 -1.1137 768.7131 171.7427 805.3700 189.0211 1.4900 1.5810 3.9514 16.2636 0.7360 62.9807 -0.8609 -1.8958
Car -1 -1 -1.6079 797.6987 167.6271 815.4187 182.5612 1.4724 1.5851 3.7761 20.4561 0.2043 71.7273 -1.3301 -2.1126
