Car -1 -1 -1.4854 538.2992 170.9419 566.0185 192.3045 1.4316 1.6101 3.8099 -3.6433 0.7924 49.2902 -1.5592 6.0549
Car -1 -1 -0.4027 834.8710 149.0166 939.7844 179.1067 1.4562 1.6599 4.5615 13.9772 -0.0697 35.1797 -0.0245 5.5316
Car -1 -1 1.3728 790.1927 164.2581 818.6403 182.2489 1.4783 1.5782 3.9378 16.9331 0.1449 60.1146 1.6474 2.2196
Car -1 -1 2.8406 766.8434 155.1403 837.8173 178.1929 1.4840 1.6447 4.2027 12.9616 -0.1536 46.5737 3.1121 -0.1215
Car -1 -1 2.1494 258.3463 164.0970 305.7894 183.3514 1.4736 1.5909 3.8321 -25.5637 0.2195 56.1235 1.7220 -0.2699
Car -1 -1 1.5811 216.8479 157.6945 244.5220 180.1133 1.4820 1.6333 3.9176 -25.8716 -0.0266 48.9250 1.0947 -0.3260
Car -1 -1 0.0906 494.6126 171.8359 540.2275 189.0471 1.4663 1.5968 3.7839 -7.5209 0.7294 61.0890 -0.0319 -0.3631
Car -1 -1 2.0980 148.2339 154.0838 208.5836 178.3833 1.5088 1.6168 3.9401 -27.8078 -0.1430 46.2242 1.5564 -0.6044
Car -1 -1 -0.8211 2.0009 153.5268 91.2747 184.0570 1.4822 1.5697 3.5758 -28.4711 0.1741 36.1679 -1.4880 -0.6574
Car -1 -1 -2.4041 367.9990 173.8682 437.6775 201.9248 1.6398 1.6203 4.0240 -12.2909 1.2536 42.9370 -2.6829 -0.7895
Car -1 -1 1.1471 922.1678 146.7107 1031.3546 197.4468 1.4780 1.6090 3.8846 11.6885 0.4953 22.5757 1.6249 -1.9318
