Car -1 -1 -1.4233 470.6579 173.4269 532.4438 218.1066 1.4184 1.5650 3.7642 -3.5068 1.1954 24.3268 -1.5665 10.7939
Car -1 -1 -0.4026 902.4087 154.8856 998.2924 183.2182 1.5701 1.7150 4.5855 19.5383 0.1520 40.1484 0.0504 4.4074
Car -1 -1 -0.5282 974.9147 152.5746 1070.0285 179.0309 1.4806 1.6769 4.4537 23.8554 -0.0846 40.5074 0.0041 4.2329
Car -1 -1 2.3918 1149.7946 155.5517 1241.0000 205.0319 1.4633 1.5666 3.9326 19.2714 0.7270 21.7354 3.1172 2.6982
Car -1 -1 1.9352 284.5397 157.7577 323.2385 177.0624 1.4953 1.5923 3.9528 -24.4119 -0.2880 57.4797 1.5336 0.1906
Car -1 -1 -3.3750 847.7287 169.4949 906.6250 189.8412 1.4759 1.5796 3.8026 20.1071 0.6789 52.3208 -3.0081 -0.1288
Car -1 -1 -1.3584 715.3475 161.2006 743.6282 180.3632 1.5777 1.5954 3.8833 10.6727 -0.0109 60.3405 -1.1833 -1.3950
Car -1 -1 1.6626 546.3802 174.2762 571.0032 193.7849 1.4679 1.5665 3.9239 -3.5691 1.0008 55.1771 1.5980 -1.4339
Car -1 -1 0.9282 974.9813 147.5159 1133.2601 208.6500 1.4600 1.6084 3.7498 11.7187 0.6739 18.8174 1.4852 -1.5958
Car -1 -1 -1.9101 847.5334 153.3483 921.4361 190.6272 1.4662 1.6297 4.0522 11.6745 0.3998 29.8558 -1.5374 -1.7072
