Car -1 -1 -1.4891 530.2959 175.6561 560.8641 200.2748 1.4516 1.5767 3.7710 -3.6253 1.1674 43.5724 -1.5721 6.8313
Car -1 -1 2.6648 878.4954 148.6395 995.9960 185.5626 1.4914 1.6268 4.1449 13.7574 0.2060 29.4483 3.1019 6.7504
Car -1 -1 1.2584 177.7947 151.5539 230.0531 177.7393 1.5247 1.6256 4.0663 -24.7419 -0.1764 43.5548 0.7418 1.3264
Car -1 -1 -1.0959 237.8649 169.8756 279.4127 187.6249 1.4666 1.6013 3.8565 -29.4982 0.5899 60.3630 -1.5504 0.5851
Car -1 -1 -1.6718 824.1585 167.4419 850.9459 187.3216 1.4761 1.5756 3.8569 17.9138 0.5078 54.5465 -1.3545 0.0151
Car -1 -1 -1.6475 620.1643 166.4244 648.8571 193.1721 1.8314 1.7119 4.4068 2.0751 0.8690 50.6392 -1.6066 -0.2633
Car -1 -1 -1.6465 157.8079 158.7276 194.3715 184.1422 1.4785 1.6127 3.9310 -26.2400 0.2133 43.1958 -2.1924 -0.5069
Car -1 -1 1.8739 383.5951 171.9006 434.8764 203.6945 1.6962 1.6397 4.0734 -10.9513 1.2388 39.7793 1.6053 -0.8017
Car -1 -1 -1.1680 230.9959 161.2656 278.4629 184.4671 1.5881 1.6304 3.9108 -24.8930 0.2728 50.3890 -1.6268 -1.1113
Car -1 -1 -1.4783 475.6521 173.1877 513.5867 205.1812 1.6023 1.6320 3.8803 -5.7967 1.2375 37.3916 -1.6321 -1.3628
Car -1 -1 -2.1870 1129.3757 131.6571 1241.0000 187.0492 1.5176 1.6113 3.8143 17.9000 0.1810 21.3324 -1.4889 -1.6066
