Car -1 -1 1.6550 440.4820 174.2121 480.8305 206.2534 1.4948 1.6275 4.0562 -7.1191 1.2029 35.0888 1.4548 8.5640
Car -1 -1 -0.8315 0.0000 209.7678 289.3405 374.0000 1.4248 1.5506 3.7916 -3.1886 1.6472 3.4224 -1.5816 7.7049
Car -1 -1 -0.5980 586.8587 169.7536 640.1163 190.2433 1.5549 1.6000 3.9613 0.6929 0.7407 55.4135 -0.5855 2.1808
Car -1 -1 -0.5792 904.3942 156.2782 1194.4580 259.8383 1.5989 1.6246 3.8380 7.2085 1.2266 11.7811 -0.0301 1.4836
Car -1 -1 1.4707 675.5522 174.3118 700.3160 193.4991 1.4775 1.5811 3.8160 6.5906 1.0022 56.3610 1.5871 -0.1361
Car -1 -1 0.0068 780.5476 165.5985 858.3540 194.3525 1.4928 1.6205 3.9254 11.5057 0.7206 38.0581 0.3004 -0.9607
Car -1 -1 0.8427 1182.8653 166.8184 1241.0000 225.3116 1.4661 1.5541 3.6006 18.1591 1.1248 19.5329 1.5917 -1.0009
Car -1 -1 -1.7015 701.3797 166.9574 723.3812 182.7083 1.5058 1.6102 4.1578 10.5816 0.2123 69.6864 -1.5508 -1.2579
Car -1 -1 -3.7707 1129.7404 146.8182 1241.0000 179.6997 1.5281 1.6476 4.1256 27.8162 -0.0379 33.8429 -3.0827 -1.3124
Car -1 -1 -1.7751 758.5822 167.0523 799.9498 193.0027 1.4943 1.6303 4.0553 10.4760 0.7213 42.7632 -1.5349 -1.3428
Car -1 -1 -1.9177 968.1992 144.1732 1035.1686 177.0453 1.5132 1.6229 4.0005 19.5751 -0.1803 35.0899 -1.4089 -1.6116
Car -1 -1 2.2509 95.9851 168.7246 149.0012 187.8214 1.5082 1.5732 3.7483 -39.3443 0.5795 57.7694 1.6530 -1.7838
