Car -1 -1 1.3152 450.1285 172.4717 507.9906 208.9225 1.4709 1.5551 3.7418 -5.5196 1.1485 30.5516 1.1365 11.0071
Car -1 -1 -0.8416 0.0000 204.6184 296.9635 374.0000 1.4294 1.5916 3.9449 -3.1464 1.6142 3.3750 -1.5920 8.8094
Car -1 -1 -1.7776 762.9254 160.3279 806.2083 189.6090 1.6675 1.6833 4.1690 10.6931 0.5201 42.3757 -1.5304 -0.5385
Car -1 -1 -1.6554 676.8428 176.5924 701.2009 196.1530 1.4993 1.5784 4.0851 6.6631 1.2011 56.2591 -1.5375 -0.7516
Car -1 -1 0.1629 781.1815 164.7486 862.8097 193.6536 1.4796 1.6216 3.9614 11.5807 0.6747 37.7949 0.4603 -1.1633
Car -1 -1 1.9304 314.6623 185.8676 360.2200 208.2010 1.4874 1.6579 4.1877 -18.9207 1.8856 50.1857 1.5699 -1.4385
Car -1 -1 0.7963 1218.4789 146.1326 1241.0000 210.1753 1.4880 1.5784 3.7808 18.2836 0.6911 18.3206 1.5807 -1.6185
Car -1 -1 -0.5597 509.6911 171.9193 560.6092 190.9419 1.4932 1.5997 3.8457 -5.6282 0.8209 57.3053 -0.6576 -1.6905
Car -1 -1 2.2433 0.0000 189.2314 56.0892 220.0031 1.5240 1.6037 3.9057 -31.8774 2.0203 38.1020 1.5466 -2.0872
Car -1 -1 2.2065 98.4700 165.0749 146.9231 183.6886 1.4814 1.5186 3.4792 -39.5165 0.2550 58.0334 1.6087 -2.1828
