Car -1 -1 -0.8182 0.0000 192.6954 293.4494 374.0000 1.4450 1.5636 4.0218 -3.1756 1.5391 3.3298 -1.5799 9.0057
Car -1 -1 1.7130 448.2757 170.8765 484.0004 198.9702 1.6679 1.6459 3.8939 -8.5873 1.0979 43.9577 1.5201 7.2692
Car -1 -1 0.1636 774.4858 165.5231 850.0918 193.6837 1.4557 1.5891 3.6967 11.1444 0.6829 38.0609 0.4485 0.3710
Car -1 -1 -1.5324 638.7510 166.0426 656.3900 181.5488 1.4482 1.5564 3.5707 4.1364 0.0991 67.8837 -1.4715 -0.1419
Car -1 -1 2.2268 97.0239 165.2511 147.7783 184.2559 1.5099 1.5461 3.6359 -39.5336 0.2996 58.0301 1.6288 -1.1246
Car -1 -1 -2.2660 978.4424 150.2823 1064.2755 181.0886 1.4789 1.6152 3.9313 21.0847 0.0297 36.0098 -1.7362 -1.6098
Car -1 -1 -1.2948 317.5300 187.5640 358.3573 210.3019 1.5041 1.6188 4.2643 -18.9399 2.0301 50.3204 -1.6548 -1.9500
Car -1 -1 -2.8570 915.5291 163.8696 1009.4693 195.1047 1.4868 1.6245 3.9201 17.9303 0.6966 35.5829 -2.3902 -1.9746
Car -1 -1 1.4998 677.3951 174.8550 700.6549 193.9975 1.4782 1.5656 3.9682 6.7083 1.0435 56.6129 1.6178 -2.0884
Car -1 -1 0.0347 775.9325 162.8424 851.9522 190.7706 1.5035 1.6348 3.9905 11.6491 0.5543 39.4649 0.3218 -2.1836
