Car -1 -1 -0.8231 0.0000 203.3291 298.6208 374.0000 1.4216 1.5876 3.8127 -3.1678 1.5959 3.4341 -1.5681 9.5972
Car -1 -1 2.8149 500.9544 169.7443 567.6459 195.3652 1.4966 1.5849 3.7032 -4.2813 0.8697 42.7830 2.7151 0.6574
Car -1 -1 -1.4754 678.8946 176.5548 703.4060 195.7621 1.4734 1.5759 3.8902 6.9036 1.1721 56.3042 -1.3534 -0.5665
Car -1 -1 2.8604 525.1971 171.8711 583.4675 195.1061 1.4646 1.5542 3.4780 -3.2953 0.9220 45.8943 2.7887 -0.7674
Car -1 -1 -1.7946 764.7242 161.1705 808.1836 189.5639 1.6157 1.6607 3.9920 10.7753 0.5171 42.2450 -1.5448 -1.2222
Car -1 -1 0.1685 786.8520 160.4721 874.3341 190.1858 1.5150 1.6484 4.2336 12.0194 0.4953 37.7483 0.4767 -1.3484
Car -1 -1 2.3398 61.5747 192.9605 161.9587 228.5303 1.4857 1.6109 3.8602 -22.9074 2.1045 32.9881 1.7329 -1.5928
Car -1 -1 0.8105 1182.6688 165.9434 1241.0000 225.9300 1.4829 1.5809 3.8501 18.1969 1.1246 19.4041 1.5638 -1.6778
Car -1 -1 1.8324 249.3976 188.9637 295.2978 215.6464 1.4658 1.5806 3.6398 -19.7012 1.9929 41.9903 1.3937 -1.6851
Car -1 -1 1.9508 316.0212 187.9275 362.7478 210.5914 1.4937 1.6408 4.2595 -18.7658 2.0443 50.1465 1.5927 -2.0344
