Car -1 -1 1.0983 467.9952 170.1815 536.9529 207.4230 1.5536 1.5720 3.5671 -4.6220 1.1246 31.3989 0.9521 10.7384
Car -1 -1 -0.8482 0.0000 204.6639 289.1346 374.0000 1.4339 1.5340 3.8265 -3.1531 1.6179 3.3951 -1.5966 10.6465
Car -1 -1 2.0536 53.4465 184.3849 210.0285 255.4428 1.7306 1.7386 4.4878 -13.0260 1.8537 19.7874 1.4714 9.9785
Car -1 -1 -0.7116 1194.4485 147.3707 1241.0000 198.3171 1.5578 1.6655 4.2596 21.6515 0.5463 22.5592 0.0533 4.8705
Car -1 -1 1.9145 238.7352 181.3910 328.4759 230.6275 1.5566 1.6238 3.8105 -10.9900 1.5914 24.3832 1.4911 -0.0557
Car -1 -1 -1.6423 677.6551 173.0273 701.4257 192.1665 1.4681 1.5936 3.9361 6.7033 0.8962 56.2344 -1.5237 -0.4201
Car -1 -1 1.9458 317.4648 183.5218 361.5660 205.4672 1.4784 1.6323 3.8440 -18.7470 1.7020 50.0935 1.5877 -1.4342
Car -1 -1 0.7845 1217.0065 146.5270 1241.0000 210.0696 1.4816 1.5929 3.7850 18.3133 0.6911 18.3755 1.5682 -1.7134
Car -1 -1 -1.6963 702.7977 166.7560 725.1515 184.1925 1.6671 1.6541 4.2535 10.7461 0.3542 69.7427 -1.5435 -1.8734
Car -1 -1 -1.7078 102.4875 168.0956 132.7133 186.6157 1.4672 1.5672 3.5246 -39.8755 0.4857 57.8381 -2.3114 -2.1448
Car -1 -1 0.1734 790.4129 161.6324 874.4457 191.3597 1.5104 1.6207 4.0326 12.0629 0.5532 37.5741 0.4840 -2.1680
