Car -1 -1 -7.8210 569.8503 177.7995 620.2997 228.9436 1.6295 1.6393 4.5029 -0.5043 1.8208 25.6884 -7.8412 6.7369
Car -1 -1 -4.6149 504.7684 180.6949 540.9285 212.1127 1.5163 1.5354 3.4377 -4.5162 1.9415 37.4247 -4.7347 5.4969
Car -1 -1 -4.3144 231.8347 178.6224 286.3446 208.3941 1.6972 1.5940 3.8849 -21.3021 2.0636 43.8823 -4.7642 4.8835
Car -1 -1 -3.8377 1076.2025 199.0321 1189.9191 236.7794 1.5649 1.4938 4.0958 23.1525 2.7604 32.0606 -3.2174 4.4765
Car -1 -1 -4.3131 285.3345 181.0897 331.0153 204.1091 1.4712 1.5514 3.7226 -20.6021 2.0551 49.3150 -4.7072 2.8302
Car -1 -1 -4.2223 163.1557 178.3993 240.2012 211.4156 1.5782 1.6580 4.2430 -21.0594 1.8813 37.3458 -4.7329 2.4917
Car -1 -1 -4.6509 541.6494 181.3123 565.3817 200.1923 1.4689 1.7171 4.2848 -4.7047 2.1999 60.2272 -4.7289 2.3201
Cyclist -1 -1 -8.2885 905.0311 187.7542 935.5541 236.0819 1.6433 0.3414 1.6273 11.0573 2.1940 25.8595 -7.8893 1.9978
Car -1 -1 -7.1232 1188.6265 200.4250 1241.0000 236.5197 1.5132 1.5159 3.3338 28.3604 2.7994 32.6989 -6.4140 1.7773
Car -1 -1 -8.1793 817.1633 186.7798 853.3672 207.6553 1.4655 1.5556 3.5746 17.0575 2.5590 54.8698 -7.8800 1.1301
Pedestrian -1 -1 -8.3063 1127.8350 191.3177 1174.3167 257.9734 1.6678 0.6110 0.9520 14.0802 2.1636 18.8663 -7.6734 0.6082
Car -1 -1 -7.6274 72.2728 183.5192 140.5233 221.9000 1.4816 1.6033 3.6764 -21.5650 1.9687 30.9712 -8.2317 0.0515
Car -1 -1 -5.5373 807.2271 187.7551 914.1836 228.1556 1.4650 1.6871 4.1465 10.2852 2.1308 30.0295 -5.2110 -0.1824
Car -1 -1 -8.1086 620.0364 177.6111 665.2231 206.3989 1.6188 1.7262 4.1214 1.8741 1.9198 43.4968 -8.0663 -0.2095
Car -1 -1 -8.4510 923.6622 190.9486 1017.3920 227.7239 1.4649 1.7872 4.1708 16.3657 2.3494 33.0892 -7.9959 -0.4809
Pedestrian -1 -1 -3.8250 1177.4596 174.0034 1195.7157 226.2282 1.8527 0.4840 0.2626 20.6095 1.8940 25.8524 -3.1581 -1.5830
Car -1 -1 -3.3485 57.3407 171.0900 173.9616 212.3341 1.8034 1.6863 4.2361 -23.0262 1.7259 33.6584 -3.9449 -1.6453
Car -1 -1 -5.2036 726.3911 180.4558 792.6215 212.5199 1.5611 1.6444 4.2176 7.8476 1.9897 38.4553 -5.0044 -2.0715
Pedestrian -1 -1 -3.3938 835.9142 173.1252 848.1680 194.5518 1.8253 0.4742 0.9077 19.8266 1.8483 61.7344 -3.0848 -2.1178
Pedestrian -1 -1 -5.9179 159.3811 159.2284 209.4356 279.5880 1.8967 0.5332 0.5413 -6.9321 1.6817 11.6772 -6.4441 -2.1493
