Car -1 -1 -7.8438 552.3400 173.8539 614.8244 235.2607 1.6237 1.6595 4.4101 -0.8137 1.6561 21.3789 -7.8822 6.4249
Car -1 -1 -3.7119 0.0000 158.8526 82.2326 200.3153 1.8303 1.6436 3.8888 -27.4323 1.2119 33.9553 -4.3877 1.8905
Car -1 -1 -4.5854 144.8264 167.7818 185.1528 195.0587 1.6463 1.6767 3.9688 -28.1612 1.3399 45.7024 -5.1352 1.1573
Cyclist -1 -1 -8.0755 763.0317 174.7512 774.8614 203.4846 1.6316 0.3313 1.5557 9.1770 1.7434 41.8541 -7.8616 -0.5445
Pedestrian -1 -1 -8.0906 967.3725 158.1151 985.0490 201.9234 1.8931 0.5790 0.5245 15.9409 1.2559 31.5004 -7.6262 -0.5974
Car -1 -1 -5.0995 800.0071 177.0703 844.6528 201.0253 1.4647 1.5469 3.4971 13.6214 1.7472 46.5771 -4.8172 -0.6372
Car -1 -1 -6.9904 670.0798 173.8426 728.8594 197.8459 1.4991 1.6021 3.6179 5.7913 1.5653 46.8662 -6.8686 -1.6342
Car -1 -1 -4.1689 0.0000 174.4002 30.9443 225.0092 1.5512 1.6389 3.9649 -21.7150 1.6075 24.3405 -4.8920 -1.9809
Car -1 -1 -7.5438 101.7655 165.8803 154.7712 192.6062 1.6449 1.6566 4.1353 -31.0810 1.2154 46.6246 -8.1292 -2.1193
Car -1 -1 -4.5654 808.2534 159.2761 837.3389 184.2926 1.8936 1.6458 3.9121 16.7342 0.8655 56.7369 -4.2802 -2.1721
