Car -1 -1 -4.5602 459.4529 180.8154 517.2463 227.6850 1.5011 1.5080 3.3636 -4.2572 1.7995 25.3753 -4.7254 7.6500
Car -1 -1 -7.8622 575.0258 176.8234 624.9304 226.4547 1.6171 1.6527 4.5227 -0.4364 1.7733 26.1565 -7.8795 6.1454
Car -1 -1 -4.2353 179.4952 178.5659 249.5955 209.5909 1.5445 1.6401 3.9828 -21.1330 1.8662 38.6664 -4.7329 4.0454
Car -1 -1 -4.1268 90.1361 177.7408 180.8887 215.3739 1.5377 1.4692 3.8314 -20.9022 1.7664 31.9030 -4.7032 3.4901
Car -1 -1 -4.6517 529.3386 179.0761 560.6655 202.9124 1.4742 1.8109 4.4944 -4.3150 1.9082 48.0839 -4.7411 3.2779
Cyclist -1 -1 -8.3976 940.6229 187.2486 979.9060 241.7503 1.6598 0.3378 1.6200 11.2077 2.1393 23.2307 -7.9538 3.2074
Car -1 -1 -4.2663 243.7836 180.4956 302.7372 206.9184 1.4940 1.6744 4.0343 -20.4865 1.9811 43.9968 -4.7000 3.1685
Car -1 -1 -3.9262 1172.5173 201.3022 1241.0000 245.7673 1.5103 1.5819 4.1347 23.3432 2.5973 26.6417 -3.2130 2.5327
Car -1 -1 -4.1160 0.0000 181.5056 88.6000 227.7816 1.4538 1.6242 4.2590 -20.8171 1.7875 25.6729 -4.7924 0.8900
Car -1 -1 -8.2757 838.7067 184.7095 886.2775 208.2346 1.4835 1.6122 3.9049 17.2453 2.3304 49.5488 -7.9432 0.1895
Car -1 -1 -7.2551 44.7699 176.7219 145.0122 213.0966 1.5214 1.6834 4.0633 -23.2151 1.7071 32.6583 -7.8694 0.0807
Car -1 -1 -7.9912 611.8476 179.2513 651.4733 210.7515 1.5300 1.5771 3.6140 1.0455 1.8806 37.6945 -7.9643 -0.0772
Car -1 -1 -8.1736 961.9182 189.5941 1043.1802 230.4344 1.5116 1.7493 4.3181 16.6107 2.2798 30.8471 -7.6843 -0.2485
Car -1 -1 -4.4946 235.9607 175.3263 273.4059 199.8886 1.6595 1.5973 3.7886 -25.1849 1.8415 51.1868 -4.9501 -1.6816
Pedestrian -1 -1 -3.6875 1231.7170 160.0613 1241.0000 195.4907 2.0447 0.5373 0.4012 36.5105 1.3061 41.9387 -2.9748 -1.6977
Car -1 -1 -7.4437 166.6198 178.6245 228.3938 208.2981 1.5554 1.5955 3.8800 -23.1713 1.8960 40.6168 -7.9595 -1.8394
