Car -1 -1 -7.8332 546.5097 175.6784 607.0563 236.4581 1.6182 1.6297 4.4158 -1.0010 1.7113 21.6451 -7.8797 7.5584
Cyclist -1 -1 -8.2110 803.1932 179.5599 822.2820 213.7601 1.6121 0.3458 1.6157 9.8258 1.9461 35.1517 -7.9412 2.3671
Car -1 -1 -4.2770 273.5996 177.4750 320.8391 198.9915 1.5114 1.6223 4.1475 -23.2313 1.8682 53.6782 -4.6839 1.1021
Car -1 -1 -4.5761 851.9589 183.8233 881.4314 204.7477 1.5399 1.6892 4.0653 20.4919 2.4485 57.5944 -4.2364 0.0067
Car -1 -1 -2.9445 480.3162 175.4510 551.4115 202.4653 1.6316 1.6922 4.1214 -5.8386 1.7959 44.7510 -3.0739 -0.6527
Car -1 -1 -4.7395 313.0840 175.8180 335.2446 195.2014 1.5350 1.6042 4.0363 -23.8075 1.7899 59.9732 -5.1161 -0.7162
Pedestrian -1 -1 -8.1005 866.6900 175.6444 886.3372 212.5582 1.7995 0.7043 0.9274 13.1565 1.9394 35.7465 -7.7510 -1.0459
Car -1 -1 -4.8937 786.4097 185.0584 812.7144 202.5486 1.5344 1.6862 4.1028 17.8974 2.7258 68.3475 -4.6392 -1.0593
Car -1 -1 -3.0518 72.7568 178.3511 158.5971 204.4704 1.5148 1.6095 4.2179 -30.2828 1.8652 44.3010 -3.6488 -1.1738
Cyclist -1 -1 -5.2166 803.6415 179.7698 826.3049 210.2976 1.7736 0.6127 1.5783 12.2080 2.1948 43.1387 -4.9432 -1.2758
Car -1 -1 -4.3925 789.2075 183.1806 833.5217 209.4740 1.5187 1.5568 3.8500 12.6448 2.1959 45.3045 -4.1226 -1.3392
Pedestrian -1 -1 -3.6768 1182.0280 161.7733 1212.1019 219.0804 1.7785 0.5950 0.4985 18.4316 1.4343 22.7213 -3.0019 -2.1350
