Car -1 -1 -7.8300 547.8843 175.8727 608.3123 236.5550 1.6268 1.6391 4.4815 -0.9609 1.7273 21.8250 -7.8743 7.1326
Car -1 -1 -7.7969 496.7713 175.3187 532.0933 205.0923 1.6916 1.8796 4.0414 -5.7361 1.8467 43.4235 -7.9279 2.0778
Cyclist -1 -1 -8.0846 808.6955 179.2088 824.2807 214.1957 1.6373 0.3520 1.6394 9.9356 1.9516 34.8924 -7.8100 1.4537
Car -1 -1 -3.5349 819.5806 186.2131 871.8369 203.1664 1.5144 1.6297 4.3166 21.8401 2.7727 66.9916 -3.2216 1.0955
Car -1 -1 -4.9688 849.0673 185.6231 885.5244 206.6149 1.5227 1.7123 4.1168 20.2605 2.5695 57.0437 -4.6297 0.0798
Car -1 -1 -4.3574 272.6503 178.0983 315.5228 199.1739 1.4598 1.5897 4.0046 -23.1902 1.8598 53.0364 -4.7681 0.0654
Car -1 -1 -4.1870 309.5459 178.3652 354.4489 198.2221 1.5406 1.6385 4.0323 -22.8079 2.0093 59.2793 -4.5530 0.0259
Car -1 -1 -4.5908 796.8999 183.9188 831.0458 210.3175 1.4834 1.5567 4.0767 12.5978 2.1998 44.5549 -4.3176 -0.0434
Car -1 -1 -5.0565 780.2192 183.9469 812.9193 201.6934 1.5545 1.6820 4.1192 17.5160 2.6323 67.9941 -4.8059 -0.8343
Cyclist -1 -1 -4.3144 294.8849 174.5957 315.4938 207.1160 1.7379 0.4858 1.5166 -16.6711 1.8345 39.3988 -4.7126 -1.0728
Car -1 -1 -4.7818 757.0233 182.5598 779.5222 201.8306 1.4868 1.5502 3.7086 13.0121 2.3141 59.5758 -4.5682 -1.2649
Car -1 -1 -4.5656 846.6656 179.8170 890.8148 212.6293 1.5290 1.5877 3.7152 13.0842 1.9003 36.4902 -4.2244 -1.6943
Car -1 -1 -5.6934 46.9639 173.8170 153.4468 206.2595 1.6396 1.7494 4.2644 -26.4242 1.6905 37.4400 -6.3048 -2.0979
