Car -1 -1 -4.5579 443.6848 184.2394 524.5998 246.3299 1.4444 1.5804 3.6109 -3.3094 1.7768 19.2678 -4.7265 7.0214
Car -1 -1 -7.8582 591.1596 178.1611 632.0204 219.1147 1.6146 1.6439 4.4486 0.0095 1.8605 31.2515 -7.8585 6.4398
Car -1 -1 -4.3341 323.2453 177.5683 365.3022 202.3894 1.8077 1.6380 4.0724 -20.3676 2.1827 55.3873 -4.6852 4.9725
Car -1 -1 -4.7003 549.3697 179.2574 574.0520 201.2232 1.4639 1.6816 3.7929 -3.4324 1.9348 51.1562 -4.7674 2.3601
Car -1 -1 -5.5265 683.9979 182.7800 749.3432 209.6025 1.4837 1.6396 3.7891 6.3338 2.1077 43.3825 -5.3831 1.4093
Car -1 -1 -5.8539 0.0000 188.8266 100.9218 224.4078 1.4508 1.5482 3.5004 -24.6836 2.1757 31.6073 -6.5130 1.3126
Pedestrian -1 -1 -7.9546 1208.2742 172.9613 1241.0000 247.0454 1.8392 0.7041 0.8233 15.7558 1.8418 18.4530 -7.2563 -0.0114
Cyclist -1 -1 -7.3948 734.6934 179.1315 760.3231 216.4773 1.6595 0.4479 1.7156 6.2872 1.9548 33.1589 -7.2097 -1.8935
Car -1 -1 -4.3067 0.0000 172.6824 51.0167 208.8782 1.6269 1.6386 4.1054 -28.7851 1.6189 34.6321 -4.9965 -1.9249
Car -1 -1 -7.6345 1047.0859 171.2350 1111.1067 209.5475 1.6548 1.6337 4.0948 21.5710 1.5846 33.1852 -7.0626 -2.1662
