Car -1 -1 -7.3251 169.1653 177.4762 238.4351 210.1061 1.5283 1.5651 3.2639 -20.1774 1.7685 35.9076 -7.8341 7.3421
Car -1 -1 -4.4131 241.9622 179.3091 452.6637 311.0717 1.5690 1.7315 4.2612 -3.7290 1.6860 10.9522 -4.7347 7.2207
Car -1 -1 -7.8726 583.8992 174.7519 621.0529 211.8257 1.6286 1.6459 4.5476 -0.4485 1.7244 34.2309 -7.8862 5.7854
Car -1 -1 -4.5899 485.4748 178.2330 537.0135 215.2797 1.4614 1.7147 4.0496 -4.2255 1.7080 31.0885 -4.7244 5.2477
Car -1 -1 -4.6991 532.6548 174.0814 557.5181 199.1257 1.6448 1.6356 3.9725 -4.4707 1.7324 49.6315 -4.7889 1.9540
Car -1 -1 -4.4133 315.5362 174.8337 356.0385 197.5725 1.6345 1.7326 4.0373 -20.6047 1.7888 54.2938 -4.7747 1.7515
Car -1 -1 -5.0554 623.7327 174.9761 654.6138 192.9630 1.5129 1.5582 3.6453 2.4965 1.7041 63.1270 -5.0165 -0.4290
Car -1 -1 -3.8066 760.8807 175.5137 833.0134 204.3212 1.5767 1.6220 3.8090 10.6599 1.7342 41.2807 -3.5561 -1.3980
Car -1 -1 -4.5907 346.5175 172.7986 374.9286 194.6889 1.7355 1.6988 4.3261 -20.5356 1.7308 59.4967 -4.9220 -1.4264
Car -1 -1 -4.7874 747.9731 172.4108 779.4738 199.4157 1.6694 1.6686 4.2573 9.8938 1.6417 46.8240 -4.5808 -1.7281
