Car -1 -1 -4.4665 331.4385 182.9839 472.0892 272.2781 1.4865 1.7147 4.2248 -4.0665 1.7215 14.6253 -4.7338 7.8112
Car -1 -1 -7.2229 9.6187 181.6732 117.4697 227.3478 1.5420 1.5691 3.2083 -20.0669 1.8865 26.5948 -7.8646 7.8037
Car -1 -1 -7.4396 259.8344 177.5770 308.9594 204.5699 1.5928 1.5991 3.2575 -20.1877 1.8963 44.7822 -7.8611 6.6908
Car -1 -1 -7.8328 585.8646 174.6575 622.7222 211.9082 1.6207 1.6157 4.5279 -0.2641 1.7108 33.8867 -7.8411 4.9224
Car -1 -1 -4.6014 498.0760 176.7735 545.6873 213.9463 1.5927 1.7327 4.2321 -4.0612 1.7858 33.4862 -4.7216 4.7412
Car -1 -1 -4.2981 295.7118 176.7701 346.6262 201.5160 1.6206 1.6220 4.4730 -20.0628 1.9053 50.2352 -4.6765 2.2665
Car -1 -1 -4.6069 542.2359 176.5166 570.0402 197.2919 1.5372 1.7243 4.2850 -4.1912 1.8338 56.3194 -4.6812 2.0511
Car -1 -1 -4.1634 741.2751 174.3569 791.7349 198.0487 1.5183 1.5863 3.7537 10.4911 1.6227 48.3868 -3.9515 -0.1177
Car -1 -1 -4.7302 798.2808 172.9653 832.8256 206.1823 1.5902 1.5970 3.9035 10.3500 1.5959 36.6461 -4.4575 -1.0444
Car -1 -1 -5.2217 618.8353 175.2758 658.7474 193.5529 1.4992 1.6110 4.1277 2.4078 1.7143 61.9733 -5.1834 -1.0879
Car -1 -1 -3.7246 644.2866 173.8877 694.5798 194.7093 1.4942 1.5571 3.4208 4.3769 1.5727 53.4358 -3.6437 -1.4961
Car -1 -1 -5.6639 759.5858 172.2806 837.4869 201.4659 1.6159 1.6689 4.2031 10.9048 1.5838 42.0937 -5.4125 -2.0574
Car -1 -1 -4.8449 737.1506 174.3838 760.0632 192.2538 1.5245 1.5205 3.5580 12.1813 1.6630 63.6830 -4.6571 -2.0675
Car -1 -1 -5.9510 746.3856 179.6010 842.5044 213.7129 1.4380 1.6029 3.9330 8.3290 1.7612 32.8523 -5.7054 -2.0882
Car -1 -1 -4.5970 657.2697 173.0892 689.6866 198.2233 1.5560 1.6536 3.9829 4.1261 1.5717 46.8256 -4.5101 -2.1848
