Car -1 -1 -4.5579 459.5674 177.6711 531.6072 233.3999 1.7038 1.7642 4.3839 -3.8434 1.8825 24.6308 -4.7118 6.7632
Car -1 -1 -7.4286 250.5496 182.8120 300.5586 209.1597 1.4888 1.5571 3.1957 -20.1823 2.1121 43.5846 -7.8602 6.0739
Car -1 -1 -7.8655 585.1927 177.2805 621.7973 215.4133 1.6663 1.6266 4.3651 -0.3818 1.8896 34.2416 -7.8772 5.6925
Car -1 -1 -4.6198 523.0526 180.8247 556.4135 206.5246 1.4790 1.6892 4.1692 -4.3597 1.9978 44.9062 -4.7165 2.0660
Car -1 -1 -4.6601 550.3026 178.3342 570.9200 197.0579 1.5583 1.6020 3.8854 -4.3183 2.0525 63.1504 -4.7285 1.5434
Car -1 -1 -7.5697 355.8288 179.8152 389.2979 198.9185 1.5549 1.7143 3.8878 -20.4258 2.1731 62.1365 -7.8863 1.3247
Car -1 -1 -3.6976 728.3762 178.9220 791.6795 203.4983 1.5104 1.6163 3.6928 9.6152 1.9123 46.4305 -3.4952 0.5582
Car -1 -1 -4.4605 732.2897 177.8954 769.1691 201.0798 1.5033 1.6207 3.7329 9.6964 1.8645 49.7026 -4.2694 -0.6448
Car -1 -1 -4.6737 379.1693 178.6674 399.0125 196.0132 1.5294 1.6109 4.0791 -20.5830 2.0886 67.2576 -4.9699 -1.5467
Car -1 -1 -4.5563 707.3932 179.0636 746.5830 205.6064 1.4817 1.6728 4.5308 7.1209 1.8793 43.8200 -4.3968 -1.9019
