Car -1 -1 -4.5760 471.5478 178.6046 529.8723 220.6255 1.4983 1.7156 4.1341 -4.2585 1.7407 28.3731 -4.7242 7.2022
Car -1 -1 -4.3186 76.1418 180.6358 416.4030 373.0064 1.5538 1.7147 4.4115 -3.6808 1.6661 8.2263 -4.7282 7.0923
Car -1 -1 -7.2945 146.5107 180.3373 221.6484 214.8427 1.5297 1.6207 3.1992 -20.2157 1.9022 34.3158 -7.8237 6.2096
Car -1 -1 -7.8241 585.0053 174.8974 622.1547 211.6987 1.6108 1.6247 4.4893 -0.2874 1.7134 34.0933 -7.8330 5.6282
Car -1 -1 -7.4987 308.8095 177.2435 349.8576 199.1578 1.5210 1.6366 3.6007 -20.4460 1.8519 52.6180 -7.8679 1.7991
Car -1 -1 -4.6968 527.2144 174.6915 555.1342 201.9300 1.6891 1.7373 4.0424 -4.4950 1.8140 47.1076 -4.7919 1.7610
Car -1 -1 -3.9901 623.2809 179.2021 685.0090 206.6694 1.4642 1.5705 3.5307 2.5075 1.8414 41.1025 -3.9302 0.9576
Car -1 -1 -7.3438 783.1044 176.0597 837.9147 201.8843 1.5794 1.6555 4.0477 12.9633 1.7954 46.6525 -7.0749 0.6851
Car -1 -1 -4.6717 771.7397 179.5680 804.9777 207.6299 1.4395 1.6441 4.3180 9.9961 1.8368 40.4181 -4.4314 0.5475
Car -1 -1 -4.9162 759.6136 175.2708 798.8246 200.5665 1.5801 1.7100 4.0723 11.0552 1.7458 47.5180 -4.6894 -0.6820
Car -1 -1 -4.2249 339.0007 177.0555 381.6184 196.7106 1.4906 1.5695 3.9043 -19.9228 1.8379 57.6477 -4.5564 -1.8753
