Car -1 -1 -8.4156 949.1736 180.2859 1210.9923 287.0572 1.4448 1.5983 4.2319 7.5081 1.5920 12.1928 -7.8751 2.5701
Car -1 -1 -8.1528 752.3519 182.3924 907.0486 283.8190 1.4429 1.5414 3.3020 3.5010 1.6267 12.2510 -7.8818 2.5307
Car -1 -1 -8.0383 686.6025 171.7886 766.8249 234.2002 1.6873 1.6225 3.9760 3.3232 1.6582 21.5208 -7.8879 2.2492
Car -1 -1 -8.7912 821.2529 175.9095 892.7257 204.5854 1.4916 1.5668 3.4715 13.5382 1.6678 39.8006 -8.4660 1.9969
Car -1 -1 -7.9769 635.0070 175.2471 668.8041 200.8223 1.5225 1.6476 3.8463 2.5526 1.6790 45.2964 -7.9214 1.6624
Car -1 -1 -7.9267 615.7755 174.8701 638.7858 194.1530 1.4802 1.5613 3.7885 1.3259 1.6465 57.7203 -7.9043 -0.4191
Pedestrian -1 -1 -6.3280 377.4535 173.1771 384.7354 195.9496 1.8420 0.7573 0.5326 -18.6886 1.8682 58.8217 -6.6346 -1.2547
Car -1 -1 -5.7221 235.5857 171.3912 286.8829 188.4705 1.5583 1.5965 4.0529 -32.3162 1.4246 66.8543 -6.1710 -1.6775
Pedestrian -1 -1 -7.9418 959.5580 172.0239 975.8641 206.5356 1.7579 0.7004 0.5909 18.3760 1.7154 37.1549 -7.4861 -1.7631
Car -1 -1 -3.0225 320.4022 177.9331 388.2728 201.9961 1.4762 1.6310 3.9116 -16.2761 1.8083 46.0010 -3.3610 -2.0928
Pedestrian -1 -1 -8.2325 315.3618 170.9738 332.7717 208.9071 1.7988 0.5389 0.7512 -13.7830 1.7094 34.6745 -8.6085 -2.1649
