Car -1 -1 -1.7970 727.6420 182.0870 883.0242 293.2104 1.5148 1.6182 3.8797 3.0167 1.6952 12.1117 -1.5529 13.9033
Car -1 -1 1.8351 369.4520 193.5084 456.8361 250.6134 1.5175 1.6316 4.0904 -6.1156 2.2263 22.6978 1.5719 10.7114
Car -1 -1 -1.6567 692.7644 182.1295 768.6886 249.4691 1.4906 1.5724 3.5520 2.9177 1.7498 18.3010 -1.4986 10.3469
Car -1 -1 -2.0796 812.7185 181.3370 1241.0000 374.0000 1.5836 1.6607 4.4257 2.9090 1.6726 5.3204 -1.5792 10.2473
Car -1 -1 1.7024 492.5544 189.2649 525.6581 215.9676 1.5232 1.5856 3.7275 -6.3272 2.5970 45.3229 1.5637 6.0799
Car -1 -1 -1.5769 639.8232 181.2074 665.3223 206.2732 1.5879 1.6608 3.8937 2.8469 2.1788 49.0185 -1.5188 5.9212
Car -1 -1 1.6788 506.8449 188.3796 535.0996 212.4096 1.5535 1.5847 3.7975 -6.2870 2.6929 51.0219 1.5562 2.3804
Car -1 -1 -1.2423 756.7445 171.6383 787.7484 188.6080 1.4662 1.5709 3.7569 14.4758 1.3615 64.3510 -1.0210 0.1995
Car -1 -1 -0.0729 1182.6623 106.2452 1241.0000 215.1355 1.4654 1.5573 3.7039 11.4851 0.5694 11.5067 0.7115 0.0256
Car -1 -1 1.8111 445.6223 191.2212 481.1077 213.9144 1.4738 1.6243 3.9210 -10.5639 2.8505 52.0735 1.6110 -0.6169
Car -1 -1 1.8196 420.4215 191.2004 465.0981 219.4008 1.5459 1.6837 4.2771 -10.2849 2.7329 44.5123 1.5925 -0.9989
Car -1 -1 -2.2903 418.2019 194.9450 486.8320 225.9188 1.4609 1.5743 3.5776 -8.3821 2.6809 38.1408 -2.5066 -1.5018
Car -1 -1 0.7087 1159.4176 179.1357 1241.0000 374.0000 1.4667 1.6059 3.8895 7.8299 1.5477 7.2834 1.5302 -2.0879
