Car -1 -1 -1.9189 797.9313 182.0880 1121.9464 374.0000 1.4598 1.6078 3.8719 3.1049 1.5805 7.4263 -1.5229 13.9631
Car -1 -1 -1.1065 139.7924 185.7460 361.9377 307.8725 1.6446 1.6516 4.1241 -5.8263 1.9006 12.2302 -1.5511 12.2051
Car -1 -1 1.8552 391.6793 184.1966 475.9897 237.4938 1.5203 1.6336 3.8478 -5.6430 1.9189 23.3737 1.6183 10.2111
Car -1 -1 2.3905 1051.0132 136.9571 1241.0000 269.6526 1.5934 1.5986 3.9158 8.2072 1.1627 9.5397 3.1010 9.4765
Car -1 -1 1.7917 439.0671 185.1011 497.8155 224.6556 1.4129 1.5315 3.6680 -5.6143 1.9332 28.7743 1.5990 7.9108
Car -1 -1 1.7473 467.2175 183.1317 514.7309 217.4735 1.4574 1.5575 3.7006 -5.5208 1.9629 33.5933 1.5844 7.7711
Car -1 -1 1.7153 490.9729 180.5061 530.7266 210.6783 1.5340 1.6201 3.8935 -5.4278 1.9754 39.6260 1.5792 6.8596
Car -1 -1 1.6921 515.5810 181.7295 547.0514 206.3276 1.4860 1.5862 3.7991 -5.1019 2.0865 46.8736 1.5836 4.5050
Car -1 -1 -1.6727 715.8871 171.7843 748.7199 196.7008 1.4525 1.5954 3.7071 7.3756 1.3905 43.9599 -1.5064 4.1660
Car -1 -1 -0.5599 1041.0595 147.8369 1158.1785 181.0267 1.5368 1.6886 4.3844 23.1806 0.3788 34.3251 0.0341 3.8503
Car -1 -1 -0.5338 976.1985 154.2612 1060.4567 181.0452 1.5483 1.6540 4.0491 24.0159 0.4739 42.5755 -0.0202 2.6996
Car -1 -1 1.7558 452.0522 169.2899 483.4958 190.8601 1.5237 1.5872 3.8196 -10.4104 1.2723 52.8832 1.5614 2.5264
Car -1 -1 1.6778 476.7655 170.0353 502.9901 189.7980 1.5037 1.6284 3.9675 -9.4655 1.2896 56.9246 1.5130 2.2044
Car -1 -1 -3.1767 763.9836 163.9512 848.5293 195.2753 1.4918 1.6140 3.9378 9.5852 1.0681 35.5908 -2.9137 -1.3510
Car -1 -1 1.7725 421.0201 162.5420 460.7417 188.7081 1.6076 1.6625 4.3144 -10.8726 0.9744 46.5063 1.5429 -2.0142
Car -1 -1 -1.6613 650.8894 174.7772 681.1170 200.6424 1.6058 1.6222 3.7443 3.5748 1.7364 46.9578 -1.5853 -2.1739
