Car -1 -1 2.0224 153.5240 201.0598 353.4260 312.2145 1.4995 1.5728 3.8857 -6.0442 2.0713 12.6674 1.5772 12.9685
Car -1 -1 -1.8170 784.9818 180.1311 1016.2390 350.6103 1.4925 1.5607 3.4156 2.9816 1.5939 8.2435 -1.4699 12.8297
Car -1 -1 1.7867 457.7695 186.4090 504.6278 220.1402 1.5006 1.5337 3.5639 -6.2947 2.1994 35.3639 1.6105 9.2506
Car -1 -1 -1.6779 644.7900 176.3414 683.3787 207.7546 1.5946 1.6559 4.0088 2.8428 1.7938 39.1073 -1.6053 6.3580
Car -1 -1 1.7643 477.9147 185.0672 520.2661 214.6699 1.5240 1.6262 4.0405 -6.2623 2.2513 40.8898 1.6123 6.1088
Car -1 -1 -1.1458 222.3500 196.3924 279.7727 226.0055 1.5290 1.6134 3.7179 -20.9231 2.9657 42.1392 -1.6067 4.9840
Car -1 -1 -1.1383 180.2830 198.5881 236.3442 226.0944 1.4269 1.5607 3.5279 -23.7060 3.0132 42.6459 -1.6457 4.3861
Car -1 -1 1.8249 734.0875 172.6030 798.5841 210.3325 1.4847 1.6487 4.3115 6.6776 1.4752 30.6860 2.0391 1.4873
Car -1 -1 -1.7727 802.9860 163.1346 830.0979 180.0003 1.4518 1.5922 3.7307 18.2719 0.6155 64.0271 -1.4947 1.4377
Car -1 -1 1.5235 618.0281 179.0284 639.1002 197.3059 1.4665 1.6015 3.7719 1.5218 2.0059 61.0816 1.5484 -0.5836
Car -1 -1 1.8736 360.4588 190.5683 429.8913 233.1506 1.4670 1.5722 3.7040 -8.3714 2.2072 28.2689 1.5856 -1.3796
Car -1 -1 1.8472 366.2885 185.8907 425.3027 222.6162 1.5670 1.6401 4.0595 -10.1299 2.2234 34.2692 1.5597 -2.0940
