Car -1 -1 1.7431 421.6476 187.6282 508.1664 247.8897 1.4378 1.6693 4.3974 -4.0405 1.9037 20.5162 1.5487 14.0823
Car -1 -1 1.9198 270.6581 193.5878 393.2305 262.6095 1.4451 1.6179 4.0018 -6.9403 2.0299 18.3238 1.5577 11.1059
Car -1 -1 -1.6311 630.0811 177.4385 664.6457 208.3564 1.6039 1.6684 3.9471 1.9889 1.8710 39.9975 -1.5814 10.3535
Car -1 -1 2.2758 0.0000 203.8701 179.9494 374.0000 1.5383 1.6502 4.1098 -6.5268 1.9481 7.4553 1.5567 8.7147
Car -1 -1 1.7214 482.6813 186.5516 532.6012 223.9168 1.4043 1.5513 3.5815 -4.2690 2.0128 30.2327 1.5811 8.5757
Car -1 -1 2.9249 716.8529 160.0589 806.0547 193.2660 1.6227 1.6633 4.1052 7.4928 0.9978 36.1114 3.1295 5.4577
Car -1 -1 -2.0500 913.0135 152.2007 970.5963 177.7960 1.4676 1.5453 3.8220 19.8124 0.2837 43.3158 -1.6210 3.4143
Car -1 -1 -3.2472 667.6815 175.2039 764.3524 208.4373 1.4768 1.6441 4.2321 4.7621 1.5878 33.0879 -3.1042 1.8477
Car -1 -1 -2.2228 1139.2285 134.9849 1241.0000 172.6548 1.5793 1.6728 4.2359 26.0845 -0.0092 32.4086 -1.5451 1.7537
Car -1 -1 -2.2262 348.4208 181.9138 406.8150 207.0576 1.4567 1.5637 3.6081 -14.4346 2.0389 44.6675 -2.5388 0.9324
Car -1 -1 -2.1053 971.9030 145.9495 1045.6980 175.5747 1.4688 1.6048 3.9048 20.7294 0.1352 37.7470 -1.6031 -0.7272
Car -1 -1 -1.9885 856.8523 160.2284 900.4094 181.5047 1.5081 1.5989 3.7854 19.6797 0.6135 53.0793 -1.6335 -2.1426
