Car -1 -1 2.1299 0.0000 201.5452 285.2437 363.5375 1.5236 1.5881 3.7831 -5.9016 1.9712 9.3495 1.5668 13.5813
Car -1 -1 1.9585 233.7958 196.2751 387.6118 287.9144 1.5153 1.5840 3.7556 -5.9785 2.0562 14.7695 1.5739 12.8468
Car -1 -1 1.8627 337.9608 192.8172 435.2835 254.8960 1.4293 1.5452 3.5928 -5.9853 2.0209 19.5679 1.5658 11.0056
Car -1 -1 1.8129 401.1440 190.5034 473.8976 236.7919 1.4111 1.6044 3.8904 -6.0273 2.0814 25.4348 1.5802 10.7453
Car -1 -1 2.7659 837.5517 150.6713 1000.7382 204.8208 1.5510 1.6498 4.1618 9.0833 0.9160 21.5370 3.1650 8.2480
Car -1 -1 1.7781 454.5879 184.5279 507.8191 220.9120 1.4976 1.6048 4.0246 -5.8646 2.0655 33.0397 1.6024 7.6367
Car -1 -1 -1.6520 658.3700 175.1883 702.5948 212.9429 1.6091 1.6705 4.1977 3.1313 1.7235 33.1202 -1.5577 7.5225
Car -1 -1 -0.7097 1126.6154 137.6360 1241.0000 175.1051 1.4602 1.6683 4.3461 23.4821 0.0881 29.0140 -0.0293 7.2369
Car -1 -1 -1.7335 666.4352 175.2115 727.7950 218.5453 1.5127 1.6528 4.1587 3.1947 1.6100 27.5318 -1.6179 5.7352
Car -1 -1 2.7065 792.0280 157.4883 916.3658 202.4487 1.5892 1.6203 4.0231 8.8866 1.0465 26.5315 3.0297 4.7124
Car -1 -1 1.7920 505.3515 182.6804 541.9471 206.6379 1.4713 1.5804 4.0162 -5.7378 2.1550 48.0934 1.6733 3.1526
Car -1 -1 2.6659 829.2100 150.9438 966.7452 204.1004 1.6999 1.6384 3.9534 9.5091 0.9996 24.0835 3.0419 2.7134
Car -1 -1 1.6726 412.9893 172.9426 446.6097 198.4398 1.4448 1.5729 3.6665 -10.6846 1.4507 42.8241 1.4281 1.4116
Car -1 -1 1.7067 491.0152 173.5020 511.9260 188.9006 1.4710 1.5356 3.8016 -10.6678 1.5368 70.9944 1.5575 -1.1409
Car -1 -1 -1.4075 659.2171 164.2954 682.5564 180.4936 1.4690 1.5835 3.7732 5.7003 0.6932 67.4563 -1.3232 -1.3100
