Car -1 -1 1.8510 276.6754 190.6321 458.7040 308.1691 1.4917 1.6732 4.3759 -3.8155 1.8430 12.0325 1.5439 14.3900
Car -1 -1 2.0974 49.4944 200.6121 296.9470 323.2203 1.4912 1.6141 3.9228 -6.7537 2.0142 11.6225 1.5710 12.1966
Car -1 -1 1.7802 417.9953 187.5557 500.8453 247.8104 1.4495 1.5426 3.5178 -4.1169 1.8929 19.9787 1.5770 10.8294
Car -1 -1 -1.6424 640.0506 177.1354 682.0728 212.5439 1.5076 1.6410 3.8176 2.2469 1.7156 33.0921 -1.5746 9.4795
Car -1 -1 -3.4199 747.9276 157.6904 870.9978 202.8808 1.7761 1.7313 4.5042 7.9730 1.1805 29.2493 -3.1538 6.5280
Car -1 -1 -3.3948 760.9592 164.4091 896.2547 211.1636 1.6338 1.7037 4.4018 7.7900 1.3390 26.1420 -3.1052 5.6462
Car -1 -1 -3.3421 719.2551 165.9282 810.1737 200.3539 1.6429 1.6465 4.0972 7.4723 1.3127 35.2713 -3.1333 4.1317
Car -1 -1 -0.5173 940.8654 152.6211 1022.1105 178.8596 1.4952 1.6179 3.9182 21.5547 0.3426 42.0082 -0.0432 1.9886
Car -1 -1 0.8959 340.6714 179.0448 407.7619 207.0696 1.4763 1.5739 3.7488 -13.2660 1.8380 40.4339 0.5788 1.5113
Car -1 -1 1.3206 669.8909 171.4699 699.9685 189.9923 1.5451 1.6294 4.0352 6.4092 1.4300 62.3008 1.4232 0.5889
Car -1 -1 -1.9531 879.8511 154.9295 925.7654 179.7069 1.6034 1.5954 3.6860 19.6076 0.4438 48.5334 -1.5692 -0.1710
Car -1 -1 1.7370 465.7564 171.1032 489.2148 187.7686 1.6002 1.6437 3.9903 -13.0761 1.4324 71.2854 1.5556 -0.3422
Car -1 -1 1.7025 487.1878 184.5791 518.5413 208.5519 1.4848 1.5872 3.9389 -7.2046 2.3072 48.6058 1.5554 -0.5438
Car -1 -1 1.5520 474.3714 188.2179 504.6971 217.6800 1.4790 1.5926 3.7997 -6.8058 2.3811 40.3334 1.3849 -1.3087
Car -1 -1 -0.6137 1036.9721 157.1941 1176.6139 195.9504 1.5060 1.6865 4.4524 19.7853 0.8979 28.9088 -0.0135 -2.0060
