Car -1 -1 1.9564 259.5257 194.6300 394.0664 274.7259 1.4723 1.5500 3.5318 -6.1705 2.0095 16.0068 1.5884 12.9361
Car -1 -1 -1.7615 679.5812 179.6562 766.2433 242.5621 1.5062 1.6144 3.7572 2.9089 1.7093 19.5985 -1.6141 12.1465
Car -1 -1 1.8866 353.5025 191.1365 450.2367 248.8514 1.4590 1.6039 4.0004 -6.1324 2.0569 21.5522 1.6094 11.0899
Car -1 -1 1.7275 436.8174 180.0713 492.7012 224.6097 1.6851 1.6662 4.0472 -6.0048 2.0063 30.0178 1.5301 8.0477
Car -1 -1 1.7120 463.8923 182.5237 507.8726 216.3194 1.5655 1.6430 4.0992 -6.2840 2.0852 36.6778 1.5423 6.0192
Car -1 -1 1.7546 525.4898 181.8196 553.0997 200.2215 1.4803 1.6574 4.0446 -6.0760 2.2789 62.1576 1.6572 3.9765
Car -1 -1 0.8248 1161.9567 147.0423 1241.0000 193.9025 1.7470 1.7127 4.1992 24.6880 0.7851 29.0296 1.5296 2.3891
Car -1 -1 1.6392 562.0923 180.8246 583.5543 198.1302 1.4940 1.6867 4.2760 -3.4103 2.2519 66.4235 1.5879 1.7920
Car -1 -1 2.3383 0.0000 206.5452 108.6515 374.0000 1.4881 1.6415 4.0905 -8.4320 1.9961 8.8196 1.5754 1.6120
Car -1 -1 1.5461 633.4262 175.9356 651.6219 192.1635 1.4807 1.6254 4.0103 3.0499 1.7828 68.6223 1.5905 0.8602
Car -1 -1 1.3072 805.0706 161.5503 844.9766 184.0715 1.4844 1.6394 3.9794 14.6860 0.7397 49.5636 1.5953 0.7966
Car -1 -1 1.7214 496.0051 184.5718 530.0133 209.5749 1.4897 1.6168 3.9355 -6.2801 2.2828 46.8268 1.5880 -0.7745
Car -1 -1 1.7102 677.1212 176.3378 701.3988 194.0767 1.4697 1.5870 3.7671 6.8818 1.7820 62.5921 1.8197 -1.1126
Car -1 -1 1.8475 394.7157 173.7183 426.6036 192.8149 1.5743 1.6396 3.8331 -16.9926 1.6507 61.5764 1.5783 -1.7208
