Car -1 -1 1.9932 167.0166 184.3876 363.7855 290.9014 1.6033 1.6712 4.2536 -6.1877 1.8529 13.4545 1.5621 13.2872
Car -1 -1 1.8712 321.8146 179.4624 427.4269 246.0149 1.6249 1.6548 4.0434 -6.4397 1.8275 20.0473 1.5604 10.7092
Car -1 -1 1.6448 518.1425 178.7802 556.3681 208.9974 1.4735 1.6940 4.4787 -3.8411 1.8072 38.3289 1.5450 10.2124
Car -1 -1 -2.3157 904.1911 182.4622 1241.0000 374.0000 1.5782 1.6135 3.8063 2.8577 1.6468 3.2015 -1.5870 9.3757
Car -1 -1 1.7788 425.5457 182.5852 482.8461 220.9476 1.4820 1.6233 3.8798 -6.6152 1.9240 30.7998 1.5673 6.7366
Car -1 -1 -1.6175 630.6214 175.0655 655.4344 196.8100 1.5105 1.6180 3.8079 2.3388 1.6774 52.4135 -1.5729 6.5106
Car -1 -1 1.7329 488.4780 180.7310 525.2785 206.2775 1.5027 1.6617 4.1892 -6.5325 2.0267 45.8528 1.5914 5.7294
Car -1 -1 2.4394 0.0000 213.9962 92.3381 374.0000 1.5126 1.6378 4.3896 -6.1783 1.9349 5.2010 1.5683 5.6737
Car -1 -1 -3.0838 1089.3179 136.5354 1241.0000 193.5199 1.4341 1.5408 3.5962 15.4472 0.5204 19.9181 -2.4242 3.8736
Car -1 -1 2.9617 702.6447 168.5416 772.8388 194.1743 1.5883 1.6768 4.1285 7.9937 1.3214 45.5565 3.1354 3.8428
Car -1 -1 1.9453 305.8620 167.2207 361.6757 196.8238 1.7896 1.7595 4.5889 -17.5240 1.4494 45.9193 1.5807 1.9787
Car -1 -1 -3.2675 690.9166 162.6072 760.6550 190.8515 1.8635 1.7528 4.4454 7.7151 1.1878 48.5482 -3.1099 0.6185
Car -1 -1 -3.2942 685.9572 168.9810 739.8214 189.5071 1.5313 1.5965 3.8388 7.7373 1.2427 54.6455 -3.1535 0.2020
