Car -1 -1 2.0051 154.2879 201.4714 350.1727 311.8038 1.4749 1.5838 3.7279 -5.9918 2.0450 12.4890 1.5577 13.3979
Car -1 -1 1.8884 294.5365 195.6202 411.5896 270.0087 1.4746 1.5578 3.6826 -6.0575 2.0793 17.2926 1.5514 11.3144
Car -1 -1 1.8307 377.8456 190.1819 460.9883 241.7051 1.4270 1.6187 4.0016 -6.0945 2.0359 23.3336 1.5752 11.0691
Car -1 -1 -3.5562 862.2255 153.1115 1038.5116 211.4965 1.4910 1.6064 3.9447 8.9385 0.9872 19.2657 -3.1218 9.7489
Car -1 -1 2.2573 0.0000 217.7921 207.2019 374.0000 1.4325 1.5698 3.7688 -5.8805 1.9957 7.1483 1.5689 9.6959
Car -1 -1 1.8021 439.9235 186.0955 498.9450 225.0432 1.4793 1.6098 3.9307 -5.9543 2.0808 30.7560 1.6108 9.6648
Car -1 -1 -1.7413 669.4176 174.6054 734.8860 222.8895 1.5421 1.6052 3.9121 3.0847 1.6084 25.1788 -1.6194 8.2567
Car -1 -1 -1.6756 659.7190 174.9710 709.4020 217.1741 1.6702 1.6718 4.1351 3.0742 1.7671 30.8315 -1.5762 7.6671
Car -1 -1 -0.7379 1164.2194 138.3829 1241.0000 180.5669 1.5183 1.6912 4.4177 23.4291 0.2780 26.8578 -0.0206 7.6302
Car -1 -1 1.7476 470.3559 184.6984 515.4420 218.2806 1.5705 1.6364 3.8282 -5.9878 2.2104 37.0284 1.5873 5.3507
Car -1 -1 2.6687 849.2130 142.8524 1026.5158 202.4648 1.7272 1.7253 4.6198 9.8076 0.8583 21.8842 3.0900 5.2901
Car -1 -1 1.8718 493.5591 182.8624 538.3085 208.6903 1.4980 1.6485 4.1819 -5.9374 2.1635 45.7521 1.7427 3.0049
Car -1 -1 1.5114 399.6693 173.6675 433.6244 201.2428 1.4583 1.6013 3.8338 -10.8855 1.5065 40.3502 1.2479 2.0226
Car -1 -1 1.5603 629.5988 156.9414 645.7703 172.4228 1.4758 1.5416 3.7474 2.6779 -0.0431 70.7780 1.5981 1.1332
Car -1 -1 1.9121 484.2031 172.8937 513.8397 188.8960 1.4714 1.5654 3.8949 -10.5046 1.4756 68.4123 1.7597 -0.6962
Car -1 -1 1.4703 645.4402 179.2242 679.4185 206.5728 1.5345 1.6403 3.9726 3.0763 1.9360 43.4279 1.5410 -1.0006
Car -1 -1 1.6958 516.0473 183.8448 545.7870 207.2078 1.4731 1.5599 3.7561 -5.3800 2.2512 49.1620 1.5868 -1.2325
Car -1 -1 2.0835 655.7037 165.0109 692.0120 181.8691 1.4747 1.5993 3.8178 5.7737 0.7890 65.1428 2.1719 -2.0339
