Car -1 -1 1.9102 267.8757 194.8580 407.2327 275.9165 1.4835 1.6461 4.1935 -6.0602 2.0500 16.4541 1.5573 13.3565
Car -1 -1 2.0644 68.4089 204.1211 305.4106 333.3849 1.4333 1.5294 3.3860 -5.9505 1.9642 10.5327 1.5501 13.1544
Car -1 -1 1.8460 389.2550 188.6939 473.5244 241.1690 1.4993 1.6374 4.1933 -5.8712 2.0737 24.0203 1.6063 12.6282
Car -1 -1 -1.7792 694.3067 176.8121 790.9905 243.6093 1.4892 1.6075 3.8810 3.1853 1.6006 18.2844 -1.6067 12.0670
Car -1 -1 -3.8244 1011.1209 133.4348 1241.0000 234.1101 1.6030 1.6468 3.8929 9.2294 0.9757 12.3915 -3.1842 9.7251
Car -1 -1 -1.7112 676.8134 174.4721 744.1863 228.9922 1.6375 1.6349 3.9851 3.1753 1.6956 23.7853 -1.5785 9.4682
Car -1 -1 2.3377 0.0000 221.4674 137.2399 374.0000 1.4570 1.5786 3.4556 -5.8799 1.9770 5.9744 1.5602 8.1810
Car -1 -1 -3.5710 824.0255 156.5746 999.3736 212.1910 1.4785 1.6259 4.2070 8.2579 1.0461 20.0727 -3.1807 7.7723
Car -1 -1 2.7660 895.0785 146.3425 1099.2762 216.9196 1.5786 1.6029 3.9636 9.0100 0.9860 17.1468 3.2498 7.4556
Car -1 -1 2.5502 963.4426 136.0977 1187.9790 222.1115 1.6666 1.5713 3.6161 9.3953 0.9548 14.8103 3.1155 7.0019
Car -1 -1 1.8001 441.7188 188.4639 498.9753 227.1577 1.4344 1.5642 3.5934 -5.7869 2.1243 30.0434 1.6098 4.6236
Car -1 -1 1.7193 519.6283 181.4533 549.2479 202.6294 1.4832 1.6316 4.0879 -5.6725 2.1556 54.3017 1.6152 4.0209
Car -1 -1 -1.5749 643.4021 178.5960 668.5120 202.7259 1.5068 1.5988 3.8253 3.0116 1.9043 47.9421 -1.5122 3.0627
Car -1 -1 1.8805 670.5652 162.9577 705.2933 181.6014 1.4770 1.6363 4.2197 6.4327 0.6933 59.4193 1.9884 2.2538
Car -1 -1 1.5768 423.4572 168.9042 449.9411 193.8193 1.6019 1.6627 4.2315 -11.6983 1.3483 48.6379 1.3407 1.2670
