Car -1 -1 -2.0160 799.3241 190.4934 1155.9281 374.0000 1.3753 1.5673 3.4890 3.0526 1.5884 6.9319 -1.6012 12.4186
Car -1 -1 2.2034 0.0000 207.9885 176.6225 374.0000 1.4607 1.5078 3.2653 -6.0335 1.8934 7.1977 1.5058 8.3112
Car -1 -1 2.7870 797.5803 171.1340 901.3392 205.7459 1.4860 1.6075 4.0397 10.4790 1.4125 31.8520 3.1048 7.6033
Car -1 -1 -2.5276 92.4841 196.0802 199.0934 230.9920 1.4217 1.5683 3.6676 -20.1835 2.4602 31.3869 -3.0991 6.9129
Car -1 -1 -2.7054 256.1064 178.3794 381.5962 223.4790 1.8831 1.7966 4.7518 -12.6450 2.1318 31.3997 -3.0882 6.8506
Car -1 -1 0.6133 11.7244 196.3446 174.5392 245.7506 1.4546 1.5917 4.0021 -16.3041 2.2244 22.8210 -0.0070 4.6791
Car -1 -1 -1.6341 647.3498 171.4255 672.8341 192.6284 1.4529 1.5670 3.7610 3.5014 1.3553 51.3229 -1.5660 3.5270
Car -1 -1 -0.9715 66.1727 172.5263 124.2330 192.9255 1.4598 1.6127 3.8625 -38.1772 1.4367 53.5780 -1.5906 2.7447
Car -1 -1 -1.2010 346.0178 160.1437 389.8766 181.9146 1.5714 1.6817 4.3165 -18.1698 0.6543 54.2719 -1.5240 2.6703
Car -1 -1 0.9144 1139.9766 146.1895 1241.0000 180.8485 1.4922 1.6167 4.1413 26.6112 0.3446 33.1491 1.5909 1.7587
Car -1 -1 1.1029 222.9395 186.3934 286.3607 215.4587 1.5016 1.6038 3.9519 -20.1561 2.3020 40.8047 0.6441 1.5429
Car -1 -1 -1.7907 0.0000 195.2668 32.6282 224.8935 1.4975 1.5964 3.9033 -34.4711 2.8292 41.0381 -2.4894 1.4441
Car -1 -1 -0.6648 1101.0229 147.9439 1241.0000 199.1626 1.5903 1.6091 3.7089 18.1506 0.8172 23.2064 -0.0011 0.0163
Car -1 -1 -1.1331 254.9964 178.8248 302.2166 200.8597 1.4612 1.5711 3.7665 -23.2804 1.8972 50.7562 -1.5632 -0.1188
Car -1 -1 0.8670 1056.5135 138.4134 1129.8162 164.8305 1.4619 1.5836 3.7438 28.7147 -0.5002 43.0628 1.4551 -1.1937
Car -1 -1 1.4534 676.6857 169.0151 705.7028 191.1913 1.5011 1.5959 3.7116 5.6395 1.2416 50.7002 1.5642 -1.9921
