Car -1 -1 1.9292 314.5019 189.1720 439.0397 259.4763 1.4812 1.6256 4.1866 -5.7951 1.9442 18.3217 1.6228 15.1229
Car -1 -1 2.0384 46.2026 200.0939 323.4609 336.7104 1.4456 1.6619 4.4544 -5.9792 1.9387 10.7900 1.5324 14.4384
Car -1 -1 -1.8386 733.6726 179.0670 894.5714 282.3429 1.4709 1.6311 3.9170 3.2615 1.5957 12.4788 -1.5829 13.9925
Car -1 -1 -1.7380 699.0498 174.8704 791.8135 245.6748 1.5760 1.6350 3.8469 3.2246 1.6323 18.0979 -1.5617 11.1944
Car -1 -1 2.4507 1033.2432 141.4749 1241.0000 246.3538 1.5450 1.5703 3.7237 8.9851 1.0831 11.4599 3.1156 10.2857
Car -1 -1 1.8267 401.3028 187.6936 473.3534 236.9193 1.4646 1.5234 3.4858 -5.7713 2.0007 24.2854 1.5934 9.1410
Car -1 -1 2.6172 907.7501 154.9638 1167.6482 233.9703 1.4733 1.5976 4.1862 8.2546 1.1400 14.2522 3.1421 8.6798
Car -1 -1 1.8319 458.5780 184.1966 515.6271 219.7836 1.4770 1.6216 3.9862 -5.6394 2.0335 33.3174 1.6643 8.4617
Car -1 -1 1.3989 671.4638 179.6517 726.7062 220.6521 1.4477 1.5191 3.5579 3.3350 1.7280 27.8941 1.5179 8.0623
Car -1 -1 -1.6860 648.1176 176.9850 682.4406 204.9530 1.5407 1.5771 3.7021 3.1546 1.7933 42.1824 -1.6114 4.8858
Car -1 -1 1.6925 467.4122 168.8836 493.5620 187.9653 1.4318 1.5690 3.6419 -10.0444 1.1343 56.0015 1.5150 4.1400
Car -1 -1 1.3970 731.9720 167.6987 757.4902 185.0474 1.4621 1.5621 3.6698 11.6445 1.0280 62.6483 1.5808 1.9318
Car -1 -1 1.6889 511.2236 180.9167 541.7788 204.5912 1.4831 1.5977 3.8418 -5.5948 2.0462 48.4327 1.5739 1.3300
Car -1 -1 -0.9678 42.6427 149.4338 108.1831 173.0512 1.4773 1.5856 3.7507 -34.7928 0.0127 47.0319 -1.6047 -1.2029
Car -1 -1 1.7530 449.8854 171.8925 477.7342 190.9343 1.4736 1.5234 3.7965 -11.6880 1.3995 57.7452 1.5533 -1.5723
