Car -1 -1 -2.0593 824.4226 191.3861 1241.0000 374.0000 1.4046 1.5290 3.3656 3.0301 1.6033 6.0171 -1.5928 12.6768
Car -1 -1 2.2817 0.0000 212.6295 131.5301 374.0000 1.4699 1.5288 3.4636 -6.0800 1.9158 6.3069 1.5146 8.6775
Car -1 -1 -2.5088 79.9259 196.9827 189.0873 234.6793 1.4919 1.5946 3.6220 -20.1393 2.5445 30.5761 -3.0913 7.9509
Car -1 -1 -2.7043 246.3008 178.8985 373.7116 228.1523 1.9980 1.8109 4.6486 -12.6611 2.2625 30.5208 -3.0975 7.9128
Car -1 -1 -3.4533 800.2955 170.9746 911.1602 206.5998 1.4936 1.6110 4.2293 10.4814 1.4152 31.0822 -3.1281 7.7274
Car -1 -1 1.2322 216.9615 186.9944 272.3298 215.9135 1.4456 1.5636 3.7361 -20.1850 2.2611 39.7355 0.7622 5.8557
Car -1 -1 0.6727 0.0000 200.3114 157.3497 251.8325 1.4555 1.6032 4.1830 -16.5355 2.3329 22.1748 0.0319 5.0308
Car -1 -1 -1.2314 339.5166 159.6809 380.2296 180.4750 1.4750 1.6077 3.9635 -18.4030 0.5410 53.1661 -1.5647 1.0465
Car -1 -1 -1.4044 479.0316 150.2916 509.1024 171.4839 1.5440 1.6260 3.9429 -8.7909 -0.1075 54.8002 -1.5635 -0.3001
Car -1 -1 -3.7902 1119.2834 140.3612 1210.8129 167.1006 1.4651 1.6084 3.9168 31.2235 -0.3307 40.6991 -3.1358 -1.0594
Car -1 -1 -1.7575 645.9718 170.9034 678.3411 193.0516 1.4916 1.5853 3.7569 3.5852 1.3606 50.5468 -1.6867 -1.1344
Car -1 -1 -1.6558 675.9283 169.7755 703.1874 191.7997 1.4736 1.5797 3.5267 5.4566 1.2680 50.0562 -1.5472 -1.1841
Car -1 -1 -0.8218 51.4265 173.8090 116.5142 194.8890 1.4762 1.6104 3.9159 -38.4025 1.5490 52.7491 -1.4510 -1.7586
Car -1 -1 1.0409 0.0000 160.5009 104.9781 229.4820 1.4789 1.5969 3.8559 -14.0118 1.2144 16.8739 0.3479 -2.1715
