Car -1 -1 2.0854 0.0000 203.9361 295.7433 354.8432 1.3892 1.5968 4.2516 -5.9302 1.8994 9.6789 1.5357 15.2335
Car -1 -1 1.9512 295.0713 191.7537 430.3416 266.4660 1.4605 1.6187 4.1587 -5.7885 1.9696 17.2980 1.6283 13.9789
Car -1 -1 -1.8583 747.3556 181.4737 925.8463 294.9783 1.4423 1.5913 3.8153 3.2831 1.6014 11.3690 -1.5772 13.6846
Car -1 -1 -1.7418 705.7535 175.9926 805.8638 252.6644 1.5705 1.6223 3.8711 3.2282 1.6528 16.8864 -1.5529 12.6144
Car -1 -1 1.4163 674.5258 178.9138 732.1315 223.7590 1.5181 1.5517 3.7272 3.3523 1.7595 26.8179 1.5407 9.6021
Car -1 -1 -3.6763 933.6417 153.3578 1223.1806 242.7866 1.5174 1.6096 4.1839 8.2839 1.1869 13.1049 -3.1126 9.4108
Car -1 -1 1.8311 388.9231 190.1447 467.3007 241.3402 1.4237 1.5517 3.6178 -5.7752 2.0216 23.1128 1.5862 8.9177
Car -1 -1 2.3818 1070.7478 134.9411 1241.0000 258.6974 1.6244 1.5868 3.6581 8.8739 1.1272 10.3542 3.0904 8.2791
Car -1 -1 1.8386 454.2201 182.4607 514.2982 219.9974 1.5109 1.6252 4.0561 -5.5729 1.9680 32.2093 1.6672 8.0234
Car -1 -1 -1.6887 648.4345 177.2886 685.4888 206.2822 1.5500 1.6420 3.9909 3.1692 1.8162 41.2186 -1.6120 7.6397
Car -1 -1 1.6956 466.2285 170.4049 493.1495 190.4147 1.4638 1.5730 3.5847 -9.8557 1.2850 54.6112 1.5171 1.7810
Car -1 -1 1.5476 510.5010 181.6976 536.5141 205.9753 1.4799 1.6032 3.8288 -5.7518 2.0866 47.4546 1.4270 1.4204
Car -1 -1 -1.0514 24.6992 150.1933 91.5433 174.1408 1.4580 1.6174 3.9929 -35.1316 0.0787 46.0139 -1.7035 0.7829
Car -1 -1 1.7597 393.3104 165.3767 435.5050 194.0515 1.5858 1.6405 4.0390 -11.3530 1.1726 41.9760 1.4955 -0.3839
Car -1 -1 -1.0956 676.7294 162.9715 719.6820 183.9248 1.4821 1.5597 3.8232 6.4926 0.7834 53.0540 -0.9738 -0.4827
Car -1 -1 -2.0474 577.2742 176.2539 609.7911 192.0600 1.4618 1.5916 3.7481 -1.6349 1.7998 69.6245 -2.0709 -0.9062
