Car -1 -1 2.5481 983.0126 176.7076 1207.7837 249.1590 1.3934 1.5253 3.5724 9.7477 1.4766 14.7355 3.1325 11.7325
Car -1 -1 1.2882 108.8987 185.2114 204.5239 236.5445 1.4496 1.5738 3.8569 -14.6299 1.8783 23.1396 0.7244 7.5250
Car -1 -1 2.3193 0.0000 182.7722 82.7835 305.1589 1.7982 1.7183 4.0152 -11.8430 2.0041 12.9388 1.5781 4.1407
Car -1 -1 1.3206 686.5180 163.2434 741.9348 198.8353 1.5565 1.6167 3.9355 4.7422 1.1365 33.5954 1.4609 3.6994
Car -1 -1 -1.8098 825.6411 170.5135 926.6222 234.0985 1.5130 1.6097 3.9065 6.8904 1.4577 19.1936 -1.4651 2.3310
Car -1 -1 -1.1149 183.7332 146.4575 254.3743 179.1558 1.5492 1.6131 3.7661 -19.5033 0.2989 36.0960 -1.6103 2.1018
Car -1 -1 2.1278 115.6538 151.5907 173.9522 173.9690 1.4675 1.5525 3.8337 -31.7015 0.0735 49.2421 1.5558 1.7365
Car -1 -1 -2.3327 1197.0682 173.5872 1241.0000 265.9084 1.4758 1.5917 3.8760 13.2982 1.4918 13.5123 -1.5552 1.5350
Car -1 -1 -1.4395 470.5064 152.9880 496.6103 171.7015 1.4549 1.5943 3.7996 -10.1995 -0.0958 58.2615 -1.6128 0.9236
Car -1 -1 0.5364 184.1467 174.3300 300.3543 213.2154 1.4694 1.5890 3.7725 -14.3876 1.5294 28.2484 0.0653 -1.1030
Car -1 -1 -1.2253 328.6051 141.4600 387.3475 170.7657 1.4748 1.6465 4.2107 -13.4777 -0.1178 38.7244 -1.5602 -1.4186
