Car -1 -1 -1.9326 761.8990 176.2576 1014.2880 336.1863 1.5355 1.5906 3.6745 3.0464 1.5865 8.8649 -1.6016 13.1287
Car -1 -1 1.9261 256.5387 186.9016 395.4045 276.3112 1.5772 1.5570 3.4991 -5.8021 1.9047 15.0380 1.5579 11.9883
Car -1 -1 -1.8913 709.8693 178.2537 845.0098 266.1486 1.4839 1.5313 3.4941 3.0944 1.6043 14.2204 -1.6771 10.9202
Car -1 -1 1.8468 355.7863 188.1260 446.9073 248.6697 1.4722 1.5548 3.4594 -5.7655 1.9358 20.1485 1.5680 9.0095
Car -1 -1 -1.7629 695.6991 176.4302 779.9350 237.3472 1.5020 1.5663 3.8001 3.3738 1.6106 19.9312 -1.5952 6.9024
Car -1 -1 -2.7732 369.2095 179.5257 438.3208 204.1195 1.4708 1.6136 3.7858 -12.7646 1.8930 44.6481 -3.0517 1.1810
Car -1 -1 1.9513 146.4144 167.8528 232.1901 208.6811 1.4777 1.5931 3.7778 -16.3081 1.2970 28.0963 1.4254 0.3642
Car -1 -1 2.6459 207.1725 167.3608 340.6312 214.6619 1.4677 1.5874 3.7897 -11.3060 1.2976 24.3798 2.2117 0.2362
Car -1 -1 -1.5508 722.4310 170.1666 747.1361 192.9050 1.4815 1.5803 3.8186 8.4801 1.3068 49.0341 -1.3795 -0.1539
Car -1 -1 0.8524 0.0000 184.1428 84.5061 253.3353 1.4874 1.5800 3.7314 -14.6873 1.7681 16.8819 0.1364 -0.2911
Car -1 -1 1.7179 524.0335 157.7804 548.3163 174.0449 1.4976 1.6703 4.4270 -7.0092 0.1100 68.6849 1.6162 -0.5963
