Car -1 -1 1.9716 239.0850 194.7568 405.2043 284.1969 1.4616 1.6426 4.2603 -5.7937 1.9828 14.9993 1.6030 13.9801
Car -1 -1 -1.9499 769.9292 184.9706 1029.1855 333.1406 1.4078 1.6110 3.8919 3.2741 1.5950 9.1489 -1.6063 12.6983
Car -1 -1 -1.7877 719.4527 176.7598 843.9912 270.2241 1.6212 1.6241 3.7639 3.2510 1.7106 14.5546 -1.5680 12.1673
Car -1 -1 2.2186 0.0000 206.6550 219.5080 374.0000 1.4650 1.5885 3.9438 -5.9413 1.9100 7.5000 1.5486 11.2046
Car -1 -1 1.3820 680.3419 184.1987 744.5497 231.0962 1.4176 1.5150 3.4458 3.3478 1.8296 24.4196 1.5182 10.6605
Car -1 -1 1.8474 363.5882 189.4372 452.8751 250.1479 1.5225 1.5565 3.6119 -5.7787 2.0447 20.8922 1.5775 10.2701
Car -1 -1 -3.7786 997.0526 151.0720 1241.0000 262.9054 1.5641 1.6177 3.9506 8.2142 1.2598 10.9135 -3.1334 10.1937
Car -1 -1 1.8580 442.6640 186.4361 506.6617 225.4273 1.4302 1.5724 3.8593 -5.5609 2.0303 29.8574 1.6738 9.3339
Car -1 -1 -1.7293 664.3046 180.6807 718.3217 222.1816 1.5876 1.6404 3.9571 3.3100 1.9394 30.3776 -1.6207 7.0287
Car -1 -1 -1.7087 651.2881 179.9546 690.5150 211.9323 1.5966 1.5929 3.7328 3.1876 1.9973 38.7770 -1.6267 6.9455
Car -1 -1 1.6715 460.2699 169.7357 486.7491 190.3109 1.4483 1.5450 3.6144 -9.9542 1.2292 52.6537 1.4847 5.5403
Car -1 -1 1.6529 505.8917 183.1341 537.6717 208.8917 1.4840 1.6538 4.0542 -5.5219 2.1587 45.2683 1.5315 3.7910
Car -1 -1 -2.4455 559.1548 180.2046 601.2787 196.4942 1.4628 1.5844 3.8604 -2.8502 2.1765 68.2213 -2.4873 1.3430
Car -1 -1 -0.9435 677.5450 162.4467 726.1888 184.0497 1.4690 1.5389 3.6822 6.4836 0.7617 50.9301 -0.8169 -0.6247
Car -1 -1 1.3594 737.0772 171.3831 766.9646 189.8318 1.4828 1.6356 3.9701 11.7446 1.3650 59.9910 1.5527 -0.9555
