Car -1 -1 2.1483 0.0000 199.8995 312.8521 367.2924 1.4892 1.6781 4.5283 -5.7692 1.9294 9.4431 1.5999 14.2327
Car -1 -1 -1.8987 772.9389 179.2102 1033.4130 343.0510 1.5605 1.6634 4.1530 3.2761 1.6597 9.1221 -1.5539 13.6343
Car -1 -1 1.3293 699.2359 182.1765 790.6269 246.3679 1.4711 1.5198 3.5493 3.3742 1.7390 18.8822 1.5061 12.6582
Car -1 -1 1.8925 398.8480 187.0065 484.2800 237.2240 1.4678 1.6175 3.9956 -5.6090 1.9857 24.3169 1.6658 11.7048
Car -1 -1 1.9505 257.6275 190.4568 402.3331 278.3873 1.5414 1.5743 3.6980 -5.7871 1.9593 15.2530 1.5879 11.1111
Car -1 -1 -2.3242 933.5892 193.9552 1241.0000 374.0000 1.4858 1.5642 3.9040 3.2194 1.6475 3.5477 -1.5873 8.2702
Car -1 -1 -1.7160 656.6336 178.2937 703.3903 213.7454 1.5166 1.6047 3.8379 3.1430 1.7837 33.4217 -1.6222 8.2445
Car -1 -1 -1.7687 675.9834 183.5027 744.3162 231.4376 1.4454 1.5674 3.8043 3.2783 1.8371 24.5690 -1.6360 7.9165
Car -1 -1 1.7276 487.2879 181.4267 526.4714 210.2960 1.4605 1.5616 3.7221 -5.6289 1.9522 39.4840 1.5860 5.3553
Car -1 -1 1.6679 439.7860 168.3152 471.4920 192.0076 1.4812 1.6415 4.0976 -10.0896 1.1978 47.2334 1.4575 5.0869
Car -1 -1 -2.5926 530.6724 177.9818 575.0504 195.6173 1.4963 1.5617 3.6166 -5.0625 1.9595 63.6127 -2.6720 3.8632
Car -1 -1 0.9045 1001.5708 80.3051 1241.0000 224.1420 1.8985 1.7456 4.5257 8.5354 0.6773 11.8172 1.5300 1.8811
Car -1 -1 1.7557 502.8648 181.8373 539.0500 207.5981 1.4736 1.5566 3.7389 -5.4818 2.0522 44.5223 1.6332 1.2198
Car -1 -1 -1.6622 686.2544 164.8971 715.6698 188.6930 1.4631 1.5428 3.5446 5.7509 0.9742 46.1570 -1.5383 -0.9034
Car -1 -1 -1.3661 416.1716 172.4008 459.4821 198.6817 1.4814 1.6537 4.3470 -10.1967 1.4562 42.8643 -1.5997 -1.0991
