Car -1 -1 1.0168 855.1075 181.9333 1241.0000 374.0000 1.4887 1.5272 3.6061 3.3532 1.5855 5.8348 1.5384 14.2893
Car -1 -1 2.1142 107.5359 192.6187 363.2070 317.3904 1.4885 1.6359 4.1273 -5.6236 1.8596 11.4044 1.6561 13.5579
Car -1 -1 -1.7529 684.4255 173.9379 766.5448 233.7566 1.5128 1.5914 3.7536 3.0830 1.5464 20.2144 -1.6015 13.4173
Car -1 -1 -1.8923 738.6297 179.6865 926.8201 295.3162 1.4846 1.5963 4.0718 3.2614 1.6143 11.5773 -1.6177 11.9185
Car -1 -1 1.8055 417.0275 176.6701 484.7208 222.9204 1.5510 1.6089 3.6336 -5.7663 1.7003 26.3285 1.5899 10.9548
Car -1 -1 1.7255 457.8755 178.8195 506.0066 214.3286 1.4356 1.5464 3.5350 -5.5811 1.7116 31.5502 1.5504 6.3777
Car -1 -1 -1.7941 670.1794 173.9962 736.2694 219.7740 1.4999 1.5707 3.4891 3.1803 1.5435 25.5421 -1.6702 5.8716
Car -1 -1 0.3098 157.6972 172.1737 280.4297 212.0585 1.4769 1.5972 3.8641 -15.0396 1.4520 27.8553 -0.1853 2.7211
Car -1 -1 -1.1201 417.6432 176.8396 462.3782 198.1145 1.4858 1.6159 4.0540 -12.5407 1.7927 53.3490 -1.3510 0.2177
Car -1 -1 2.3935 341.5992 162.7424 424.4746 194.1311 1.4661 1.5878 3.8748 -11.2182 0.9942 35.7754 2.0897 -0.6398
