Car -1 -1 -2.2788 0.0000 174.1209 144.2825 290.9389 1.9267 1.8032 4.6483 -11.3345 1.9524 13.1681 -2.9895 8.8592
Car -1 -1 1.3163 207.6879 179.3496 295.7601 231.6126 1.4551 1.5329 3.8326 -11.2852 1.6757 22.5166 0.8517 7.3263
Car -1 -1 -1.8651 803.3079 169.6629 870.1610 206.4482 1.4526 1.6084 3.9220 9.4388 1.3269 30.4555 -1.5646 3.8873
Car -1 -1 -1.4710 589.2068 176.3966 635.8084 214.7004 1.4558 1.5594 3.6729 0.1178 1.6113 29.6812 -1.4670 1.4938
Car -1 -1 0.7495 2.7392 156.5031 86.5630 181.9494 1.4678 1.6114 3.8210 -33.3635 0.5250 42.5824 0.0849 0.8761
Car -1 -1 1.4797 121.5892 178.7058 194.1194 232.3815 1.4716 1.5473 3.6381 -13.9528 1.6668 22.1112 0.9168 0.8410
Car -1 -1 -1.7468 758.9997 175.1044 812.5111 211.6585 1.4652 1.5785 3.8544 7.4701 1.5688 31.1323 -1.5113 0.0863
Car -1 -1 -1.2152 317.3019 146.0672 384.5103 182.6058 1.5933 1.6362 4.0193 -11.9696 0.4256 33.4804 -1.5586 -0.4828
Car -1 -1 -2.6355 12.5325 151.7778 118.6698 184.7342 1.4785 1.5760 3.6122 -25.1646 0.5333 33.3983 -3.2812 -0.8061
Car -1 -1 1.6190 566.0345 148.5793 588.4385 168.3079 1.4863 1.5908 3.8961 -2.5924 -0.3724 57.2063 1.5737 -1.3263
Car -1 -1 0.2328 421.8265 152.6296 557.8839 206.2810 1.7928 1.7156 4.3950 -4.1604 1.1174 25.1148 0.0687 -2.1733
