Car -1 -1 -1.7066 655.0998 185.9887 726.7497 241.0457 1.4218 1.5886 3.8774 2.2731 1.8498 21.5281 -1.6014 12.3340
Car -1 -1 -2.1113 832.1100 199.7874 1241.0000 374.0000 1.4503 1.5796 3.8377 3.3158 1.7551 6.1997 -1.6202 11.4910
Car -1 -1 2.1027 0.0000 208.2214 244.4239 374.0000 1.5173 1.6030 3.8907 -5.1790 1.9569 6.9374 1.4614 10.2178
Car -1 -1 1.7437 458.7144 184.5646 504.6166 218.8402 1.5956 1.6508 4.0032 -6.5478 2.2284 36.9596 1.5684 9.2305
Car -1 -1 -1.6823 638.6298 181.4732 695.6942 227.5052 1.5697 1.6867 4.3038 2.0601 1.9259 27.6012 -1.6078 8.5585
Car -1 -1 -2.9614 896.0382 166.0477 1056.2167 222.9624 1.5105 1.5825 3.9333 10.5298 1.3302 20.9619 -2.4959 7.3777
Car -1 -1 -1.5504 627.3790 176.8055 649.7394 197.1161 1.4911 1.6494 4.1635 2.2194 1.8094 55.9238 -1.5108 4.0612
Car -1 -1 -2.8800 812.5985 168.6987 933.5167 210.0795 1.4564 1.6143 4.0022 9.8331 1.3105 27.1977 -2.5331 2.5620
Car -1 -1 1.7485 479.0053 184.1049 518.6010 213.3048 1.5600 1.6105 3.9461 -6.4650 2.2475 42.0735 1.5961 2.2900
Car -1 -1 -2.0784 1181.9366 164.6009 1241.0000 219.6727 1.4637 1.5399 3.6768 18.6237 1.2447 21.1350 -1.3560 1.9183
Car -1 -1 -1.1548 256.2857 188.7152 312.1407 216.8662 1.4709 1.5761 3.7044 -18.7694 2.4277 41.6499 -1.5782 0.6988
Car -1 -1 2.1035 16.6841 183.1117 184.7356 251.9155 1.4682 1.6250 3.9740 -12.5498 1.7541 18.0450 1.4959 -0.3920
