Car -1 -1 -1.7240 697.6020 183.0566 788.3336 256.2646 1.6103 1.6482 4.0650 3.2302 1.9011 18.4878 -1.5511 12.8547
Car -1 -1 -1.7024 678.1003 183.9863 744.8196 235.0527 1.5023 1.6522 4.2753 3.2730 1.9106 24.2967 -1.5685 8.6691
Car -1 -1 1.7356 481.2506 186.1932 530.3611 222.5614 1.5415 1.6526 4.0803 -4.9017 2.2112 34.1475 1.5931 8.3303
Car -1 -1 -2.4562 997.9962 200.9433 1241.0000 374.0000 1.5564 1.5700 4.0196 3.5062 1.7551 3.0602 -1.6030 8.0674
Car -1 -1 -3.0568 991.3729 164.9540 1197.2002 233.1500 1.4618 1.5651 3.9661 11.4682 1.2928 17.3087 -2.4717 7.2482
Car -1 -1 2.4539 0.0000 229.4415 131.5713 374.0000 1.4752 1.6113 4.1084 -4.9642 1.9602 4.1189 1.5757 6.2690
Car -1 -1 1.6786 504.2954 182.3922 543.2960 215.3907 1.6496 1.6703 4.2397 -4.6889 2.1993 39.4262 1.5602 4.4935
Car -1 -1 -2.9395 882.4751 174.4035 1031.2922 223.0856 1.4520 1.6151 4.1361 11.2051 1.5069 23.5281 -2.4950 4.3241
Car -1 -1 -3.0312 947.0582 170.8962 1116.4670 229.0073 1.4768 1.5845 3.9362 11.6638 1.4274 20.1392 -2.5062 2.4539
Car -1 -1 1.6793 460.2604 174.0160 482.0730 191.4046 1.6664 1.6717 4.3133 -13.7714 1.7858 71.6601 1.4895 2.2318
Car -1 -1 -1.5956 664.0807 178.2658 689.2773 203.6602 1.7459 1.7198 4.4185 4.8152 2.1595 52.8286 -1.5047 1.6418
Car -1 -1 -1.8622 427.5282 175.0538 467.0993 198.7818 1.5283 1.6067 3.7242 -11.0813 1.6838 48.8621 -2.0852 1.3875
Car -1 -1 -0.9618 0.0000 193.2759 56.8293 226.1018 1.4555 1.5840 3.9030 -30.1928 2.5460 36.5016 -1.6529 0.9918
Car -1 -1 1.6721 520.9430 185.0591 554.5664 211.8776 1.5064 1.6462 4.2652 -4.4491 2.2973 44.6021 1.5727 -0.8078
Car -1 -1 -1.8514 752.8144 151.7164 809.3275 190.2635 1.7626 1.6703 3.7714 8.1683 0.7964 34.9158 -1.6216 -1.5345
