Car -1 -1 1.9678 168.9308 186.7311 397.5028 323.7300 1.5688 1.6261 3.8944 -4.5500 1.8108 10.6092 1.5627 12.7807
Car -1 -1 2.2232 0.0000 211.4895 257.0042 374.0000 1.3538 1.5362 3.3916 -4.6311 1.7708 6.0809 1.5723 10.6715
Car -1 -1 -1.7395 725.0896 176.4799 803.5132 232.2872 1.4745 1.5954 3.9780 4.4076 1.5923 21.3393 -1.5358 9.3544
Car -1 -1 -1.7969 757.5842 153.6448 897.1166 265.2185 1.9577 1.7728 4.2670 4.2080 1.6210 14.8333 -1.5204 8.7249
Car -1 -1 1.7292 527.5639 174.6961 570.7530 204.8909 1.4656 1.6165 3.9970 -3.1266 1.5665 37.3232 1.6456 7.1613
Car -1 -1 -1.7861 705.5486 171.5125 769.6985 217.4558 1.6117 1.6126 3.6909 4.6859 1.5650 27.1885 -1.6155 6.5585
Car -1 -1 -1.6716 702.1130 172.8773 747.0875 208.9965 1.5139 1.5912 3.8316 5.0132 1.5154 32.1979 -1.5172 6.3328
Car -1 -1 0.2723 456.6477 163.7563 520.7784 188.3360 1.5909 1.6452 3.8845 -8.0256 1.0024 47.7211 0.1057 2.9310
Car -1 -1 1.6654 590.9368 172.7208 612.9598 189.8098 1.4836 1.6039 4.0248 -0.7129 1.4724 64.7127 1.6544 1.3044
Car -1 -1 1.8749 470.6741 171.2452 517.1895 198.1620 1.5411 1.6322 4.0302 -6.9579 1.4493 43.4195 1.7160 1.1839
Car -1 -1 1.7333 515.6508 167.0750 545.2011 187.1746 1.4802 1.6208 4.0078 -6.0715 1.0550 55.1775 1.6237 -0.1632
