Car -1 -1 -1.7724 740.8270 178.6958 843.2251 250.7628 1.4939 1.5868 3.9018 4.1634 1.6500 17.2523 -1.5356 12.4613
Car -1 -1 -1.8920 792.4692 158.3341 1028.0546 315.6517 1.8444 1.7761 4.5227 4.0473 1.6746 10.7510 -1.5319 11.2811
Car -1 -1 2.1767 0.0000 195.3329 290.4861 374.0000 1.5065 1.6185 3.8854 -4.6265 1.7725 6.5768 1.5637 10.8514
Car -1 -1 1.7376 507.0409 179.0552 557.9101 213.2594 1.4482 1.6623 4.2722 -3.5678 1.7554 33.5201 1.6315 8.9938
Car -1 -1 -1.7937 715.0816 173.6815 792.3304 227.8192 1.5792 1.6220 3.6512 4.4296 1.6080 22.9516 -1.6031 8.4273
Car -1 -1 -1.6786 706.0730 175.4733 758.5833 217.0871 1.4973 1.5975 3.8826 4.6653 1.6072 28.1920 -1.5146 6.9657
Car -1 -1 1.6635 582.5153 172.8411 606.4886 191.3024 1.4953 1.6246 4.3083 -1.2908 1.4947 60.6476 1.6422 1.8575
Car -1 -1 -1.7367 693.2281 176.5511 741.2891 210.2860 1.4661 1.5884 3.9017 4.9144 1.6495 33.7538 -1.5921 1.4788
Car -1 -1 1.8805 444.9495 173.2682 498.9533 203.4279 1.5319 1.6534 4.2125 -7.4042 1.5558 38.8973 1.6924 1.3472
Car -1 -1 1.8937 415.1289 150.8662 458.2262 175.2454 1.5611 1.6362 3.9406 -11.5613 0.1535 48.2351 1.6585 0.9773
Car -1 -1 1.9362 497.2355 168.2803 538.8060 190.2045 1.4835 1.6141 3.9283 -6.4707 1.1744 50.9197 1.8098 0.0832
Car -1 -1 1.6309 545.6614 176.7149 575.4465 202.1183 1.4663 1.5917 3.8640 -3.0201 1.7134 44.1715 1.5627 -0.1243
Car -1 -1 1.7802 452.9944 162.2329 486.7558 183.8005 1.4838 1.5859 3.9515 -10.0090 0.7534 51.6263 1.5887 -0.3079
Car -1 -1 1.6765 534.8981 179.7614 571.7081 208.8978 1.4626 1.5987 3.7513 -3.0545 1.8546 39.0129 1.5984 -0.8086
Car -1 -1 -1.3134 477.0387 175.9746 519.2360 201.1431 1.4757 1.6291 4.0063 -6.9371 1.6792 44.8939 -1.4667 -0.9418
Car -1 -1 -2.9275 486.9094 159.3815 544.6733 181.3389 1.7202 1.7158 4.3040 -7.5136 0.6651 57.5607 -3.0573 -1.1512
Car -1 -1 -1.4132 485.6157 152.3216 512.4391 172.0549 1.6576 1.6807 4.1497 -9.6504 -0.0716 62.8545 -1.5656 -1.7491
