Car -1 -1 -1.9573 211.1368 197.4769 336.3760 269.8855 1.4628 1.5560 3.4453 -8.2546 2.1196 17.4945 -2.3981 13.0985
Car -1 -1 -2.1723 354.4279 163.6520 598.2655 307.6596 2.0316 1.8223 4.5576 -2.5101 1.9021 12.4164 -2.3718 10.2796
Car -1 -1 1.3731 674.8482 178.9554 762.2072 237.0878 1.4309 1.6186 4.1362 2.8858 1.6209 20.3115 1.5143 9.1387
Car -1 -1 -1.8147 62.9454 191.9546 142.3207 234.7832 1.4383 1.6026 3.8810 -19.6113 2.2235 27.7742 -2.4295 8.7322
Car -1 -1 1.5640 599.6979 178.1644 656.6456 231.4253 1.4151 1.5422 3.6244 0.4717 1.5861 21.3552 1.5861 7.9346
Car -1 -1 3.4182 274.1445 182.0022 370.0902 216.7896 1.5218 1.5854 3.7956 -13.1659 1.9538 33.0602 3.0392 6.6767
Car -1 -1 0.1463 960.6466 141.2445 1141.5334 211.5099 1.5251 1.5333 3.5356 10.5071 0.8394 17.3750 0.6902 -0.4912
Car -1 -1 -2.5697 638.8798 147.0336 711.0095 174.5964 1.4655 1.5906 3.7263 3.5513 0.0930 40.1306 -2.4814 -0.7837
Car -1 -1 -0.8119 536.4212 150.8246 595.1951 174.7213 1.5935 1.6516 4.1970 -3.0630 0.1249 50.2488 -0.8728 -1.2395
Car -1 -1 -1.9009 103.2644 160.9137 158.5274 186.7353 1.4625 1.5880 3.7477 -28.3645 0.7866 42.6343 -2.4880 -2.0825
