Car -1 -1 -1.7144 690.5702 187.0198 773.3054 251.9764 1.4830 1.6238 3.6888 3.0800 1.8956 19.1372 -1.5548 13.8425
Car -1 -1 -2.3263 949.3941 215.0430 1241.0000 374.0000 1.4409 1.5718 3.6966 3.5494 1.7871 4.0377 -1.6052 11.5615
Car -1 -1 1.7589 477.2372 184.6373 526.1503 221.4826 1.6158 1.6480 3.8291 -5.2033 2.2168 34.8295 1.6106 10.2895
Car -1 -1 -1.6863 671.7946 181.6787 733.1011 231.4253 1.5403 1.6371 4.0425 3.0836 1.8723 25.0840 -1.5640 9.2510
Car -1 -1 -3.0187 968.9053 169.1718 1155.2362 236.3390 1.5241 1.5703 3.8198 11.2669 1.4409 18.1786 -2.4639 7.4825
Car -1 -1 2.3466 0.0000 214.1779 166.9726 374.0000 1.5163 1.5875 3.8355 -4.9266 1.9015 4.7787 1.5459 7.0811
Car -1 -1 1.7106 499.8671 183.5869 538.8347 215.3054 1.6182 1.6228 3.8929 -5.0203 2.2441 40.0917 1.5860 6.4389
Car -1 -1 1.2619 423.9554 174.7542 464.7267 199.6158 1.6255 1.6374 3.8293 -11.4420 1.7618 49.5537 1.0350 3.7235
Car -1 -1 -1.6067 656.1915 178.6312 681.1962 202.1015 1.6329 1.6868 4.2042 4.2787 2.0778 53.3859 -1.5267 3.6611
Car -1 -1 -2.9100 865.1338 172.2445 999.1345 219.2670 1.4787 1.5607 3.9003 10.8371 1.4599 24.4869 -2.4933 2.1307
Car -1 -1 -3.0278 932.1819 173.1984 1086.4119 228.4138 1.4714 1.5612 3.7737 11.5130 1.4826 20.9739 -2.5258 1.6672
Car -1 -1 2.1839 0.0000 189.6930 57.4187 224.4140 1.5851 1.6163 3.8415 -30.4177 2.4912 36.8322 1.4936 0.3556
Car -1 -1 0.5151 204.7344 193.6799 259.2427 212.7056 1.4595 1.5690 3.5754 -30.4015 3.1592 58.0325 0.0325 -0.7592
Car -1 -1 2.4052 1119.7587 190.4491 1241.0000 329.1384 1.4961 1.6494 4.4560 9.1381 1.7386 8.9748 3.1996 -1.5830
