Car -1 -1 -1.9234 770.5999 181.7589 930.5445 287.1938 1.5626 1.5632 3.3519 3.9988 1.7408 12.6911 -1.6182 13.3009
Car -1 -1 -2.0619 875.7425 193.9991 1241.0000 374.0000 1.4655 1.5799 3.7378 3.9216 1.7233 6.8926 -1.5446 12.8505
Car -1 -1 1.8005 434.4184 185.0495 513.4721 237.9912 1.4598 1.6029 3.8946 -4.2389 1.8789 22.7883 1.6166 12.4684
Car -1 -1 -1.7613 734.5377 181.0880 831.3155 252.7702 1.5346 1.5937 3.8404 4.0964 1.7608 17.8386 -1.5355 10.8650
Car -1 -1 -1.7453 712.6955 178.1550 783.1790 230.2678 1.5243 1.5972 3.7248 4.3278 1.7100 23.3519 -1.5620 8.2290
Car -1 -1 1.7613 481.9234 182.6564 539.6579 224.7825 1.5017 1.5786 3.7508 -3.8919 1.9157 28.5261 1.6257 7.5730
Car -1 -1 -1.7134 694.7921 177.9711 749.5065 220.7011 1.5467 1.5944 3.7971 4.3117 1.7625 28.4756 -1.5631 7.2484
Car -1 -1 1.7316 506.7391 182.3382 554.5661 216.2394 1.4424 1.6171 3.9567 -3.6971 1.9141 33.8428 1.6228 6.4685
Car -1 -1 1.7172 554.3961 177.5021 586.7038 202.0377 1.6074 1.6592 4.1475 -2.7306 1.9451 50.2200 1.6629 5.3542
Car -1 -1 -1.6738 686.7664 175.9481 723.2453 207.5194 1.6180 1.5993 3.5009 5.0670 1.7936 39.0923 -1.5449 3.9760
Car -1 -1 -0.7181 317.4360 167.1055 410.9161 205.2724 1.4719 1.5677 3.4705 -10.0952 1.2505 29.7167 -1.0455 2.1317
Car -1 -1 2.0023 441.6050 170.4231 498.2496 198.1391 1.4724 1.6177 3.9374 -7.8176 1.3436 40.4334 1.8113 1.5860
Car -1 -1 1.8503 379.4953 162.3518 428.1188 189.7144 1.4745 1.6222 3.9431 -11.6435 0.9089 40.8517 1.5727 1.3115
Car -1 -1 0.4790 381.6242 167.8654 431.6658 185.5026 1.4753 1.5915 3.8014 -17.3472 1.0584 61.5176 0.2041 -0.8420
