Car -1 -1 -1.8245 765.9781 183.7935 931.1047 294.8768 1.5271 1.6537 4.0392 3.8050 1.7463 12.3759 -1.5262 13.6423
Car -1 -1 -2.0349 856.1617 193.9358 1241.0000 374.0000 1.5132 1.6169 3.9597 3.6065 1.7644 6.5711 -1.5330 13.4531
Car -1 -1 1.8049 429.7233 182.3723 512.6957 240.9451 1.5987 1.6418 3.9750 -4.2382 1.9209 22.3724 1.6177 12.9045
Car -1 -1 1.7432 478.4624 181.7783 538.4088 227.9955 1.5893 1.6221 3.8766 -3.8395 1.9545 27.5321 1.6046 8.5184
Car -1 -1 -1.6220 694.6225 175.3593 729.4119 207.4772 1.7016 1.7147 4.4108 5.6865 1.8517 40.8504 -1.4837 7.3173
Car -1 -1 1.7322 507.3109 184.0244 557.0615 220.3867 1.4869 1.6183 4.0718 -3.5147 2.0281 32.8548 1.6256 5.2005
Car -1 -1 1.7197 527.0356 181.3373 570.1284 213.8941 1.5367 1.6369 4.0015 -3.1435 1.9982 37.1720 1.6354 4.3590
Car -1 -1 1.6499 596.4454 180.2054 618.7257 198.0851 1.4899 1.6594 4.0736 -0.2044 2.1630 63.9379 1.6467 3.3128
Car -1 -1 3.5952 146.2311 185.8179 278.6160 228.6013 1.5190 1.6372 4.0463 -14.8860 2.0225 27.0869 3.0927 1.5865
Car -1 -1 -2.3207 1221.1167 151.9379 1241.0000 204.3647 1.4866 1.6180 4.1405 21.5891 0.8938 22.5380 -1.5568 1.3717
Car -1 -1 -1.8585 388.7240 174.2277 440.3169 205.1368 1.5013 1.5874 3.6560 -10.1544 1.5762 37.1913 -2.1251 0.0210
Car -1 -1 2.3903 276.2154 174.4516 381.7882 216.4774 1.4596 1.5514 3.6201 -10.5323 1.5245 27.1735 2.0205 -0.2979
Car -1 -1 1.7704 359.5119 172.0531 392.7447 193.7346 1.7588 1.7512 4.8322 -19.7468 1.6942 61.0277 1.4575 -1.9026
