Car -1 -1 -1.8544 766.2649 190.2919 941.1587 300.2026 1.4002 1.5948 3.9481 3.6961 1.7341 11.8096 -1.5511 12.6362
Car -1 -1 1.7782 473.0111 187.2030 535.5068 234.4339 1.6018 1.6196 3.7710 -4.0053 2.1891 27.5753 1.6340 12.1385
Car -1 -1 -1.7428 728.4473 183.2669 829.9661 258.1653 1.5412 1.6620 4.2780 3.9319 1.8274 17.6257 -1.5233 11.6620
Car -1 -1 1.7358 505.2023 187.3020 555.8368 224.6305 1.5135 1.6516 4.0645 -3.5983 2.2149 32.9344 1.6269 6.5530
Car -1 -1 -3.1092 1012.3107 171.4326 1231.3508 241.7502 1.4494 1.6045 3.9769 11.6428 1.4205 16.7019 -2.5005 4.7418
Car -1 -1 1.6651 604.3715 183.3294 625.7064 199.8347 1.4724 1.6506 4.3995 0.4993 2.5151 69.5214 1.6723 3.7348
Car -1 -1 -0.0691 1141.2211 173.5897 1241.0000 268.3473 1.4671 1.5972 4.1038 12.1926 1.4828 13.1094 0.6801 3.5992
Car -1 -1 1.5588 432.5444 173.7037 462.2189 203.2952 1.6599 1.6367 3.9793 -9.6865 1.7130 42.7181 1.3358 3.1966
Car -1 -1 -1.6222 691.9615 180.3247 722.2837 207.4517 1.5989 1.6854 4.3163 6.1093 2.0982 45.9663 -1.4900 2.8987
Car -1 -1 1.7072 527.3532 186.8250 569.4859 219.1297 1.5205 1.6513 4.2170 -3.2169 2.2977 37.9660 1.6226 1.9261
Car -1 -1 1.6461 543.0099 185.3753 576.0236 214.5868 1.5644 1.6362 4.0787 -2.9566 2.3367 42.4355 1.5765 1.0874
Car -1 -1 3.4553 283.8188 191.9742 380.6536 226.6256 1.4702 1.5973 3.7623 -12.4917 2.3556 32.4992 3.0884 -2.1860
