Car -1 -1 -1.8805 755.3858 182.7089 937.8638 299.4728 1.5261 1.6037 4.0283 3.5639 1.7153 11.7967 -1.5871 13.8871
Car -1 -1 1.9657 198.6713 189.0645 402.1665 309.3646 1.5193 1.5921 3.8562 -4.7439 1.8229 11.5630 1.5764 13.2630
Car -1 -1 1.8579 337.2546 185.7638 463.4490 263.1254 1.5009 1.6632 4.2853 -4.7645 1.8416 16.8665 1.5826 12.7247
Car -1 -1 -2.0534 864.0583 192.8317 1241.0000 374.0000 1.4716 1.5771 3.7905 3.6592 1.7061 6.5384 -1.5432 12.3438
Car -1 -1 -1.7778 721.3552 180.4997 825.1888 254.8517 1.5080 1.5924 3.7932 3.6438 1.7079 16.9230 -1.5658 10.8971
Car -1 -1 1.7471 490.6923 179.1465 538.2380 214.6451 1.4964 1.5632 3.4422 -4.3262 1.7981 32.7898 1.6160 10.7793
Car -1 -1 -1.7220 705.7130 180.3411 777.9911 235.9333 1.5404 1.6286 3.8389 3.9598 1.7939 22.4505 -1.5475 9.7678
Car -1 -1 2.2432 0.0000 207.1837 246.5193 374.0000 1.4507 1.5997 3.8435 -4.8256 1.8273 5.9780 1.5641 9.4847
Car -1 -1 -1.7349 689.2533 177.2541 747.9289 220.9322 1.5478 1.6173 3.8653 4.0796 1.7303 27.9064 -1.5897 8.1787
Car -1 -1 1.7373 510.6811 177.7419 553.2202 210.2154 1.5681 1.5936 3.7218 -4.0207 1.8342 37.3177 1.6299 6.8999
Car -1 -1 0.2188 443.5067 161.1442 495.4958 181.0647 1.6302 1.6377 3.9780 -11.6632 0.6723 59.9163 0.0266 0.1002
