Car -1 -1 -2.0077 791.4930 178.7757 1125.9439 374.0000 1.4841 1.5610 3.5094 3.0519 1.5586 7.2529 -1.6095 13.4132
Car -1 -1 2.0594 74.8002 182.9734 326.6250 312.9517 1.5343 1.5923 3.8475 -5.8127 1.7124 10.7442 1.5635 13.3455
Car -1 -1 2.2929 0.0000 194.6104 164.7609 374.0000 1.5096 1.5461 3.5380 -5.6538 1.7480 6.1024 1.5456 8.9684
Car -1 -1 1.1269 466.8778 176.5229 523.5787 205.0700 1.4114 1.5368 3.6392 -6.1397 1.6154 38.1034 0.9671 7.7287
Car -1 -1 2.7535 673.1656 170.3954 725.7492 189.2730 1.4575 1.5380 3.8209 7.0273 1.2681 56.9504 2.8763 4.6357
Car -1 -1 -1.8457 743.1394 152.7480 808.7936 195.5408 1.5851 1.5891 3.6525 6.4533 0.8407 28.5895 -1.6237 2.9728
Car -1 -1 2.1064 553.2640 173.9017 596.9042 194.5724 1.4659 1.5703 3.6724 -2.5714 1.5466 53.3565 2.0582 1.2045
Car -1 -1 1.8327 429.6446 181.6620 467.7856 203.7196 1.4784 1.6536 4.2417 -11.6490 2.1427 52.2324 1.6132 0.0476
Car -1 -1 0.8318 353.0119 177.5778 417.1133 202.9839 1.4689 1.5830 3.7964 -13.7521 1.7679 43.9652 0.5287 -0.1459
Car -1 -1 -1.6897 706.0875 178.2858 734.6714 200.3307 1.4892 1.5632 3.9222 7.8421 1.8937 51.7018 -1.5392 -0.2392
Car -1 -1 -2.6532 223.5135 160.4034 356.2406 209.7646 1.7150 1.6762 4.0705 -11.5377 1.2827 26.0468 -3.0702 -1.4059
