Car -1 -1 2.0252 62.7058 192.6876 365.7588 346.2973 1.4677 1.6630 4.5380 -4.9301 1.7991 9.7602 1.5574 14.5667
Car -1 -1 -1.8000 732.4865 180.8019 852.2649 266.0890 1.5395 1.6052 3.7224 3.6460 1.7282 15.2348 -1.5651 13.1745
Car -1 -1 -1.9095 778.2066 183.1948 1004.9607 325.7526 1.5003 1.5880 3.8127 3.4622 1.6681 9.7751 -1.5691 12.8833
Car -1 -1 1.7873 444.0549 179.5412 507.3145 225.6586 1.4982 1.5277 3.3295 -4.7415 1.7517 25.6168 1.6043 12.0096
Car -1 -1 -1.7892 701.9305 178.6514 789.4537 238.8331 1.5363 1.6220 4.0311 3.7556 1.7207 20.8571 -1.6110 11.5519
Car -1 -1 -2.2469 891.5723 197.0562 1241.0000 374.0000 1.4385 1.5606 3.9534 3.4702 1.6687 4.8333 -1.6242 9.6332
Car -1 -1 1.7589 473.8564 178.0018 528.0035 218.4807 1.5662 1.5842 3.6830 -4.5484 1.7959 30.2623 1.6097 8.6001
Car -1 -1 2.3285 0.0000 208.3491 160.0047 374.0000 1.4382 1.5544 3.6520 -4.7739 1.7562 4.5941 1.5239 7.9928
Car -1 -1 -1.7190 695.2411 176.2345 754.2252 222.4426 1.5638 1.5997 3.6738 4.0996 1.6971 26.5266 -1.5657 6.2506
Car -1 -1 -3.1759 656.7533 174.9359 706.2209 191.6609 1.4573 1.6192 4.3144 6.2926 1.6452 64.0467 -3.0780 5.6265
Car -1 -1 0.7753 0.0000 180.8934 135.5501 232.7719 1.4606 1.5990 3.8766 -16.6761 1.7136 21.6526 0.1190 1.3847
Car -1 -1 1.7458 447.3618 163.2735 482.0522 186.7421 1.4749 1.5775 3.8906 -9.5100 0.8732 47.3055 1.5475 -0.1423
Car -1 -1 -1.7876 728.3155 163.0792 764.6746 186.3197 1.4610 1.5757 3.6813 8.8564 0.8468 47.2193 -1.6022 -0.8533
