Pedestrian -1 -1 -2.8337 563.4720 152.7226 687.8809 345.9229 1.6798 0.5261 1.0460 0.1428 1.4387 6.5661 -2.8110 2.5118
Pedestrian -1 -1 -2.4896 604.4907 135.2349 738.7479 369.0000 1.8120 0.5102 0.9383 0.4582 1.4864 5.5967 -2.4104 2.0531
Pedestrian -1 -1 -4.7884 521.4460 136.4490 551.2378 207.0605 1.9144 0.7506 1.0556 -1.9668 0.7204 19.7534 -4.8839 1.3365
Pedestrian -1 -1 -5.3777 497.5297 127.8067 645.7645 369.0000 1.8237 0.6439 0.9431 -0.3188 1.4778 5.2143 -5.4332 1.2488
Pedestrian -1 -1 -6.9580 1022.1722 122.4031 1223.0000 369.0000 1.6891 0.6258 0.7126 2.3561 1.4572 3.1677 -6.3624 0.9587
Pedestrian -1 -1 -5.0645 547.2216 142.3048 582.4888 226.6973 1.8265 0.6206 0.5759 -0.9387 1.0002 15.6904 -5.1209 0.7988
Cyclist -1 -1 -3.8786 425.2799 145.7845 464.9860 186.1958 1.8171 0.6100 1.8651 -7.4063 0.2563 32.7305 -4.0969 0.6943
Pedestrian -1 -1 -5.8375 259.3346 158.1849 288.1488 204.7325 1.6898 0.6676 0.7437 -12.2088 0.8800 26.0071 -6.2697 0.0736
Pedestrian -1 -1 -3.9932 483.9967 141.3233 509.1489 183.6948 1.8289 0.6971 0.8621 -4.7858 0.1381 31.0692 -4.1422 -0.0995
Pedestrian -1 -1 -8.1783 340.3912 153.0685 365.3107 194.3452 1.7695 0.7507 0.9984 -11.0594 0.5937 30.9346 -8.5163 -0.5610
Pedestrian -1 -1 -4.4757 473.9727 142.8690 492.7548 184.1331 1.8242 0.6326 0.9151 -5.4773 0.1608 31.7357 -4.6428 -0.7355
Car -1 -1 -8.2866 552.5026 169.0930 629.3000 208.7128 1.5062 1.6261 3.9767 -0.6834 1.0728 29.0228 -8.3081 -0.7567
Pedestrian -1 -1 -7.4065 456.4964 144.1509 477.9793 185.9769 1.8341 0.6249 0.8672 -6.1568 0.2404 31.5033 -7.5955 -0.7685
Pedestrian -1 -1 -4.6708 592.7031 141.9056 617.6089 209.1090 1.8038 0.6480 0.9267 -0.0272 0.7682 19.4547 -4.6700 -1.2043
Pedestrian -1 -1 -4.3464 549.0549 138.5609 579.6909 206.9567 1.8385 0.6204 0.7324 -1.1515 0.7115 19.4495 -4.4024 -1.2945
Pedestrian -1 -1 -4.7955 110.0854 145.2932 161.5099 259.3921 1.8090 0.6495 0.9017 -7.8627 1.2512 11.7653 -5.3702 -1.5022
Pedestrian -1 -1 -4.5750 68.4753 152.9603 102.8419 219.3376 1.7917 0.6712 0.7069 -14.3909 1.0486 19.5543 -5.1997 -1.5383
Pedestrian -1 -1 -2.3677 292.8989 142.2895 323.4090 204.8680 1.8457 0.5747 0.6205 -8.9496 0.7190 21.2360 -2.7590 -1.5952
Car -1 -1 -8.0047 164.4806 168.6122 260.9070 231.2462 1.4183 1.6183 3.7224 -10.0856 1.1495 17.9813 -8.5064 -1.6682
Pedestrian -1 -1 -7.9870 260.8932 157.5413 279.7448 202.0096 1.7556 0.6136 0.5807 -13.4364 0.8494 28.3246 -8.4236 -1.6940
Car -1 -1 -7.2144 86.4873 151.4597 198.7517 195.9839 1.6559 1.6812 4.0237 -18.4212 0.5761 28.3625 -7.7833 -1.6975
Car -1 -1 -7.4940 0.0000 132.4491 261.5257 359.0100 1.6914 1.6774 3.8316 -5.0149 1.3331 7.3304 -8.0719 -1.8381
Pedestrian -1 -1 -4.3611 237.9455 158.1181 264.5199 207.1834 1.7365 0.6705 0.6453 -12.7239 0.9446 25.3804 -4.8189 -1.9377
Car -1 -1 -2.9963 250.0089 170.2558 407.6304 224.5332 1.3564 1.5463 3.7149 -7.2635 1.1007 18.8210 -3.3570 -1.9652
