Pedestrian -1 -1 -2.6959 381.8428 147.0262 517.1973 342.6970 1.7666 0.5960 1.1253 -1.5370 1.4648 6.8043 -2.9064 3.6125
Cyclist -1 -1 -3.8368 375.6282 144.4044 419.1750 187.0485 1.7716 0.6253 1.8076 -8.9033 0.2723 30.2969 -4.1176 1.6534
Pedestrian -1 -1 -5.0878 570.2599 140.8673 610.3488 230.9699 1.7613 0.5862 0.7151 -0.3488 0.9870 14.2646 -5.1095 1.2098
Pedestrian -1 -1 -5.6796 747.8091 117.0914 902.5670 369.0000 1.7405 0.5660 0.7879 1.3725 1.3684 4.6382 -5.4075 0.8226
Pedestrian -1 -1 -4.6002 557.5411 143.5001 583.4826 213.9722 1.7809 0.6137 0.4893 -0.9215 0.8462 18.1318 -4.6480 0.6131
Pedestrian -1 -1 -5.0415 603.0857 146.1659 636.7688 215.1330 1.7418 0.6970 0.6492 0.3399 0.8750 18.2716 -5.0212 0.5473
Pedestrian -1 -1 -2.5163 660.9183 106.2183 828.9225 369.0000 1.7832 0.6150 0.8410 0.8153 1.3684 4.4687 -2.3455 0.5015
Pedestrian -1 -1 -4.8494 525.8329 140.6981 552.5572 213.3142 1.8363 0.6091 0.6104 -1.7435 0.8301 18.2461 -4.9408 0.0832
Car -1 -1 -2.8073 464.4818 168.9609 565.0621 201.4209 1.4680 1.6090 4.4046 -4.2379 0.9463 33.2228 -2.9311 -0.8427
Pedestrian -1 -1 -4.0736 256.2075 150.6091 282.1713 195.3857 1.7703 0.6013 0.7686 -13.5057 0.5887 28.3900 -4.5113 -0.9630
Pedestrian -1 -1 -7.9694 301.4655 143.7080 326.8762 206.7875 1.8591 0.6342 0.7058 -8.8014 0.7751 21.3005 -8.3538 -0.9909
Car -1 -1 -5.7646 455.9642 163.9702 547.1658 194.6584 1.5384 1.6533 4.5016 -5.4387 0.7099 37.0384 -5.9073 -1.2214
Cyclist -1 -1 -3.8502 481.3369 140.2689 523.0027 187.1290 1.8740 0.6408 1.6861 -4.2496 0.2653 29.1201 -3.9914 -1.2774
Pedestrian -1 -1 -6.4288 266.2965 156.6604 287.2219 202.9276 1.6685 0.6321 0.6137 -12.0700 0.8090 25.9296 -6.8577 -1.3060
Pedestrian -1 -1 -7.5515 462.3361 143.9189 483.2373 185.1276 1.7803 0.6695 0.8764 -5.8193 0.2001 31.0211 -7.7329 -1.8794
Pedestrian -1 -1 -7.8661 16.7101 155.2695 50.4361 221.3174 1.7311 0.6961 0.8710 -15.4648 1.0702 19.0896 -8.5368 -1.9558
