Pedestrian -1 -1 -5.6195 440.7631 148.7368 598.9974 369.0000 1.7424 0.6771 1.0526 -0.7307 1.5161 5.6095 -5.7401 2.5480
Pedestrian -1 -1 -5.4557 528.8552 137.4674 653.5307 357.9615 1.8242 0.5721 1.0462 -0.1973 1.4686 6.4243 -5.4830 2.0922
Pedestrian -1 -1 -7.5093 151.3476 153.8396 184.0082 213.6551 1.7821 0.6614 0.6452 -13.2938 0.9881 21.4477 -8.0555 0.9766
Pedestrian -1 -1 -2.8144 230.3833 148.0418 270.7844 210.2217 1.8140 0.8133 0.8588 -10.5938 0.8674 21.0860 -3.2719 0.9449
Pedestrian -1 -1 -4.9116 487.6654 138.9099 515.2471 203.6202 1.8750 0.6267 1.0102 -3.1299 0.6702 21.0680 -5.0547 0.9422
Pedestrian -1 -1 -5.8928 258.0952 156.8992 287.4645 205.3845 1.7502 0.7097 0.7592 -12.1901 0.8985 25.8939 -6.3261 0.8447
Pedestrian -1 -1 -4.3957 538.3172 142.1088 563.8724 194.8452 1.8141 0.6501 0.8885 -1.9192 0.4937 24.8318 -4.4697 0.3728
Pedestrian -1 -1 -4.7819 565.1197 145.3043 584.2896 196.6750 1.7229 0.6045 0.7159 -1.0705 0.5427 24.1023 -4.8236 -0.0933
Pedestrian -1 -1 -8.0731 297.4139 145.0633 324.9611 205.6079 1.7838 0.6164 0.7769 -8.9018 0.7400 21.3262 -8.4611 -0.3431
Pedestrian -1 -1 -4.4700 517.1827 140.8866 539.4186 194.4612 1.8628 0.6187 0.7515 -2.7389 0.4857 24.9987 -4.5756 -0.6902
Pedestrian -1 -1 -7.8818 261.7007 154.2763 278.6972 199.2953 1.7779 0.6016 0.6150 -13.4459 0.7425 28.3333 -8.3186 -1.2760
Pedestrian -1 -1 -7.7229 353.1566 146.0760 372.2655 188.2575 1.7867 0.6827 0.7489 -10.4306 0.3288 30.3821 -8.0482 -1.2865
Pedestrian -1 -1 -4.4694 341.0631 146.8113 361.9632 188.0181 1.7661 0.6637 0.8716 -11.0491 0.3224 30.7693 -4.8087 -2.0255
