Cyclist -1 -1 -4.2711 456.3388 142.2981 490.5158 192.7545 1.8269 0.5478 1.7846 -4.9487 0.4440 26.5335 -4.4512 2.3379
Pedestrian -1 -1 -5.6048 570.9333 132.8791 742.0072 369.0000 1.7645 0.7460 0.9760 0.3062 1.4628 5.0908 -5.5463 1.6973
Pedestrian -1 -1 -2.5016 653.1828 138.6008 792.8853 369.0000 1.8116 0.5832 0.9220 0.8639 1.5123 5.5903 -2.3546 1.6609
Pedestrian -1 -1 -4.9417 503.5416 139.9181 532.1356 209.3809 1.8596 0.5903 0.9092 -2.4445 0.7735 19.4567 -5.0625 1.1529
Pedestrian -1 -1 -4.6450 539.4435 141.4163 560.8218 195.4984 1.7453 0.6435 0.8676 -1.8325 0.4843 23.2543 -4.7204 0.6745
Pedestrian -1 -1 -5.4058 293.3404 140.8240 401.6666 329.8205 1.7792 0.6538 0.8273 -2.6537 1.4062 7.1490 -5.7450 0.5179
Pedestrian -1 -1 -5.3034 220.2579 151.5156 338.1361 350.1193 1.7278 0.5900 0.9387 -3.1206 1.4761 6.6506 -5.7222 0.3370
Pedestrian -1 -1 -4.7574 570.5857 141.1910 591.9543 198.1827 1.7986 0.6568 0.6157 -0.7996 0.5583 22.6456 -4.7900 0.3277
Cyclist -1 -1 -4.1804 526.7937 141.9574 558.6240 184.9237 1.8464 0.5998 1.7451 -2.7669 0.1903 31.3010 -4.2656 -0.1044
Pedestrian -1 -1 -4.5359 104.3990 144.6988 162.4511 260.6084 1.8448 0.6509 0.8886 -7.8904 1.2754 11.7893 -5.1113 -0.8988
Pedestrian -1 -1 -4.5162 511.5025 137.8688 535.4708 195.7285 1.8778 0.6490 0.7662 -2.7210 0.4945 23.3564 -4.6284 -0.9265
Pedestrian -1 -1 -3.0720 1148.2699 182.4281 1223.0000 369.0000 1.2824 0.5269 0.5050 3.3663 1.2948 4.0123 -2.4098 -1.0612
Pedestrian -1 -1 -7.9484 267.0360 156.6499 287.9674 204.0814 1.7109 0.6435 0.6261 -12.0456 0.8508 25.9353 -8.3765 -1.0880
Pedestrian -1 -1 -5.0007 295.3027 147.1631 326.4048 210.7293 1.8700 0.6364 0.9175 -8.9253 0.8896 21.3569 -5.3893 -1.7270
Car -1 -1 -5.8472 469.3147 161.7773 558.0068 191.0946 1.4695 1.6063 4.3123 -4.7722 0.5312 36.8629 -5.9729 -2.0134
