Pedestrian -1 -1 -5.2993 690.0786 138.4510 765.0225 278.0918 1.7914 0.6283 0.8562 1.5962 1.2524 9.5903 -5.1376 2.3560
Pedestrian -1 -1 -4.8495 551.9351 134.1960 590.3154 235.0461 1.8872 0.6223 0.9296 -0.7162 1.0211 13.7451 -4.8982 1.4578
Pedestrian -1 -1 -5.0057 667.4860 147.3568 704.2130 230.3324 1.6388 0.5813 0.6242 1.5852 0.9846 14.3242 -4.8958 1.4141
Pedestrian -1 -1 -4.9749 606.9384 139.3797 650.2742 232.6069 1.7704 0.7145 0.5925 0.4075 0.9899 13.7977 -4.9439 1.2286
Cyclist -1 -1 -3.6891 382.8118 143.2879 433.9467 196.8321 1.8594 0.6266 1.6886 -7.0756 0.5674 25.3817 -3.9556 0.1667
Pedestrian -1 -1 -4.9294 299.1949 142.4595 327.0581 205.3555 1.8530 0.6371 0.7301 -8.8373 0.7326 21.3124 -5.3151 -0.1381
Pedestrian -1 -1 -4.8279 516.1899 145.7360 532.8353 183.9146 1.8344 0.7062 0.9249 -3.9518 0.1642 34.5021 -4.9388 -0.1780
Pedestrian -1 -1 -4.2400 421.6701 141.9003 447.7903 191.6633 1.9056 0.6281 0.9474 -6.6707 0.4277 27.6099 -4.4723 -0.1947
Pedestrian -1 -1 -6.0793 290.0094 147.1198 314.6943 190.3279 1.7900 0.6233 0.8423 -12.7233 0.4074 29.6790 -6.4783 -0.5262
Pedestrian -1 -1 -7.7307 240.0115 158.4481 262.5122 207.0692 1.7168 0.6464 0.6359 -12.7190 0.9384 25.3721 -8.1884 -0.8535
Pedestrian -1 -1 -7.7083 493.4478 144.4393 509.3087 181.4683 1.8077 0.6697 0.7648 -5.1299 0.0474 34.9005 -7.8507 -0.8869
Pedestrian -1 -1 -6.5900 266.1568 156.8895 287.5369 204.0327 1.6998 0.6119 0.5539 -12.0551 0.8487 25.9061 -7.0188 -1.0018
Pedestrian -1 -1 -4.6992 110.4871 145.4036 158.7692 259.0291 1.7966 0.6451 0.9528 -7.8496 1.2420 11.7544 -5.2735 -1.6709
Pedestrian -1 -1 -4.5813 344.7086 145.8949 363.5518 187.7551 1.7928 0.6809 0.7197 -10.9130 0.3109 30.7029 -4.9174 -1.8302
