Pedestrian -1 -1 -5.6908 967.2978 130.5948 1142.2059 369.0000 1.7803 0.5778 0.9539 3.3052 1.4426 5.3461 -5.1612 2.1842
Pedestrian -1 -1 -5.0158 661.4576 143.0204 725.0955 276.0718 1.7586 0.6710 0.7638 1.1553 1.2636 9.7829 -4.8999 1.9594
Pedestrian -1 -1 -5.3650 758.2836 147.9635 815.7955 262.4478 1.6920 0.6586 0.5422 2.7328 1.2115 10.8297 -5.1227 1.6414
Pedestrian -1 -1 -4.4817 609.3807 135.2493 673.8550 274.2050 1.8366 0.7229 0.8621 0.4730 1.2389 9.8592 -4.4332 0.9291
Pedestrian -1 -1 -7.0989 463.1410 142.8954 488.2450 186.7493 1.8486 0.6280 0.8788 -5.5713 0.2636 30.3445 -7.2765 0.4508
Pedestrian -1 -1 -4.7129 72.9476 152.9588 103.4720 218.9685 1.8123 0.6840 0.8071 -14.6050 1.0565 19.9397 -5.3355 0.3108
Pedestrian -1 -1 -4.4561 432.8925 144.9375 452.3803 186.0000 1.8566 0.6753 0.8516 -7.4583 0.2489 32.4054 -4.6780 -0.1246
Pedestrian -1 -1 -7.8852 300.7941 143.5249 326.6177 206.2316 1.8472 0.6995 0.8230 -8.8354 0.7583 21.3458 -8.2702 -0.2523
Cyclist -1 -1 -3.0791 244.4504 151.0718 310.7846 209.9937 1.7663 0.6549 1.8183 -10.1124 0.8844 21.8251 -3.5054 -0.5635
Pedestrian -1 -1 -4.7143 111.1361 145.4022 160.0360 259.3855 1.8085 0.6571 0.8948 -7.8540 1.2520 11.7724 -5.2882 -0.6161
Pedestrian -1 -1 -4.4204 360.0397 146.8316 386.9395 199.5068 1.8187 0.6544 0.9406 -8.1727 0.6565 24.8887 -4.7318 -0.7323
Pedestrian -1 -1 -7.4472 454.2792 146.4130 475.6639 185.7517 1.7506 0.6247 0.9460 -6.3533 0.2339 31.9933 -7.6391 -0.7950
Pedestrian -1 -1 -3.9733 332.1398 146.4953 361.6720 197.2197 1.7931 0.6445 0.7766 -9.3264 0.5913 25.4765 -4.3180 -0.8997
Car -1 -1 -7.3573 0.0000 133.6078 246.1895 353.2577 1.6878 1.6512 3.9118 -5.4752 1.3279 7.4698 -7.9677 -1.0106
Cyclist -1 -1 -7.2410 227.9353 159.9560 275.0676 207.4441 1.6535 0.6211 1.7539 -12.7698 0.9384 25.5329 -7.6978 -1.4927
Cyclist -1 -1 -8.0430 544.2976 144.1385 564.4391 184.8877 1.7892 0.5898 1.7556 -2.3234 0.1928 31.9682 -8.1127 -1.8752
Cyclist -1 -1 -7.6307 256.1182 160.0294 277.5066 202.4891 1.6382 0.4030 1.6608 -13.4721 0.8486 28.1343 -8.0709 -1.9408
Car -1 -1 -3.9841 103.6194 159.2314 214.8353 200.7944 1.5823 1.6490 3.9268 -18.1668 0.7729 28.9951 -4.5369 -1.9716
