Car -1 -1 -7.8316 697.3925 174.9628 751.2335 227.9743 1.5596 1.5730 3.4418 3.8147 1.3970 22.6397 -7.6654 2.4408
Car -1 -1 -8.1722 778.4101 180.4908 994.4789 311.4001 1.5663 1.6269 4.2251 3.8387 1.5666 10.5892 -7.8323 2.3976
Car -1 -1 -4.1865 240.2844 174.4375 343.1911 226.3253 1.7671 1.6243 4.1072 -11.5036 1.5609 26.2142 -4.5939 1.9597
Car -1 -1 -8.4234 887.6978 189.3746 1223.0000 369.0000 1.5320 1.5729 3.6845 3.3414 1.6153 4.7459 -7.8390 1.5786
Car -1 -1 -7.9268 687.9671 175.0321 737.1664 218.8490 1.6011 1.6297 3.6333 4.1216 1.4016 27.7091 -7.7792 1.5371
Car -1 -1 -7.9357 676.1114 178.6490 716.8435 212.1803 1.4984 1.6031 3.7311 4.2577 1.4159 33.4953 -7.8089 0.9626
Car -1 -1 -4.4665 496.0068 177.7047 528.5519 197.0121 1.5157 1.6652 4.1484 -7.5068 1.2963 57.6656 -4.5936 0.5269
Car -1 -1 -7.9207 658.3182 175.8287 684.1311 198.3411 1.5446 1.5814 3.7678 4.6883 1.2242 50.4171 -7.8269 0.2061
Car -1 -1 -7.9458 665.3289 178.0477 700.3724 206.8005 1.5048 1.5825 3.5894 4.2145 1.3766 38.8132 -7.8369 0.0588
Pedestrian -1 -1 -7.4567 1024.9336 174.2283 1051.1085 224.7332 1.6226 0.4917 0.7223 14.1291 1.4214 23.1266 -6.9128 -0.8685
Pedestrian -1 -1 -7.1631 944.1819 168.1875 990.1763 249.6254 1.6447 0.5888 0.6224 7.4667 1.3964 14.6748 -6.6995 -1.0500
Pedestrian -1 -1 -7.0071 976.1578 179.5898 1023.1438 257.9876 1.4546 0.4547 0.6376 7.4337 1.4381 13.4117 -6.5094 -1.1725
Pedestrian -1 -1 -4.1592 805.8234 158.8276 822.6331 207.8318 1.9792 0.5198 0.4117 8.5203 1.1041 28.8868 -3.8737 -1.2451
Pedestrian -1 -1 -7.8416 1033.5095 154.4842 1046.7736 183.2703 1.7903 0.7029 0.7236 27.3612 0.1724 44.4679 -7.2915 -1.3281
Car -1 -1 -7.8941 710.0300 169.1030 737.7745 196.0600 1.7079 1.6490 3.9701 7.8372 0.9859 46.8681 -7.7279 -1.5823
Car -1 -1 -4.6063 186.4486 168.7303 233.3154 202.3912 1.5771 1.6084 3.9719 -19.6570 1.0258 35.2688 -5.1091 -1.6419
Cyclist -1 -1 -7.6975 815.0897 166.1468 830.1406 204.0110 1.6722 0.3896 1.7485 9.8630 1.0385 32.0961 -7.4005 -1.6557
Cyclist -1 -1 -7.9932 941.8282 168.9719 974.7802 248.1520 1.6594 0.3960 1.7616 7.7881 1.4181 15.7165 -7.5396 -1.7443
Pedestrian -1 -1 -8.0797 984.8536 169.3555 1007.2656 217.7724 1.7407 0.6101 0.5237 14.2080 1.3403 25.7546 -7.5792 -1.7814
Car -1 -1 -1.8628 0.0000 201.0051 152.5956 369.0000 1.4726 1.5998 3.8262 -4.9061 1.6515 4.5468 -2.6502 -1.8184
Pedestrian -1 -1 -5.0632 1030.3367 182.6803 1075.8069 269.1444 1.4014 0.5134 0.4416 7.3822 1.4388 11.7405 -4.5124 -1.9042
Pedestrian -1 -1 -7.9294 212.3864 157.8447 230.7587 200.9047 2.0319 0.7268 0.6837 -18.3772 0.9630 33.8475 -8.4210 -1.9604
Pedestrian -1 -1 -6.9813 1194.4298 140.4871 1220.7145 176.3401 1.7830 0.7139 0.7147 30.3175 -0.2114 35.6036 -6.2786 -1.9606
Pedestrian -1 -1 -8.3834 1134.9393 166.1500 1167.3143 231.3443 1.6465 0.4903 0.4584 13.9439 1.2844 18.1135 -7.7342 -1.9635
Car -1 -1 -7.9796 1012.4247 155.3858 1050.2703 180.9860 1.5968 1.6254 3.9388 27.8163 0.0304 46.2324 -7.4392 -1.9664
Pedestrian -1 -1 -7.5224 1163.7317 146.2654 1187.1628 199.2608 1.8875 0.5578 0.4047 20.5613 0.6685 25.5268 -6.8488 -1.9678
Pedestrian -1 -1 -8.6474 992.3284 172.2732 1021.6695 220.5551 1.6498 0.5486 0.7023 13.9336 1.3690 24.5741 -8.1356 -1.9869
Cyclist -1 -1 -6.3370 813.9767 166.6885 860.3253 215.5848 1.8344 0.6349 1.6495 8.8330 1.3165 27.0441 -6.0231 -2.0373
Car -1 -1 -7.8730 884.8303 163.6190 923.7150 197.6584 1.5211 1.6141 3.7640 14.1626 0.7669 33.6427 -7.4762 -2.1466
