Car -1 -1 -8.1177 853.3137 185.8505 1029.1549 297.8702 1.4351 1.5423 3.4722 4.9836 1.5330 11.0646 -7.7036 2.5996
Car -1 -1 -8.0587 829.3706 175.6655 943.6520 249.8199 1.5420 1.6604 4.1610 6.5047 1.4418 16.8883 -7.6957 1.9708
Car -1 -1 -7.8656 792.5004 174.0466 835.6285 213.9714 1.5185 1.5851 3.7721 8.4858 1.2733 28.9209 -7.5816 1.7989
Car -1 -1 -4.3183 522.0253 167.3874 572.0214 198.5089 1.8017 1.6164 4.0049 -3.4834 1.0427 43.0878 -4.3966 1.7466
Car -1 -1 -8.0003 778.4876 174.5601 817.3820 202.4826 1.4840 1.5702 3.6367 10.7065 1.1685 39.4767 -7.7359 0.1412
Car -1 -1 -8.0005 786.9660 173.3414 832.3270 206.7302 1.5084 1.5789 3.4539 9.6920 1.1852 33.7591 -7.7218 -0.2612
Car -1 -1 -8.1006 765.9011 171.6111 806.4947 198.2255 1.6200 1.6122 3.7954 11.4554 1.0790 44.9377 -7.8511 -0.8741
Car -1 -1 -7.9614 766.5176 170.6848 793.3058 191.4553 1.5921 1.6583 3.8535 13.8771 0.8397 56.2167 -7.7191 -0.9457
Pedestrian -1 -1 -4.3710 427.5097 173.0790 465.2930 261.1964 1.6156 0.5524 0.5071 -3.0137 1.4799 13.2495 -4.5877 -1.0361
Pedestrian -1 -1 -8.2323 1147.2506 162.0720 1170.0658 199.4853 1.7913 0.6770 0.6476 26.7996 0.9092 34.2586 -7.5714 -1.2502
Pedestrian -1 -1 -4.8571 1072.9712 136.1875 1109.9243 217.1214 1.9825 0.6337 0.9312 12.2429 0.8974 17.8765 -4.2632 -1.2654
Pedestrian -1 -1 -8.1155 1055.9246 157.2302 1078.9165 199.4490 1.8258 0.6849 0.6947 20.2520 0.8197 31.0139 -7.5400 -1.4332
Pedestrian -1 -1 -3.0449 1038.9049 160.2631 1062.7201 198.7248 1.7673 0.6028 0.8877 20.7843 0.8376 32.9990 -2.4855 -1.5442
Pedestrian -1 -1 -7.8041 921.8665 167.0272 940.3920 213.2417 1.6958 0.6041 0.4887 12.1020 1.2017 26.3012 -7.3758 -1.7286
Cyclist -1 -1 -8.3168 946.6237 164.6928 988.7545 220.9912 1.7102 0.4287 1.7726 11.4106 1.2303 22.3656 -7.8491 -1.7563
Pedestrian -1 -1 -3.3925 824.8339 166.2427 838.0532 190.6947 1.7885 0.5555 0.8130 16.6598 0.7457 52.0185 -3.0826 -1.7728
Car -1 -1 -3.9022 0.0000 150.7562 199.5749 286.6521 1.9029 1.6467 3.8006 -9.0145 1.4868 11.9163 -4.5353 -1.8209
Pedestrian -1 -1 -5.1826 1067.0859 192.0903 1098.6716 250.9370 1.1862 0.4101 0.3767 9.7807 1.4285 14.5458 -4.5991 -1.8234
Pedestrian -1 -1 -7.7879 928.4211 167.8225 946.8766 216.5845 1.6975 0.5623 0.4572 11.7069 1.2565 24.9500 -7.3525 -2.0325
Car -1 -1 -4.1387 413.2549 171.6634 482.3660 202.5877 1.5564 1.6272 4.1098 -8.3383 1.1118 37.7959 -4.3523 -2.0729
Pedestrian -1 -1 -7.8839 941.3258 169.4092 960.3483 218.3680 1.6015 0.5502 0.4648 11.4326 1.2390 23.4524 -7.4340 -2.1358
