Car -1 -1 -8.0269 901.5420 186.8227 1051.4235 293.1192 1.4500 1.5509 3.4227 5.9144 1.5719 11.7265 -7.5690 2.1875
Car -1 -1 -8.0460 878.6368 181.1513 988.2996 251.2408 1.5091 1.6339 4.1428 7.9016 1.5276 17.4667 -7.6264 2.1618
Car -1 -1 -7.8683 844.4175 177.0221 887.0261 215.4116 1.4813 1.5567 3.7278 10.7304 1.3473 29.2984 -7.5191 1.9604
Car -1 -1 -4.3619 590.6030 173.4636 635.3596 201.0421 1.7076 1.6397 3.9698 0.5628 1.2720 45.9255 -4.3481 1.0476
Car -1 -1 -7.8695 837.9804 176.7727 868.9601 204.9361 1.4992 1.5656 3.4629 13.8373 1.3009 39.5270 -7.5337 -0.2510
Pedestrian -1 -1 -3.6082 878.1560 169.4866 893.4689 193.8819 1.7854 0.5049 0.9179 20.6685 0.9794 52.0391 -3.2306 -0.2543
Car -1 -1 -7.9294 841.9293 176.2129 883.5001 210.1152 1.5358 1.5853 3.7499 12.3304 1.3418 34.0480 -7.5833 -0.7143
Car -1 -1 -7.7491 831.9831 177.0872 865.8290 203.2216 1.5723 1.6444 3.6693 15.3919 1.3671 44.5477 -7.4170 -0.7262
Pedestrian -1 -1 -6.8279 1206.1711 158.0688 1223.0000 206.8473 1.7652 0.6353 0.6396 22.6098 0.9537 25.9526 -6.1157 -0.9739
Cyclist -1 -1 -6.5152 1069.9850 167.3518 1110.3143 203.7374 1.7994 0.6359 1.5653 24.3534 1.1493 35.5433 -5.9171 -1.1465
Pedestrian -1 -1 -4.5720 499.4182 173.4418 532.2357 254.7907 1.6342 0.5886 0.6097 -1.8694 1.4928 14.5136 -4.6956 -1.2259
Cyclist -1 -1 -7.7450 945.5127 165.0078 956.6107 198.0784 1.7133 0.3584 1.6134 18.2977 0.9108 37.4080 -7.2918 -1.4471
Car -1 -1 -7.9500 822.5123 174.3964 848.9698 195.8158 1.6315 1.6282 3.7503 18.2012 1.1666 55.8639 -7.6351 -1.4904
Car -1 -1 -4.1525 561.9813 175.5204 613.4075 198.9248 1.5643 1.6498 4.1315 -1.1618 1.2315 49.4542 -4.1742 -1.4960
Car -1 -1 -3.8875 2.9201 155.4351 293.5382 278.0663 1.8598 1.7677 4.4660 -8.1293 1.4800 13.1136 -4.4299 -1.6260
Pedestrian -1 -1 -6.9723 1135.9877 157.9872 1173.0409 229.5726 1.7817 0.5487 0.5048 13.8492 1.2217 17.8818 -6.3203 -1.6459
Car -1 -1 -8.1767 458.1758 157.5723 501.5143 190.8462 2.1171 1.6978 3.8985 -8.3819 0.6584 47.1057 -8.3498 -1.6806
Pedestrian -1 -1 -5.4017 1181.5889 188.3385 1223.0000 276.2614 1.4309 0.4275 0.6484 10.1246 1.5667 11.8898 -4.7080 -1.6914
Cyclist -1 -1 -7.6594 284.2086 173.1108 305.2871 220.0661 1.6772 0.3833 1.7087 -11.4837 1.4135 26.1304 -8.0673 -1.9744
Pedestrian -1 -1 -7.7027 916.3651 171.0782 930.6847 200.8493 1.7162 0.6765 0.6169 18.5512 1.1732 41.2024 -7.2809 -2.0633
Pedestrian -1 -1 -5.5865 471.8108 164.1980 490.1313 196.0546 1.8710 0.5703 0.9212 -7.3781 0.9136 42.0032 -5.7573 -2.0796
Pedestrian -1 -1 -7.4227 968.8068 163.6422 991.0245 207.3518 1.7893 0.6300 0.5834 15.5464 1.0994 29.3710 -6.9388 -2.0860
Pedestrian -1 -1 -7.8846 967.6376 170.6767 982.3514 213.2878 1.6649 0.4991 0.4520 14.5878 1.2813 27.9373 -7.4064 -2.1158
Cyclist -1 -1 -7.9876 1157.3777 177.5877 1223.0000 369.0000 1.7367 0.4419 1.8301 4.2158 1.7205 4.9357 -7.3104 -2.1842
