Car -1 -1 -8.0273 782.6493 177.7994 960.2452 315.1444 1.4904 1.5504 3.4311 3.2946 1.4615 9.4859 -7.7015 2.3015
Car -1 -1 -8.1004 722.9127 173.6792 845.7595 261.3357 1.5698 1.5591 3.5576 3.4660 1.4480 14.4516 -7.8683 2.2264
Car -1 -1 -4.2648 327.9850 180.9400 402.7962 219.1913 1.5606 1.5857 3.8152 -10.3960 1.5812 30.8839 -4.5847 2.0327
Car -1 -1 -7.9577 674.8316 175.8784 732.0743 221.7358 1.5345 1.6382 3.9215 3.4592 1.3802 25.6449 -7.8236 2.0088
Car -1 -1 -7.9899 693.0580 176.8624 767.9171 234.2526 1.5038 1.6031 3.7699 3.4879 1.4088 20.4367 -7.8218 1.9812
Car -1 -1 -7.8387 657.9409 176.9930 689.5951 205.8292 1.4376 1.5746 3.7987 3.6310 1.2629 37.2246 -7.7406 0.6545
Car -1 -1 -7.9883 667.4905 176.0833 714.4456 211.3964 1.5080 1.6285 3.6249 3.8102 1.3196 32.0185 -7.8694 -0.2393
Pedestrian -1 -1 -4.9900 756.6744 163.1593 777.2988 209.4117 1.8964 0.6332 0.8227 6.7075 1.1856 29.4180 -4.7665 -0.4036
Car -1 -1 -7.9557 657.5732 173.8342 691.3690 201.6716 1.6012 1.6499 3.6986 4.1243 1.2179 42.5209 -7.8580 -0.8673
Pedestrian -1 -1 -5.0471 738.1964 165.2811 758.5681 211.5079 1.8938 0.6140 0.7555 5.9270 1.2705 29.3820 -4.8485 -0.9826
Cyclist -1 -1 -7.7128 902.1184 170.3767 923.9443 231.4978 1.5798 0.3385 1.5109 8.2497 1.3184 19.0084 -7.3078 -1.0154
Pedestrian -1 -1 -7.9986 823.9534 172.6330 846.1253 223.6650 1.6395 0.6130 0.5390 7.4538 1.3871 23.0323 -7.6880 -1.3244
Pedestrian -1 -1 -7.3575 116.6327 170.4207 146.8708 225.9302 1.8925 0.6391 0.6426 -16.3927 1.5491 24.4531 -7.9404 -1.4574
Pedestrian -1 -1 -7.4827 142.8245 171.7516 171.3744 227.2476 1.8956 0.6579 0.6109 -15.5538 1.5971 24.5127 -8.0406 -2.0670
