Car -1 -1 -7.8762 705.6081 173.6069 774.6932 240.4481 1.5459 1.5818 3.4344 3.3738 1.3868 18.1739 -7.6940 2.5323
Car -1 -1 -8.3674 852.7047 164.2606 1223.0000 369.0000 1.6295 1.5891 4.1056 3.6033 1.5367 6.1123 -7.8553 2.2463
Car -1 -1 -4.3857 445.7584 176.0597 488.0544 199.6587 1.5222 1.6143 3.9299 -9.2569 1.2358 47.6626 -4.5745 1.8730
Car -1 -1 -4.0264 0.0000 173.7379 187.1345 256.8994 1.7867 1.5913 3.9695 -12.3013 1.6418 17.2303 -4.6360 1.8663
Car -1 -1 -8.0189 682.1719 175.2041 750.5041 224.9662 1.4997 1.5964 3.7506 3.5278 1.3404 23.1949 -7.8683 1.8470
Car -1 -1 -7.8501 664.7161 174.1735 700.9002 208.1619 1.5493 1.6440 3.8647 3.7510 1.2611 34.2425 -7.7403 0.8568
Car -1 -1 -7.9492 669.9471 174.9832 717.1976 214.3287 1.5148 1.5689 3.7192 3.5558 1.3026 29.1012 -7.8272 0.5972
Car -1 -1 -7.9117 648.3437 174.8465 675.5109 198.9938 1.5039 1.5469 3.6007 3.6516 1.1519 45.8518 -7.8312 0.5292
Cyclist -1 -1 -7.1725 1199.2648 144.4386 1223.0000 212.2473 1.8589 0.6767 1.6743 17.6951 0.8706 19.8563 -6.4509 -1.6548
Car -1 -1 -7.8890 660.5718 172.6220 691.4410 201.4809 1.5890 1.6375 3.7824 4.0505 1.1553 40.8704 -7.7893 -1.6597
Cyclist -1 -1 -6.2971 774.1700 169.1223 813.8078 212.1969 1.7209 0.5736 1.5397 7.6368 1.2666 28.7124 -6.0382 -1.6765
Pedestrian -1 -1 -8.3985 706.8118 169.8310 722.5911 201.7217 1.7682 0.6537 0.6060 6.1301 1.1768 39.6068 -8.2445 -1.6967
Cyclist -1 -1 -7.6591 754.9577 165.5399 769.1531 200.6227 1.6820 0.3747 1.6289 7.6994 0.9649 34.7198 -7.4411 -1.8476
Cyclist -1 -1 -6.7416 1108.1338 152.4094 1199.1335 222.4241 1.7869 0.6973 1.7605 14.3251 1.0703 18.5560 -6.0908 -1.8730
Pedestrian -1 -1 -7.8827 848.1287 158.3919 871.2666 216.2184 1.8223 0.6783 0.5649 8.1194 1.1259 22.6546 -7.5413 -1.8957
Car -1 -1 -4.3500 741.7415 169.2130 771.9132 185.4023 1.4949 1.5665 3.7856 14.4999 0.4526 67.3038 -4.1371 -1.9034
Pedestrian -1 -1 -6.9153 914.7036 168.0993 930.3212 209.9909 1.7240 0.4720 0.3867 13.1605 1.2139 29.3701 -6.4965 -1.9876
Pedestrian -1 -1 -6.9732 971.3473 172.4893 1014.8658 256.2964 1.5555 0.5362 0.4954 7.3209 1.4072 13.4353 -6.4825 -2.0022
Pedestrian -1 -1 -7.6498 734.7007 157.9697 747.9869 190.5952 1.9693 0.7034 0.5219 8.2947 0.6095 43.0551 -7.4590 -2.0381
Pedestrian -1 -1 -4.2513 1158.5554 154.1922 1194.6750 213.5620 1.7359 0.6133 0.6529 17.0091 0.9670 21.0896 -3.5783 -2.0548
Pedestrian -1 -1 -5.2121 907.7544 168.4163 939.5986 237.0483 1.5708 0.4753 0.5355 7.3740 1.2946 16.4691 -4.7966 -2.1033
Car -1 -1 -5.4986 1089.1956 180.4800 1223.0000 336.0874 1.4428 1.5449 3.7296 7.8613 1.4431 8.4600 -4.7669 -2.1358
Cyclist -1 -1 -7.7488 761.7380 167.7202 775.2015 204.5581 1.7137 0.4477 1.7620 7.8006 1.1194 33.7985 -7.5223 -2.1391
