Pedestrian -1 -1 -2.4528 35.4162 155.5641 120.2161 264.4968 1.8938 0.5033 1.1583 -9.4137 1.4606 12.5780 -3.0814 1.0086
Pedestrian -1 -1 -2.3827 77.9871 156.5347 154.7183 260.1889 1.8945 0.5301 1.1376 -9.2145 1.4568 13.2775 -2.9764 0.6111
Car -1 -1 -4.4774 944.9143 180.0274 986.5239 202.3342 1.5300 1.7054 4.3083 25.8921 1.4976 50.6865 -4.0062 -0.1433
Car -1 -1 -4.7147 1197.0013 181.5040 1223.0000 226.1746 1.5209 1.6498 4.1014 23.0739 1.5614 26.2569 -3.9982 -0.6194
Car -1 -1 -7.9686 1210.2546 196.6614 1223.0000 310.8037 1.4697 1.6142 3.8409 11.2079 1.7838 11.7007 -7.2168 -0.6305
Car -1 -1 -3.9774 504.3632 164.7536 660.0186 242.3838 1.8848 1.7471 4.4216 -0.5437 1.5028 19.4132 -4.0033 -0.7461
Pedestrian -1 -1 -4.2467 265.7632 207.3075 337.4198 350.1711 1.2904 0.3948 0.6221 -2.9730 1.5622 6.8329 -4.6387 -1.2741
Pedestrian -1 -1 -7.5731 811.2112 176.1293 840.6843 243.8966 1.6586 0.5837 0.5223 5.4854 1.5520 17.6833 -7.2758 -1.3104
Car -1 -1 -4.1690 814.5667 178.7584 873.4335 204.6905 1.5443 1.6341 4.0149 14.9020 1.4407 44.0250 -3.8432 -1.9125
Car -1 -1 -5.3237 1140.6503 195.1578 1223.0000 369.0000 1.6193 1.6934 4.2715 7.4658 1.8132 7.0764 -4.5324 -1.9447
Pedestrian -1 -1 -7.6751 782.4595 169.7791 795.6036 197.6499 1.7621 0.7040 0.6749 11.7487 1.0843 45.1560 -7.4206 -1.9869
Car -1 -1 -6.8348 342.4001 180.6474 491.8799 232.9885 1.5056 1.6906 4.3537 -5.9110 1.5110 22.5037 -7.0865 -2.1774
