Car -1 -1 -4.6765 394.5574 161.0812 452.5628 215.6670 1.5157 1.5623 3.8131 -5.5116 0.9768 21.6595 -4.9202 1.5197
Car -1 -1 -4.6324 421.2272 159.4761 467.4041 199.8556 1.6228 1.6141 3.9698 -6.8870 0.7781 30.4922 -4.8504 0.7466
Pedestrian -1 -1 -8.5875 892.2065 151.5275 935.1103 223.5049 1.9528 0.5974 0.9725 8.5669 1.1671 19.7392 -8.1822 0.5945
Car -1 -1 -3.9961 1133.9836 162.9168 1223.0000 224.9489 1.6665 1.6733 4.2225 17.6212 1.1945 20.1216 -3.2832 0.0409
Pedestrian -1 -1 -8.8198 868.0181 152.4938 919.3105 224.2280 1.9118 0.5467 1.2114 7.9088 1.1657 19.4997 -8.4384 -0.0442
Pedestrian -1 -1 -5.0678 41.7761 151.6396 61.5220 197.6919 1.8909 0.5479 0.3838 -23.0073 0.7061 29.3661 -5.7252 -1.7288
Car -1 -1 -8.0173 467.5440 162.5063 490.8992 180.0813 1.6335 1.6276 3.7250 -12.0695 -0.0415 67.8407 -8.1907 -1.8178
Car -1 -1 -4.4220 342.5524 170.4307 384.4710 194.1908 1.5228 1.5907 3.9041 -16.0970 0.8775 47.2921 -4.7462 -1.8439
Pedestrian -1 -1 -7.7700 54.4533 167.8560 71.5492 199.9025 1.7693 0.7020 0.6706 -30.2934 1.0714 39.5084 -8.4184 -2.0174
Car -1 -1 -7.5914 445.5854 167.8213 498.8978 200.6508 1.4788 1.6167 3.5650 -6.2827 0.9079 33.6924 -7.7722 -2.0993
