Car -1 -1 -8.1552 770.0489 181.2934 946.8581 292.1445 1.5463 1.5745 4.0494 3.9717 1.5623 11.9270 -7.8401 2.5895
Car -1 -1 -8.3042 854.9875 190.7790 1223.0000 369.0000 1.4832 1.5614 3.6919 3.4480 1.5991 6.0624 -7.8075 2.3410
Car -1 -1 -7.8419 699.4869 177.2181 750.2784 226.6911 1.5547 1.5834 3.4104 4.0534 1.4519 24.0380 -7.6754 2.2332
Car -1 -1 -4.2468 294.7936 173.3858 379.7445 221.4209 1.8425 1.6154 4.0598 -10.9781 1.5698 29.2272 -4.6009 1.4131
Car -1 -1 -8.0110 689.4523 178.0793 743.5707 217.2101 1.4943 1.6313 3.5032 4.4408 1.4021 28.7548 -7.8579 0.4495
Car -1 -1 -4.4603 514.6186 178.7553 545.1378 196.5299 1.4808 1.6313 4.1532 -6.4332 1.3354 61.0800 -4.5631 0.2223
Car -1 -1 -7.7932 684.9155 177.7656 723.0115 210.3578 1.5156 1.6324 3.8755 4.9180 1.3886 34.9406 -7.6530 0.1597
Car -1 -1 -8.0113 669.1038 178.2359 707.7033 205.8981 1.4954 1.6096 3.6815 4.6677 1.3732 40.0954 -7.8947 -0.2586
Car -1 -1 -7.8725 667.2706 177.9231 690.4510 199.8291 1.5459 1.6179 3.6483 5.3810 1.3641 51.7826 -7.7680 -0.4314
Pedestrian -1 -1 -6.8037 807.0819 153.9059 823.2888 201.4683 2.0049 0.5461 0.4486 8.9262 0.8841 30.1213 -6.5167 -0.6152
Pedestrian -1 -1 -4.8560 1050.7920 154.4411 1070.9420 196.9352 1.9238 0.6499 0.9274 20.9665 0.7442 32.5661 -4.2868 -0.9595
Pedestrian -1 -1 -6.9201 663.8386 175.6245 677.4308 200.1725 1.7304 0.5604 0.7825 4.6679 1.3867 50.2821 -6.8266 -1.1561
Pedestrian -1 -1 -8.3442 965.1385 181.1867 1003.5892 252.6586 1.4546 0.5322 0.4878 7.8029 1.4694 14.6403 -7.8619 -1.1619
Pedestrian -1 -1 -4.1574 58.0340 186.3207 159.2175 358.4751 1.6096 0.6332 0.5090 -4.8772 1.6690 6.8949 -4.7500 -1.1739
Cyclist -1 -1 -7.8728 758.2387 167.9070 766.0433 198.9715 1.7301 0.3986 1.7167 8.9304 1.0289 40.2598 -7.6545 -1.2853
Pedestrian -1 -1 -8.0294 1006.8432 168.0726 1024.4149 202.9159 1.7569 0.6856 0.5572 20.9021 1.1304 36.0297 -7.5060 -1.4758
Car -1 -1 -7.1016 1101.5468 147.9927 1223.0000 198.0439 1.7230 1.6571 3.8469 20.2389 0.6042 25.4479 -6.4342 -1.5394
Cyclist -1 -1 -7.6119 770.1560 166.7536 784.6785 197.5635 1.7140 0.4055 1.7122 9.7944 0.9494 40.1880 -7.3730 -1.7050
Car -1 -1 -6.7636 742.6036 169.8079 811.7700 194.3025 1.5356 1.6273 4.0387 11.0847 0.8654 45.6011 -6.5251 -1.7629
Pedestrian -1 -1 -7.6847 765.7849 173.9860 778.7299 206.3317 1.6986 0.5767 0.5977 8.8605 1.3567 37.5172 -7.4531 -1.7694
Cyclist -1 -1 -7.9632 1191.3215 173.6061 1223.0000 320.4816 1.6248 0.3915 1.5902 7.4333 1.5489 8.5918 -7.2666 -1.8646
Car -1 -1 -5.0175 851.1084 169.9506 900.2215 196.5334 1.4945 1.6005 3.8887 15.8983 0.9015 41.7383 -4.6544 -1.9264
Car -1 -1 -7.9715 980.8630 166.3444 1031.5787 201.5834 1.5082 1.5763 3.6243 18.1990 0.9025 32.2362 -7.4601 -1.9563
Pedestrian -1 -1 -6.5506 975.2969 163.2509 984.8960 200.2583 1.7797 0.4748 0.2943 18.1560 0.9503 34.2652 -6.0655 -1.9851
Pedestrian -1 -1 -4.9134 932.4754 183.6127 959.2113 244.1131 1.3553 0.4695 0.4309 7.7272 1.4278 16.1306 -4.4727 -2.0019
Pedestrian -1 -1 -5.5625 1010.9415 173.9589 1035.2429 217.6057 1.4814 0.4983 0.5198 14.3470 1.2597 24.3236 -5.0337 -2.0819
Pedestrian -1 -1 -8.0084 996.0929 170.4921 1034.8717 262.1218 1.6480 0.5438 0.4926 7.5153 1.4684 13.0427 -7.4945 -2.0980
Pedestrian -1 -1 -7.3829 957.4073 160.7800 980.4622 205.0179 1.8576 0.6897 0.5720 15.4851 1.0298 30.1376 -6.9109 -2.1109
Pedestrian -1 -1 -4.6670 978.1677 172.5901 993.6211 214.5821 1.5798 0.4963 0.5655 14.5002 1.2824 26.9693 -4.1770 -2.1961
