Car -1 -1 -8.2865 802.3245 175.5285 1122.0157 351.8038 1.5739 1.5990 4.1864 3.7352 1.5299 8.4272 -7.8814 2.6860
Car -1 -1 -7.8722 697.9820 175.3295 758.3386 233.9373 1.5413 1.5737 3.3964 3.4666 1.4057 20.3911 -7.7047 2.4469
Car -1 -1 -4.4120 470.9462 175.9364 507.2921 197.8628 1.5686 1.5897 3.8636 -8.5717 1.2421 52.6049 -4.5709 1.6198
Car -1 -1 -7.9578 681.6366 174.8895 737.2662 221.4330 1.5567 1.6015 3.5777 3.6589 1.3693 25.4661 -7.8152 1.4605
Car -1 -1 -4.1237 141.2245 170.1824 277.7490 236.3486 1.8368 1.6134 4.1355 -12.0178 1.5507 21.7614 -4.6204 1.4000
Car -1 -1 -7.9905 667.0109 176.6664 714.9194 212.1318 1.4789 1.6072 3.7023 3.7253 1.3192 31.3487 -7.8718 0.5989
Car -1 -1 -7.8655 663.7901 175.0950 697.6219 206.0638 1.5233 1.6583 3.7817 3.8897 1.2576 36.7393 -7.7593 0.4777
Car -1 -1 -7.9051 651.1584 175.9295 676.8763 198.3154 1.4668 1.5596 3.6198 3.9846 1.1674 48.1624 -7.8214 0.2491
Car -1 -1 -8.7223 1038.0027 200.5079 1223.0000 369.0000 1.4964 1.6275 3.8423 3.3421 1.6188 2.3663 -7.8276 0.1194
Cyclist -1 -1 -7.0492 1117.8987 145.9142 1166.7385 190.4781 1.9030 0.6732 1.6930 23.2434 0.4263 30.6290 -6.4034 -0.4510
Car -1 -1 -7.7367 504.5415 188.8686 1223.0000 369.0000 1.5234 1.6536 4.0819 1.5136 1.5828 2.8163 -7.2857 -1.1487
Pedestrian -1 -1 -4.0867 1027.2881 167.8619 1053.1511 220.1415 1.6381 0.5032 0.5000 13.8011 1.2423 22.4826 -3.5408 -1.2858
Pedestrian -1 -1 -4.1351 1158.2571 171.2676 1198.8746 237.7553 1.5794 0.4805 0.6670 13.8494 1.3604 17.1292 -3.4627 -1.3190
Cyclist -1 -1 -3.4883 965.9749 157.6710 1019.9641 208.4935 1.8876 0.6728 1.6571 14.6126 1.0399 26.7170 -2.9911 -1.5402
Car -1 -1 -7.9235 658.7383 175.1633 690.6925 201.9225 1.5330 1.6322 3.9982 4.1382 1.2274 42.5286 -7.8256 -1.5781
Car -1 -1 -4.3342 381.4807 177.0379 431.4388 203.2312 1.5703 1.6470 4.0218 -12.4288 1.3629 44.4775 -4.6032 -1.7301
Pedestrian -1 -1 -7.7963 875.1694 165.9172 897.5270 231.4961 1.7189 0.5329 0.4110 7.4542 1.3370 18.8311 -7.4235 -1.8006
Pedestrian -1 -1 -5.6258 1051.7845 187.7419 1097.4945 267.6664 1.2394 0.3866 0.4705 7.4523 1.3585 11.3025 -5.0540 -1.8496
Pedestrian -1 -1 -8.2688 706.6447 164.9719 721.2142 196.7825 1.8913 0.6683 0.6250 6.5242 0.9682 42.4249 -8.1157 -1.9793
Pedestrian -1 -1 -4.0230 1123.1510 151.9390 1145.2235 201.2573 1.8391 0.5568 0.3716 19.9353 0.7743 26.6805 -3.3854 -2.1622
