Car -1 -1 -8.1486 757.1494 176.3386 939.6448 299.9913 1.5496 1.5499 3.5006 3.3769 1.4978 10.6157 -7.8474 2.4332
Car -1 -1 -7.9910 683.8824 177.0055 754.4055 231.3354 1.5270 1.6159 3.7746 3.3837 1.4291 21.7729 -7.8374 2.3164
Car -1 -1 -4.1912 239.5371 181.1685 342.0268 229.9354 1.5435 1.5640 3.7199 -10.7346 1.5686 24.3674 -4.5997 2.2414
Car -1 -1 -8.1748 876.3148 179.9291 1223.0000 369.0000 1.5011 1.5100 3.3066 3.2235 1.4984 5.6119 -7.6755 2.0646
Car -1 -1 -8.0129 710.6835 177.0872 803.2368 250.2103 1.5254 1.5455 3.4522 3.3894 1.4546 16.5066 -7.8125 1.9705
Car -1 -1 -7.9534 657.8018 175.6464 698.9689 208.0947 1.4492 1.5685 3.6711 3.3934 1.2326 33.4148 -7.8515 1.7976
Car -1 -1 -7.9004 679.9930 176.1779 724.7278 216.2975 1.5016 1.5957 3.5778 3.8125 1.3401 28.3155 -7.7664 0.6937
Pedestrian -1 -1 -4.6893 762.5158 164.0266 781.5887 219.2307 1.9129 0.6403 0.7230 5.8615 1.3423 24.9304 -4.4596 -0.7686
Car -1 -1 -8.0095 660.4996 171.3317 700.6610 202.8679 1.6479 1.6312 3.7087 4.0860 1.1690 38.8393 -7.9039 -0.8629
Cyclist -1 -1 -7.0394 879.4362 162.9325 919.1595 204.3993 1.8080 0.6153 1.6618 13.0510 1.0422 31.4117 -6.6476 -1.3262
Pedestrian -1 -1 -8.0524 914.8361 176.5516 942.3571 242.9712 1.4921 0.4840 0.4773 7.3511 1.4037 16.1695 -7.6314 -1.4840
Pedestrian -1 -1 -4.8425 782.1668 162.2965 803.9636 216.7764 1.8897 0.6356 0.8540 6.6071 1.2585 24.9883 -4.5855 -1.6703
Pedestrian -1 -1 -7.8709 277.2149 159.9427 290.6805 195.6152 2.0096 0.6894 0.7604 -18.3238 0.8516 40.3230 -8.2926 -1.8151
Pedestrian -1 -1 -7.7146 1099.7085 167.0301 1129.3468 232.1993 1.6430 0.5460 0.6020 13.0980 1.3037 18.2315 -7.0983 -1.9230
Pedestrian -1 -1 -8.3711 782.3742 149.9095 806.6341 197.7071 2.0325 0.6701 0.8680 8.1629 0.7319 30.5710 -8.1109 -1.9880
Pedestrian -1 -1 -8.5065 791.9804 170.6543 814.3170 215.7735 1.6762 0.6088 0.5367 7.4305 1.3106 26.6292 -8.2359 -2.1158
Car -1 -1 -8.0290 674.1746 162.5489 703.8451 190.4933 2.2479 1.7444 4.2461 6.9841 0.8038 59.0451 -7.9102 -2.1532
Pedestrian -1 -1 -8.0752 1066.9786 147.4597 1097.5258 207.0373 1.8435 0.6725 0.6307 15.0030 0.8214 22.2932 -7.4877 -2.1742
Pedestrian -1 -1 -3.3306 885.9496 156.0593 895.4011 188.6650 1.8467 0.5466 0.4033 16.2898 0.4626 40.3530 -2.9479 -2.1928
