Cyclist -1 -1 -4.3732 315.6001 156.3196 433.9656 355.9395 1.7212 0.5578 1.7381 -2.2128 1.5048 7.0732 -4.6722 6.6320
Cyclist -1 -1 -4.1901 11.6837 143.4878 282.6460 373.0000 1.6495 0.5426 1.7858 -2.6758 1.4642 4.4100 -4.7165 4.4335
Pedestrian -1 -1 -7.7940 732.4716 152.5779 762.7236 228.8186 1.9135 0.7238 0.8425 3.7414 1.1881 18.5268 -7.6027 3.0128
Car -1 -1 -4.6678 588.2191 161.4430 620.8723 191.9368 1.6086 1.6582 4.0681 0.2146 0.5507 39.9623 -4.6674 2.5749
Pedestrian -1 -1 -5.1399 850.8556 159.8330 925.4166 279.1281 1.6147 0.7590 0.6623 3.9595 1.3221 10.0786 -4.7798 1.8864
Car -1 -1 -3.8833 813.5912 167.0358 994.2598 240.6413 1.4746 1.6917 3.4331 6.5836 1.1854 15.7841 -3.4992 0.6141
Pedestrian -1 -1 -8.1271 993.7337 150.0620 1056.8254 277.3888 1.6928 0.5195 0.9012 5.8602 1.2755 10.0493 -7.6158 0.3979
Pedestrian -1 -1 -4.2021 548.5273 157.6865 566.5965 192.0916 1.8861 0.6261 0.9409 -2.4394 0.5808 39.9382 -4.2676 0.0042
Car -1 -1 -6.7460 509.9594 160.2981 586.3219 189.5944 1.6440 1.7038 4.1411 -3.1068 0.4544 42.1071 -6.8240 -0.1033
Car -1 -1 -8.8050 890.7129 159.6999 1152.9258 258.7654 1.5244 1.6394 3.8866 7.4048 1.1896 13.1596 -8.3062 -0.1795
Pedestrian -1 -1 -4.2634 567.6242 158.6047 583.7715 191.1977 1.8707 0.6312 0.8577 -1.4940 0.5567 41.7486 -4.3038 -0.2627
Car -1 -1 -8.1289 964.8293 150.4745 1048.7262 196.2105 1.5573 1.6274 4.0090 14.8589 0.5013 26.5947 -7.6284 -0.3824
Pedestrian -1 -1 -4.0006 494.5489 162.6653 512.7115 207.2311 1.8143 0.5706 0.4739 -4.0482 1.0479 29.5980 -4.1404 -0.4935
Pedestrian -1 -1 -7.5158 557.1392 165.6143 571.8831 192.8397 1.6504 0.6923 0.7594 -2.2572 0.6875 44.0071 -7.5716 -0.6100
Pedestrian -1 -1 -5.0751 630.9501 159.1756 644.0376 187.2390 1.8686 0.5810 0.9373 2.4331 0.3821 48.3661 -5.0299 -1.3487
Pedestrian -1 -1 -7.8211 520.2789 163.4563 537.7034 206.5281 1.7219 0.6826 0.7718 -2.9520 1.0009 29.1269 -7.9263 -1.6773
Car -1 -1 -4.6692 953.3993 161.8561 996.9190 197.2469 1.4782 1.5899 3.9520 16.7328 0.6580 32.1141 -4.1971 -1.6844
Pedestrian -1 -1 -3.2962 691.5666 161.6132 701.9379 203.3652 1.7254 0.4881 0.3539 3.9521 0.9039 29.9352 -3.1711 -1.7956
Pedestrian -1 -1 -7.6432 711.9361 153.9390 726.9374 187.9584 1.8245 0.6703 0.7263 6.4011 0.3465 38.9842 -7.4863 -1.8669
Cyclist -1 -1 -7.1630 937.2993 160.9939 1007.1803 237.3635 1.6164 0.4283 1.6378 8.0882 1.1830 15.7317 -6.7000 -2.0057
Car -1 -1 -4.6571 613.9009 167.0907 653.0878 200.5719 1.4778 1.6445 3.9740 1.5458 0.8421 33.7618 -4.6166 -2.0780
