Cyclist -1 -1 -4.5230 404.9679 167.3741 439.6092 238.5813 1.7209 0.5328 1.8000 -4.5709 1.3801 18.2747 -4.7701 5.6941
Cyclist -1 -1 -4.6380 453.6682 165.2195 478.2083 228.8137 1.7793 0.5860 1.7384 -3.9763 1.3243 20.9954 -4.8281 2.9873
Car -1 -1 -3.8183 0.0000 217.4674 229.1274 373.0000 1.5093 1.6641 3.9170 -3.0953 1.7228 2.2856 -4.7072 2.9015
Pedestrian -1 -1 -8.5669 753.9415 168.1068 829.3724 294.2910 1.6256 0.7009 0.6962 2.5191 1.4537 9.7233 -8.3256 1.9458
Pedestrian -1 -1 -5.0519 642.5892 163.5565 680.0617 229.8298 1.7152 0.7360 0.8819 1.5509 1.2514 19.1134 -4.9773 1.7621
Car -1 -1 -7.8508 755.3198 169.1633 813.5021 223.4274 1.5130 1.5865 3.5773 5.5391 1.1695 21.9549 -7.6116 1.3905
Pedestrian -1 -1 -7.4177 370.5709 169.2307 391.5914 213.4387 1.7109 0.6004 0.5781 -8.6456 1.2364 28.1272 -7.7184 1.3042
Cyclist -1 -1 -5.0450 1087.3054 154.8947 1144.4923 225.4407 1.6794 0.6569 1.5945 12.7904 1.0466 17.9565 -4.4380 1.2063
Pedestrian -1 -1 -4.7386 439.0322 163.6147 450.8165 197.9677 1.8463 0.5978 0.9608 -8.5371 0.8852 39.1453 -4.9569 0.7457
Car -1 -1 -5.3289 998.9355 172.7610 1237.0000 286.3059 1.4433 1.5353 3.6859 7.8406 1.3329 10.9838 -4.7255 0.3828
Pedestrian -1 -1 -6.3474 488.1261 163.0882 503.5285 190.7029 1.8161 0.5605 0.9737 -6.9952 0.6053 47.6186 -6.4974 0.2178
Pedestrian -1 -1 -4.5326 590.8915 162.8320 607.2308 200.3061 1.8788 0.6981 0.8242 -0.1255 0.9431 36.4798 -4.5410 0.1861
Car -1 -1 -7.9346 503.8793 168.3949 528.1287 189.6232 1.6400 1.6084 3.7681 -6.8452 0.6274 57.5015 -8.0574 0.1129
Car -1 -1 -4.7553 763.0766 175.1857 849.0147 247.2877 1.4206 1.6254 3.8516 4.4556 1.2968 16.2087 -4.4964 0.1110
Pedestrian -1 -1 -4.2779 472.7399 162.5441 487.2622 189.9855 1.8820 0.6538 0.9578 -8.4064 0.5819 49.8128 -4.4491 -0.0369
Car -1 -1 -8.1524 708.8532 164.4258 746.2437 185.5119 1.5134 1.6498 3.8959 9.3780 0.2879 53.5951 -7.9848 -0.2865
Pedestrian -1 -1 -4.3523 520.7629 163.3095 533.1371 189.7731 1.8452 0.5629 0.9785 -5.2348 0.5768 50.6313 -4.4596 -0.6548
Car -1 -1 -4.7981 702.3788 173.2952 767.5020 223.9208 1.4417 1.6148 4.0335 4.0648 1.2085 22.5346 -4.6269 -0.6714
Pedestrian -1 -1 -2.3450 291.6036 161.5252 308.8293 211.1826 1.8497 0.4880 0.3575 -11.3643 1.1060 27.0519 -2.7443 -0.7991
Cyclist -1 -1 -2.1991 419.5105 168.3884 452.5607 208.0462 1.7267 0.6501 1.5413 -7.3955 1.1561 32.0268 -2.4293 -0.9414
Pedestrian -1 -1 -5.2929 527.7852 161.8390 541.4678 189.0140 1.8306 0.5587 0.8351 -4.5393 0.5062 48.8907 -5.3899 -0.9886
Car -1 -1 -4.4646 521.1071 169.6862 573.0895 202.5118 1.5322 1.5991 4.2675 -2.6442 0.9810 35.7680 -4.5428 -1.4227
Pedestrian -1 -1 -4.6810 515.6215 161.7130 525.1021 189.1915 1.8377 0.6159 0.7622 -5.4566 0.5144 48.4469 -4.7974 -1.7341
Pedestrian -1 -1 -6.3331 93.3791 171.5208 154.5258 318.2493 1.7420 0.6715 0.6058 -6.0208 1.6243 8.9784 -6.9162 -1.9339
Car -1 -1 -7.9438 659.9335 163.4641 700.5568 197.2014 1.5465 1.6031 3.6283 3.7498 0.7200 34.7521 -7.8421 -1.9999
Car -1 -1 -8.3446 766.2830 170.1768 902.6757 237.1343 1.4940 1.6339 3.7369 5.6513 1.2419 18.0194 -8.0501 -2.1311
Pedestrian -1 -1 -4.3164 298.5783 163.5752 325.5543 221.6306 1.8473 0.5907 0.6872 -9.3691 1.2774 23.2040 -4.7014 -2.1817
