Cyclist -1 -1 -4.4098 352.1888 157.7544 418.2740 269.3698 1.7326 0.5180 1.9298 -3.6474 1.3646 12.1184 -4.7017 5.3757
Cyclist -1 -1 -4.5202 442.7596 162.8803 485.3911 248.1721 1.6605 0.5599 1.6856 -2.8508 1.2986 14.8280 -4.7122 3.7038
Pedestrian -1 -1 -8.2833 756.7559 156.0481 827.6122 270.1230 1.6529 0.7438 0.8500 2.8298 1.2848 10.8950 -8.0404 2.9858
Pedestrian -1 -1 -4.9742 662.6434 151.8672 698.5827 224.0181 1.9227 0.7211 1.0651 2.1293 1.1335 19.7260 -4.8732 2.0124
Car -1 -1 -7.8567 807.9739 163.2998 866.5109 221.2922 1.5108 1.4654 3.1926 6.6474 1.0372 20.4564 -7.5514 0.9906
Pedestrian -1 -1 -6.0763 92.9589 159.3877 156.2931 315.5674 1.7161 0.5844 0.4950 -5.5135 1.4738 8.2552 -6.6564 0.1541
Car -1 -1 -7.8563 534.6911 158.3205 558.8212 181.5411 1.5719 1.6312 3.7782 -3.8525 0.0028 50.5766 -7.9367 -0.0048
Pedestrian -1 -1 -4.6675 483.5294 154.3433 495.0470 187.7915 1.8593 0.6078 0.8182 -6.3024 0.3499 40.3710 -4.8262 -0.3494
Car -1 -1 -5.1699 954.4442 159.4235 1089.0398 215.3122 1.4971 1.6582 4.3431 12.3158 0.9063 21.4554 -4.6591 -0.3857
Car -1 -1 -8.0343 480.6506 153.9807 514.4870 178.6558 1.6688 1.6722 4.0362 -7.4386 -0.2117 51.2656 -8.1823 -1.0562
Car -1 -1 -6.3446 576.0015 147.8749 665.1547 189.0100 1.7967 1.6875 3.8989 0.7986 0.3283 32.2999 -6.3249 -1.2782
Car -1 -1 -3.8401 254.8601 167.6672 380.1661 214.7443 1.4750 1.6017 3.8654 -9.6297 1.0421 24.5878 -4.2148 -1.6718
Pedestrian -1 -1 -8.1327 1044.2275 168.9036 1086.1221 230.9888 1.6361 0.8308 0.5174 12.4113 1.3047 19.2941 -7.5724 -1.6809
Car -1 -1 -7.6757 579.0750 164.6814 620.4595 194.0894 1.4737 1.5612 3.7798 -0.0451 0.6311 37.9928 -7.6818 -1.8378
Cyclist -1 -1 -8.2238 1178.0151 159.6814 1237.0000 277.5736 1.6113 0.3947 1.5945 9.0864 1.3137 10.6367 -7.5342 -1.9282
Car -1 -1 -8.4673 820.6062 162.0762 982.5581 237.5614 1.5114 1.6171 3.5068 6.5929 1.1231 16.2779 -8.0933 -1.9738
Car -1 -1 -4.8365 703.3365 179.1406 760.0332 221.3889 1.4111 1.5296 3.6150 4.5870 1.3327 25.8325 -4.6676 -2.1266
