Car -1 -1 -4.6354 611.0883 164.2769 649.6401 197.5374 1.5120 1.5904 3.7932 1.4313 0.7293 34.6297 -4.5993 3.4598
Pedestrian -1 -1 -8.2139 923.7531 152.6916 1002.0712 289.7827 1.6201 0.5871 0.8707 4.4285 1.2804 8.9473 -7.7712 2.7363
Pedestrian -1 -1 -7.9788 776.8680 151.7137 810.1714 231.9013 1.8738 0.6695 0.7846 4.5569 1.1783 17.2165 -7.7290 2.0551
Cyclist -1 -1 -4.1789 45.9997 150.1462 324.7118 373.0000 1.6297 0.5456 1.4832 -2.0888 1.4996 3.7525 -4.6654 1.9628
Car -1 -1 -8.3151 1071.1479 156.3122 1237.0000 273.1926 1.4586 1.6392 3.8287 8.9047 1.1449 11.0044 -7.6515 1.1560
Pedestrian -1 -1 -7.9393 1086.9263 143.1805 1147.3149 286.9827 1.6599 0.5122 0.8082 6.2262 1.2182 8.7694 -7.3412 0.9751
Car -1 -1 -7.8990 603.0042 160.7418 631.2556 190.6001 1.9785 1.7420 4.0999 1.0559 0.6030 49.6722 -7.8828 0.6041
Pedestrian -1 -1 -4.5500 594.6249 157.6106 608.6694 191.7154 1.8313 0.6427 0.8250 0.0099 0.5487 39.0292 -4.5546 0.5296
Pedestrian -1 -1 -7.8191 510.5357 167.6006 527.6212 206.7204 1.6960 0.7255 0.6691 -3.6239 1.0937 31.5058 -7.9377 0.0567
Car -1 -1 -4.7707 976.7268 163.8575 1098.8142 258.9058 1.4606 1.5866 3.6097 7.6911 1.1902 13.0082 -4.2508 -0.3245
Pedestrian -1 -1 -7.6502 521.5633 163.7023 540.7239 207.8522 1.7518 0.6701 0.5495 -2.8360 1.0460 28.8105 -7.7524 -0.4513
Pedestrian -1 -1 -7.5950 577.4697 156.8893 592.5477 192.0208 1.8817 0.6706 0.6660 -0.8917 0.5637 38.8756 -7.6226 -0.6138
Pedestrian -1 -1 -7.8837 731.4039 154.5835 746.0316 192.0578 1.8365 0.6888 0.5978 6.7804 0.5176 35.5504 -7.7015 -0.8655
Cyclist -1 -1 -3.8728 403.2612 167.7225 452.9322 223.5301 1.6464 0.5105 1.5302 -5.3139 1.2404 21.9671 -4.1126 -0.9303
Pedestrian -1 -1 -8.3901 542.3262 164.6903 567.5267 209.7089 1.6746 0.6775 0.7211 -1.7858 1.0497 27.2096 -8.4600 -1.1386
Cyclist -1 -1 -4.5557 672.1926 158.0286 691.7795 203.6145 1.7204 0.5109 1.7088 3.1291 0.8350 28.0011 -4.4505 -1.4085
Car -1 -1 -6.3393 629.9415 176.7842 700.9961 201.2232 1.4197 1.5720 4.1012 3.7531 1.1459 42.5683 -6.2569 -2.1221
