Cyclist -1 -1 -4.5278 453.7175 169.5664 511.6357 288.3097 1.6962 0.5734 1.8112 -1.8564 1.5264 11.1719 -4.6945 5.8620
Pedestrian -1 -1 -4.8912 816.4248 135.9098 889.1605 315.8809 1.8909 0.6067 0.8428 2.7278 1.4126 8.0057 -4.5784 2.2455
Pedestrian -1 -1 -4.4473 367.1826 162.1971 440.3783 311.6582 1.8048 0.6919 0.8773 -2.5341 1.5724 9.1142 -4.7172 2.1748
Pedestrian -1 -1 -8.3627 918.2613 136.1713 1033.8816 329.5493 1.7608 0.6356 0.8813 3.5647 1.3488 6.9993 -7.9122 2.1425
Pedestrian -1 -1 -7.7668 518.6378 169.3044 539.3055 221.6425 1.7213 0.6199 0.8835 -2.4488 1.3206 24.0719 -7.8723 2.0076
Pedestrian -1 -1 -7.7239 548.3773 168.0721 571.9147 226.0351 1.7715 0.6224 0.9508 -1.3122 1.3616 22.4493 -7.7868 1.9087
Pedestrian -1 -1 -5.7895 566.4747 168.7525 599.4706 222.3386 1.7093 0.5767 0.9093 -0.6274 1.3031 23.3745 -5.8212 1.4786
Pedestrian -1 -1 -7.9472 584.4746 168.4642 603.1461 225.9668 1.7473 0.4947 0.8598 -0.2712 1.3517 22.2823 -7.9645 1.3869
Pedestrian -1 -1 -4.8041 489.7118 167.2349 510.4447 218.8110 1.8117 0.6539 0.8660 -3.6600 1.3110 25.7306 -4.9492 1.3491
Pedestrian -1 -1 -7.0596 580.8312 165.2675 645.2982 287.8419 1.7297 0.6863 0.6604 0.1246 1.5013 10.6130 -7.0539 1.3096
Pedestrian -1 -1 -4.5831 71.5402 162.4191 142.3811 332.6422 1.7836 0.5580 0.7017 -5.5118 1.5843 7.9654 -5.1791 1.2427
Pedestrian -1 -1 -5.2227 311.3400 194.6377 375.4753 284.7445 1.3591 0.6447 0.8244 -4.1763 1.5794 11.4976 -5.5696 1.0722
Pedestrian -1 -1 -8.0104 441.9498 186.2271 469.8068 248.9372 1.4057 0.5069 0.8190 -3.4164 1.5189 16.6460 -8.2152 0.9940
Pedestrian -1 -1 -4.5856 617.4355 167.5797 629.2321 199.2518 1.9221 0.6648 0.5044 1.3417 1.0774 43.8941 -4.5603 0.7799
Cyclist -1 -1 -7.7766 856.1396 149.3894 885.3243 241.9359 1.8000 0.4477 1.8986 5.5721 1.1760 14.9287 -7.4303 0.7392
Pedestrian -1 -1 -8.2786 570.3096 165.1816 592.9332 209.8651 1.8423 0.6744 0.8029 -0.8524 1.1698 30.1257 -8.3118 0.7053
Pedestrian -1 -1 -8.0299 656.0908 163.4866 675.3530 211.7769 1.7533 0.5848 0.7195 2.3408 1.0997 26.4666 -7.9476 0.6398
Pedestrian -1 -1 -4.7177 439.3299 172.4864 463.8898 242.7046 1.7018 0.5850 0.9378 -3.7799 1.4839 17.9298 -4.9279 0.6258
Pedestrian -1 -1 -7.4932 564.8727 170.7557 580.1428 204.8240 1.7400 0.5221 0.8645 -1.5016 1.1915 37.1804 -7.5383 0.5969
Cyclist -1 -1 -7.6257 478.6194 167.1819 498.4436 206.2250 1.9325 0.6392 1.6709 -5.7205 1.2240 36.4104 -7.7855 0.5478
Pedestrian -1 -1 -7.4142 593.0992 170.6508 615.4116 220.6599 1.6387 0.5149 0.6595 0.0699 1.2836 23.9460 -7.4165 0.4884
Pedestrian -1 -1 -6.0017 100.8369 167.3177 165.9781 313.1268 1.7735 0.6285 0.5379 -5.9708 1.6017 9.1156 -6.5743 0.3518
Pedestrian -1 -1 -7.7319 638.1091 163.5115 657.1633 213.2333 1.7958 0.6318 0.6004 1.6708 1.1465 26.2963 -7.6742 0.3517
Pedestrian -1 -1 -7.9102 627.4254 165.2251 643.7944 207.6024 1.8197 0.6564 0.8976 1.4676 1.1211 31.2990 -7.8688 0.2180
Pedestrian -1 -1 -7.6224 807.5569 153.4008 843.5210 240.0665 1.7853 0.5679 0.8136 4.7363 1.2070 15.2918 -7.3321 0.0831
Pedestrian -1 -1 -7.1993 462.9348 169.1083 488.5723 219.2974 1.7606 0.5608 0.7539 -4.5109 1.3263 25.6623 -7.3767 -0.1393
Pedestrian -1 -1 -8.5045 458.0629 168.3174 472.3102 201.4025 1.8775 0.6673 0.4485 -7.8085 1.1296 41.1628 -8.6959 -0.1758
Pedestrian -1 -1 -7.8639 455.5658 177.8633 476.2462 232.0316 1.5611 0.5861 0.7005 -4.0170 1.4568 21.1035 -8.0550 -0.5392
Cyclist -1 -1 -8.1847 670.9243 168.6667 689.8979 205.2809 1.6224 0.3415 1.6099 3.5657 1.0540 32.6525 -8.0819 -0.5923
Pedestrian -1 -1 -4.4539 367.2424 180.3508 389.4517 229.0424 1.4640 0.5424 0.4788 -6.8119 1.4299 21.8496 -4.7580 -0.6355
Pedestrian -1 -1 -8.9672 991.9235 133.7502 1096.6456 325.4469 1.7793 0.5543 0.7175 4.3272 1.3368 7.1198 -8.4427 -0.6500
Pedestrian -1 -1 -1.9838 258.7458 187.5442 315.1659 296.7164 1.5170 0.5158 0.6961 -4.6251 1.6091 10.4539 -2.3970 -0.6693
Cyclist -1 -1 -5.1878 0.0000 178.6081 86.0540 318.4957 1.6116 0.5070 1.6764 -7.1871 1.5790 8.8503 -5.8611 -0.9055
Cyclist -1 -1 -7.8639 618.6389 173.7384 636.3517 235.0784 1.6296 0.4587 1.6755 0.6795 1.4239 19.9252 -7.8356 -1.0492
Pedestrian -1 -1 -8.2951 497.3457 172.3716 512.2756 200.6931 1.7742 0.6020 0.9154 -6.1248 1.2024 45.5490 -8.4330 -1.0698
Pedestrian -1 -1 -4.5116 606.3483 168.5416 617.4299 199.3802 1.8873 0.5840 0.5711 0.6490 1.0943 44.3024 -4.5020 -1.1617
Pedestrian -1 -1 -6.8049 360.4279 182.5366 401.6255 267.2124 1.5795 0.5008 0.5841 -4.2728 1.6005 13.7931 -7.1056 -1.9193
Cyclist -1 -1 -8.3478 698.0137 162.8485 735.4359 213.3663 1.7222 0.6154 1.5833 4.0248 1.0868 25.3377 -8.1970 -1.9458
Pedestrian -1 -1 -2.7886 414.5244 194.8544 451.8763 282.2413 1.3869 0.4806 0.4586 -2.7906 1.6108 11.7474 -3.0226 -1.9931
Pedestrian -1 -1 -4.6120 649.4449 164.9919 664.0591 209.6654 1.8133 0.5565 0.4634 2.2492 1.1435 29.4323 -4.5415 -2.1770
Car -1 -1 -7.9788 672.0348 167.7310 717.0563 203.9124 1.5997 1.6112 3.6677 4.2845 0.9912 33.5978 -7.8580 -2.1773
