Pedestrian -1 -1 -7.3000 503.5315 171.9119 542.1564 230.7889 1.6133 0.7374 0.8685 -2.2398 1.3511 20.2333 -7.4141 1.7212
Pedestrian -1 -1 -5.4409 1010.0669 156.5770 1155.6267 349.6947 1.6230 0.7021 0.8520 4.2785 1.4143 6.5168 -4.8838 1.3746
Pedestrian -1 -1 -4.5950 627.2632 166.0051 644.7050 211.4555 1.7548 0.5826 0.9683 1.3435 1.1569 28.2581 -4.5530 1.3458
Cyclist -1 -1 -8.0633 397.0488 169.4425 431.6471 243.2872 1.6740 0.4207 1.8295 -4.5328 1.4012 17.1956 -8.3227 1.3131
Pedestrian -1 -1 -4.2565 329.7377 164.6642 395.4930 291.1387 1.7682 0.6435 0.7545 -3.5091 1.5335 10.4599 -4.5785 1.2435
Pedestrian -1 -1 -7.7039 658.0183 171.5178 683.7885 221.4660 1.5749 0.7045 0.9239 2.2203 1.2606 23.1825 -7.6147 1.2072
Pedestrian -1 -1 -5.3731 645.1066 163.4802 662.2006 195.0730 1.9025 0.5278 1.0105 3.1844 0.8175 43.8249 -5.3060 0.7517
Pedestrian -1 -1 -7.8438 583.6059 171.7825 600.0119 210.9868 1.5816 0.6619 0.8759 -0.4120 1.1899 29.4199 -7.8628 0.6488
Pedestrian -1 -1 -4.7618 620.5569 164.2058 632.6744 198.8075 1.8423 0.6029 0.8967 1.3473 0.9217 38.7005 -4.7322 0.3725
Cyclist -1 -1 -4.2707 555.2863 167.9754 589.7956 216.7067 1.7112 0.5974 1.6893 -1.0586 1.2367 26.1187 -4.3160 0.1916
Car -1 -1 -7.1302 0.0000 175.0867 108.5708 242.2860 1.8318 1.6295 3.7225 -16.9328 1.6575 21.4861 -7.7969 -0.2691
Car -1 -1 -8.1707 731.4477 164.2499 913.0209 277.7831 1.5955 1.6686 3.9483 3.4341 1.3538 12.1095 -7.9055 -0.2710
Pedestrian -1 -1 -4.2969 707.4088 160.9560 724.1769 193.8597 1.8634 0.6620 0.8627 6.5628 0.7001 41.2223 -4.1449 -0.3272
Pedestrian -1 -1 -4.5097 633.5718 161.4863 646.4688 195.9977 1.9000 0.6322 0.4858 2.1386 0.7983 39.8614 -4.4614 -0.3600
Pedestrian -1 -1 -4.9610 653.6616 165.3181 669.1180 199.3264 1.8089 0.6052 0.9681 3.2230 0.9484 38.7371 -4.8835 -0.3754
Car -1 -1 -1.9245 0.0000 187.3293 21.9101 265.5535 1.4946 1.6698 4.0084 -14.6789 1.6352 15.6155 -2.6759 -0.5134
Pedestrian -1 -1 -3.2367 669.6252 166.7352 686.1736 196.0422 1.6700 0.5539 0.8920 4.3816 0.8288 41.2112 -3.1364 -0.8541
Pedestrian -1 -1 -6.9352 654.9925 164.3772 670.4448 193.3571 1.8360 0.6772 0.7222 3.9276 0.7512 45.9894 -6.8554 -0.9847
Cyclist -1 -1 -8.0049 683.2781 168.5632 694.5219 197.6147 1.5924 0.3705 1.6404 4.8851 0.8835 40.2007 -7.8897 -1.2480
Pedestrian -1 -1 -4.5771 601.3521 169.4591 616.7968 204.1715 1.6905 0.6466 0.9518 0.3719 1.1044 35.5005 -4.5718 -1.2717
Car -1 -1 -4.3925 8.0990 182.5902 236.1633 304.1897 1.4570 1.6028 3.9682 -6.8918 1.4771 10.7636 -4.9566 -1.3670
Car -1 -1 -7.2789 677.8353 170.6474 731.3352 195.1087 1.4929 1.6052 3.7550 6.6126 0.8306 45.7852 -7.1413 -1.9245
