Pedestrian -1 -1 -2.2819 321.6432 161.2905 381.1895 263.1392 1.8230 0.4989 1.0178 -4.6829 1.4619 13.3278 -2.6192 2.0685
Pedestrian -1 -1 -7.9130 624.7158 164.6181 644.5073 217.5782 1.8544 0.6551 0.7243 1.1490 1.2636 25.5205 -7.8736 1.7385
Pedestrian -1 -1 -4.0183 608.5413 173.4794 654.9294 234.5244 1.5457 0.8342 0.8961 0.7603 1.3431 18.8007 -3.9838 1.6008
Pedestrian -1 -1 -4.0525 31.4740 150.2002 192.2090 373.0000 1.7888 0.6235 0.8904 -3.8470 1.5644 5.6346 -4.6367 1.5243
Pedestrian -1 -1 -4.7333 712.7104 159.7738 726.6791 198.1314 1.9098 0.6712 0.8330 5.9499 0.8283 36.2241 -4.5766 1.3016
Pedestrian -1 -1 -4.8014 663.5205 167.1332 677.7328 202.4083 1.7613 0.6231 0.9948 3.4888 1.0442 36.3647 -4.7115 1.2741
Pedestrian -1 -1 -8.0041 643.4532 166.3055 658.7142 202.8161 1.8239 0.6739 0.6529 2.4923 1.0650 36.2384 -7.9410 1.1646
Pedestrian -1 -1 -6.5367 499.6551 171.1877 526.4172 239.8747 1.6353 0.4383 0.5494 -2.1807 1.3903 17.4077 -6.6649 1.1225
Pedestrian -1 -1 -3.5893 551.1441 167.4706 580.1613 225.4899 1.7527 0.7375 0.6352 -1.1378 1.3293 22.1764 -3.6452 0.8633
Pedestrian -1 -1 -4.7212 615.1628 165.8926 627.3600 205.1835 1.8282 0.5620 0.7197 0.9167 1.1022 33.7868 -4.6994 0.7692
Pedestrian -1 -1 -7.7512 651.3429 168.1876 664.5027 202.0968 1.7387 0.6003 0.8778 2.9304 1.0563 37.3178 -7.6784 0.5845
Pedestrian -1 -1 -7.9025 581.7634 172.9939 594.4816 205.0604 1.6208 0.6138 0.6523 -0.6906 1.1910 36.6550 -7.9263 0.4875
Pedestrian -1 -1 -3.1986 719.8480 162.7121 739.3303 196.3947 1.8355 0.5036 1.0227 7.0301 0.8119 39.4540 -3.0284 0.4160
Pedestrian -1 -1 -3.2366 697.0367 161.5438 713.4926 191.4313 1.8489 0.5010 0.9674 6.4622 0.6144 44.7080 -3.0987 0.2812
Cyclist -1 -1 -4.3805 715.4574 166.3969 760.2643 241.5307 1.7058 0.4986 1.8442 3.2577 1.3635 17.2350 -4.2018 0.1425
Car -1 -1 -3.0850 605.4299 173.5182 681.4037 199.1859 1.4648 1.6467 4.3587 2.4858 1.0094 42.0515 -3.0313 -0.3131
Pedestrian -1 -1 -5.2168 606.4323 166.6489 623.7672 201.9257 1.8085 0.5288 0.8991 0.6996 1.0474 37.3482 -5.2032 -0.4159
Pedestrian -1 -1 -8.0021 570.3122 173.9389 590.0161 218.0063 1.5496 0.5926 0.7681 -0.7897 1.2841 25.6914 -8.0377 -0.5586
Cyclist -1 -1 -7.1240 567.4850 168.4474 597.0204 204.4655 1.7088 0.4898 1.6092 -0.9325 1.0898 34.8529 -7.1556 -0.7019
Cyclist -1 -1 -7.8384 652.8102 162.6714 664.0236 193.9924 1.8621 0.6631 1.6322 3.4621 0.7428 43.5492 -7.7645 -0.7736
Car -1 -1 -8.2165 682.4007 174.3951 733.4044 201.6318 1.4209 1.5663 3.6020 5.7793 1.0504 39.4031 -8.0769 -0.7912
Cyclist -1 -1 -2.5438 513.1907 170.9707 560.8630 219.8977 1.6805 0.5921 1.6187 -2.2999 1.3193 25.3227 -2.6386 -0.8249
Pedestrian -1 -1 -5.7263 640.7510 165.8111 655.2216 193.0535 1.8366 0.5309 0.8271 3.1769 0.7789 48.8843 -5.6667 -0.9117
Pedestrian -1 -1 -5.6992 680.8882 167.0988 699.8849 201.1205 1.7136 0.6067 0.7528 4.5304 0.9885 36.6562 -5.5821 -1.0588
Cyclist -1 -1 -5.0047 705.5565 172.0027 732.3129 215.8368 1.5432 0.5516 1.4484 4.2235 1.2092 26.0447 -4.8506 -1.4700
Car -1 -1 -4.0510 117.4914 186.1730 351.1761 283.9279 1.4126 1.5857 3.8689 -6.2179 1.5088 12.6326 -4.5057 -1.6949
