Pedestrian -1 -1 -7.6161 909.2333 174.5969 972.9266 293.5349 1.6197 0.6428 0.9296 4.8526 1.5263 10.3463 -7.1928 2.4005
Pedestrian -1 -1 -7.1619 269.6670 190.2569 395.5965 373.0000 1.5979 0.6945 0.8268 -2.4490 1.6836 6.4688 -7.5172 2.0266
Pedestrian -1 -1 -4.6986 600.1064 178.7040 613.9253 219.8464 1.6805 0.5645 0.7761 0.2148 1.5666 29.7339 -4.6967 2.0113
Pedestrian -1 -1 -4.8250 694.3018 171.8385 718.7451 230.4020 1.8602 0.6781 0.9045 3.3694 1.5537 23.2772 -4.6882 1.9282
Cyclist -1 -1 -2.8885 362.1966 184.9961 456.2285 262.1494 1.6228 0.7477 1.8364 -4.1692 1.7008 15.5271 -3.1523 1.8614
Pedestrian -1 -1 -8.2380 781.1295 173.2585 832.7344 260.5263 1.7079 0.7702 0.7455 4.0881 1.5472 14.4740 -7.9730 1.8534
Pedestrian -1 -1 -4.7646 557.5268 175.8963 577.8525 231.5693 1.8453 0.6327 0.9260 -1.1743 1.6600 24.3028 -4.8177 1.7996
Pedestrian -1 -1 -6.1518 286.8919 182.2588 328.5547 327.3991 1.6737 0.4760 0.4016 -3.5444 1.6837 8.5675 -6.5395 1.7718
Pedestrian -1 -1 -4.3973 577.5408 177.3760 607.4516 245.4223 1.7265 0.5847 0.7267 -0.2615 1.6224 18.6592 -4.4166 1.6658
Pedestrian -1 -1 -4.2098 530.4308 176.7335 562.3682 237.4668 1.7570 0.5967 0.8827 -1.6571 1.6196 21.3062 -4.2918 1.5377
Pedestrian -1 -1 -7.9390 666.1896 175.2188 682.4628 214.4369 1.7955 0.6724 0.8788 3.3636 1.5082 33.3300 -7.8444 1.4324
Pedestrian -1 -1 -4.3684 448.5793 182.1342 504.9266 285.3532 1.6772 0.7342 0.7321 -2.1327 1.6889 12.0996 -4.5450 1.2794
Pedestrian -1 -1 -8.0948 679.8256 175.5394 698.6395 214.8090 1.8035 0.6765 0.8695 4.0718 1.5300 33.4643 -7.9799 1.2690
Pedestrian -1 -1 -4.8473 623.5299 178.9327 638.8838 219.9947 1.6778 0.5279 0.7966 1.2114 1.5732 29.7740 -4.8122 1.0718
Pedestrian -1 -1 -7.4723 481.4858 188.3766 522.0840 257.9551 1.5021 0.5763 1.0082 -2.2705 1.6629 16.1760 -7.6151 0.7822
Pedestrian -1 -1 -7.5718 573.1830 178.1509 593.1641 218.5395 1.7288 0.6842 0.7699 -0.8058 1.5857 31.2048 -7.6026 0.5343
Car -1 -1 -4.8004 737.6827 178.2011 780.5764 210.7690 1.4944 1.6543 4.0754 7.6273 1.3433 35.0824 -4.5930 0.4462
Pedestrian -1 -1 -4.5273 608.2093 177.8627 625.1913 219.1013 1.7483 0.6027 0.7743 0.6433 1.5945 30.8939 -4.5118 0.4294
Pedestrian -1 -1 -7.9026 756.9111 170.6902 778.0667 221.5056 1.8031 0.7078 0.5927 5.9439 1.4199 25.8406 -7.6839 0.3474
Pedestrian -1 -1 -4.3544 547.8494 174.9939 562.8606 209.7149 1.9102 0.5304 0.9798 -2.5696 1.5525 40.0657 -4.4231 0.2278
Car -1 -1 -4.5588 0.0000 188.7683 54.7968 303.9349 1.4729 1.5970 4.2398 -10.1825 1.6142 11.6881 -5.2699 0.1827
Pedestrian -1 -1 -3.4709 520.4163 174.9928 531.8043 214.9956 1.8203 0.4861 0.3814 -3.4742 1.5245 32.9886 -3.5802 0.0309
Pedestrian -1 -1 -8.3215 540.0087 177.4921 557.5593 213.2880 1.7282 0.5994 0.7077 -2.5881 1.5349 35.1388 -8.3997 -0.0482
Pedestrian -1 -1 -8.1312 530.3640 178.2114 541.3290 202.0162 1.7510 0.6412 0.6960 -4.8507 1.5091 53.2798 -8.2267 -0.3590
Pedestrian -1 -1 -7.7292 787.1987 161.4983 823.1321 243.6252 1.9622 0.7488 0.9797 5.0081 1.4848 17.7580 -7.4635 -0.5190
Cyclist -1 -1 -4.7025 610.7380 174.5584 622.7205 208.8006 1.7501 0.6124 1.6161 0.7941 1.3955 37.5284 -4.6866 -0.6545
Pedestrian -1 -1 -4.3677 654.4767 175.4447 669.7476 208.6703 1.7675 0.6332 0.6680 3.2608 1.4456 38.6487 -4.2893 -0.8822
Pedestrian -1 -1 -3.2456 659.8277 176.5781 671.3329 207.8813 1.7531 0.4828 0.5957 3.6096 1.4776 40.4778 -3.1624 -1.0835
Pedestrian -1 -1 -6.6363 674.7847 169.4925 688.3876 196.2157 1.7674 0.5696 0.7482 5.3480 0.9733 47.8765 -6.5306 -1.1440
Pedestrian -1 -1 -3.4200 520.6397 184.6366 548.5110 235.1554 1.5203 0.4813 0.7455 -2.0814 1.6185 22.0228 -3.5185 -1.1573
Car -1 -1 -7.1665 680.1942 181.5749 751.0123 213.1424 1.5157 1.6005 3.6405 5.7921 1.5198 36.3081 -7.0146 -1.8003
Car -1 -1 -7.8686 671.7368 184.7117 714.2997 221.9325 1.4377 1.6577 4.1234 3.7849 1.5828 30.2502 -7.7504 -1.8375
Pedestrian -1 -1 -4.8445 778.5873 192.5742 796.2657 237.0653 1.2224 0.4059 0.5509 5.1889 1.5386 20.1804 -4.6013 -1.9610
