Car -1 -1 -4.5555 546.2145 178.7792 587.6807 211.3294 1.6118 1.6085 3.8001 -1.7576 1.4773 37.5430 -4.6071 5.6563
Pedestrian -1 -1 -7.9461 727.5815 166.0589 756.2442 244.8378 1.7871 0.5642 0.9171 3.2338 1.4373 16.7772 -7.7640 2.6784
Pedestrian -1 -1 -7.8418 621.8141 170.8942 647.5259 234.1296 1.8203 0.7400 1.0627 0.9526 1.5155 21.2280 -7.8028 2.6256
Pedestrian -1 -1 -4.6613 402.1546 176.8797 425.6132 247.1247 1.7171 0.5312 0.8470 -4.7352 1.6047 18.0286 -4.9201 2.1398
Pedestrian -1 -1 -4.8416 769.2242 168.0449 794.7980 237.9370 1.6819 0.4988 0.8364 4.4125 1.3586 17.7281 -4.6064 2.0058
Pedestrian -1 -1 -7.7043 649.7207 169.3502 690.8671 273.9988 1.7684 0.5957 0.9634 1.1831 1.5637 12.6765 -7.6189 1.9339
Pedestrian -1 -1 -2.2508 89.9572 180.3439 154.9640 288.0038 1.6857 0.6731 0.5640 -7.8044 1.6682 11.6531 -2.8362 1.9220
Pedestrian -1 -1 -7.9795 691.4108 171.5369 729.7171 272.6463 1.7281 0.5502 0.9068 1.8790 1.5585 12.7343 -7.8416 1.7610
Pedestrian -1 -1 -7.6456 673.9388 172.1036 692.4688 215.0223 1.7850 0.6564 0.6686 3.4335 1.3945 30.2958 -7.5389 1.7023
Pedestrian -1 -1 -8.1151 669.9017 177.2068 705.2303 254.1535 1.6332 0.4996 1.0796 1.8455 1.5426 15.8181 -8.0064 1.3475
Pedestrian -1 -1 -3.8969 429.7840 172.6261 467.8009 249.7238 1.8116 0.6245 0.6439 -3.7151 1.6037 17.3215 -4.1106 1.2552
Pedestrian -1 -1 -7.4314 650.5736 171.9657 666.3601 204.7203 1.8424 0.6264 0.8000 3.2476 1.3063 40.9065 -7.3578 1.1572
Pedestrian -1 -1 -4.4571 732.6304 166.1389 764.2921 236.9049 1.7914 0.6436 0.7488 3.7891 1.4031 18.6611 -4.2648 1.0573
Pedestrian -1 -1 -4.4374 693.0414 168.8322 732.7406 260.9796 1.7682 0.5829 0.8350 2.1824 1.5257 14.2838 -4.2941 0.9510
Pedestrian -1 -1 -8.6921 746.4111 163.1851 790.7964 232.2865 1.8695 0.5747 1.1009 4.6244 1.3745 20.0496 -8.4735 0.9250
Pedestrian -1 -1 -8.2170 708.3502 175.7533 742.2016 253.0897 1.6328 0.4574 0.8159 2.6440 1.5121 15.6122 -8.0575 0.8658
Pedestrian -1 -1 -6.5655 1008.5958 151.9633 1081.7839 301.4518 1.6699 0.6584 0.5549 5.1267 1.3407 8.4113 -6.0373 0.7394
Pedestrian -1 -1 -7.7241 686.1108 169.9192 714.0553 245.5212 1.7505 0.5732 0.7439 2.3120 1.4829 17.0654 -7.5968 0.3608
Pedestrian -1 -1 -7.6757 684.7363 174.3784 705.4765 227.9698 1.6820 0.5736 0.5332 2.9580 1.4589 22.8849 -7.5539 0.2438
Pedestrian -1 -1 -6.3795 715.8027 168.3689 739.7621 214.6046 1.8182 0.5749 0.8826 4.9988 1.3022 28.5661 -6.2130 0.1034
Cyclist -1 -1 -7.8644 1172.1455 142.7182 1213.0542 270.0384 1.7531 0.4147 1.7214 8.7358 1.2198 10.6993 -7.1969 0.0994
Pedestrian -1 -1 -2.9584 291.6117 178.0008 310.3095 228.3363 1.7236 0.4352 0.5282 -10.4235 1.6042 24.8660 -3.3569 0.0426
Car -1 -1 -4.5980 717.9082 217.1988 1237.0000 373.0000 1.4277 1.5590 3.6797 2.0538 1.6169 1.9895 -3.8662 -0.2697
Pedestrian -1 -1 -7.7794 657.9727 173.2619 674.7987 215.7549 1.7725 0.6660 0.6466 2.7283 1.4292 30.3360 -7.6957 -0.2847
Pedestrian -1 -1 -8.0686 1108.2753 149.6391 1198.8483 313.9891 1.6563 0.6457 0.5603 5.7859 1.3359 7.6254 -7.4414 -0.4165
Cyclist -1 -1 -5.3411 99.7893 201.8570 261.7108 373.0000 1.4723 0.5221 1.5402 -4.0486 1.6815 6.8103 -5.8671 -0.4924
Cyclist -1 -1 -1.8994 38.4763 180.8414 110.4921 275.3705 1.7267 0.6271 1.6319 -10.2095 1.7153 13.8461 -2.5312 -0.7197
Car -1 -1 -4.8143 617.8570 176.5890 646.5895 202.2676 1.8083 1.6799 3.9774 2.2315 1.4624 52.6232 -4.7772 -0.9165
Pedestrian -1 -1 -4.3395 693.6519 165.1280 731.6589 238.7919 1.8902 0.7016 0.9539 2.9170 1.4706 19.0202 -4.1948 -1.0001
Pedestrian -1 -1 -3.1909 283.0890 180.8081 305.4350 236.7612 1.6148 0.4467 0.5800 -9.0378 1.5953 21.0594 -3.5971 -1.0605
Pedestrian -1 -1 -7.3373 1153.7832 161.6495 1237.0000 361.1038 1.5706 0.5991 0.5937 5.1112 1.4150 6.0446 -6.6620 -1.1884
Car -1 -1 -4.0710 639.4235 181.3433 763.6331 236.6620 1.4885 1.6006 3.9791 3.0130 1.4848 21.3106 -3.9375 -1.2237
Cyclist -1 -1 -7.9518 645.2537 178.3848 657.0598 208.4387 1.6009 0.4568 1.7890 2.6987 1.4351 39.1655 -7.8886 -1.7871
Pedestrian -1 -1 -7.8208 706.2495 156.2433 718.2856 189.8261 2.0394 0.7100 0.7527 6.8024 0.5057 44.0572 -7.6733 -1.8456
Pedestrian -1 -1 -2.2832 93.2858 194.1510 165.0253 334.0213 1.5454 0.4983 0.4835 -5.4975 1.6977 8.2989 -2.8599 -1.9083
