Car -1 -1 -4.5587 538.6155 166.3557 596.2695 208.2386 1.5047 1.6632 3.9517 -1.2643 0.9610 27.8583 -4.6086 7.3001
Pedestrian -1 -1 -4.0736 135.0284 155.2607 305.4170 373.0000 1.7553 0.8017 0.9817 -3.1222 1.5614 5.8765 -4.5503 3.4413
Pedestrian -1 -1 -8.2529 805.7746 161.9496 917.7841 359.2689 1.6679 0.6580 0.8596 2.2817 1.5033 6.5268 -7.9349 3.0192
Pedestrian -1 -1 -8.3801 716.0160 162.6297 789.6774 295.9574 1.6339 0.5803 0.8412 1.8955 1.4033 9.2956 -8.1901 1.9116
Pedestrian -1 -1 -7.6553 729.8679 161.5885 761.6112 234.6843 1.7270 0.6449 0.6422 3.4608 1.2571 17.3908 -7.4670 1.3874
Pedestrian -1 -1 -7.5456 701.6650 166.5087 755.2686 280.3533 1.6299 0.5457 0.9421 1.8797 1.4159 10.8279 -7.3834 1.3767
Pedestrian -1 -1 -8.3259 779.8928 164.4722 867.0906 320.9127 1.6135 0.6077 0.7901 2.3578 1.4386 7.8552 -8.0491 1.3661
Pedestrian -1 -1 -8.3614 751.6390 162.7298 812.8354 280.5912 1.6463 0.5400 0.7958 2.5805 1.3847 10.4902 -8.1315 1.3449
Pedestrian -1 -1 -4.3242 14.4070 161.4699 119.9350 368.0962 1.6987 0.5615 0.5658 -4.6742 1.5348 6.2473 -4.9528 1.1151
Pedestrian -1 -1 -7.8315 610.6196 153.5354 639.2899 237.9418 1.8648 0.6337 1.0790 0.5066 1.2476 16.4245 -7.8065 1.0272
Pedestrian -1 -1 -8.4747 719.0651 157.5640 746.3282 211.5395 1.7936 0.6215 0.6880 4.4132 0.9986 24.3151 -8.3022 1.0206
Pedestrian -1 -1 -4.9255 749.4957 153.2290 796.1902 265.1558 1.7982 0.5662 0.9103 2.8036 1.3447 11.9979 -4.7062 0.2976
Pedestrian -1 -1 -7.6783 666.0815 158.7668 685.2260 207.8858 1.7856 0.6141 0.5776 2.7145 0.9596 26.4740 -7.5822 0.1891
Pedestrian -1 -1 -8.5040 682.6686 158.4957 705.8522 207.0119 1.7639 0.5539 0.6723 3.4047 0.9279 26.5469 -8.3827 0.0303
Pedestrian -1 -1 -4.5315 793.7789 144.4480 846.1780 264.7957 1.8778 0.6823 0.8968 3.5426 1.3003 11.7616 -4.2505 0.0233
Pedestrian -1 -1 -6.5541 737.4756 152.4355 794.8331 247.0272 1.8334 0.6088 0.9774 3.2167 1.2707 14.2556 -6.3414 -0.0705
Pedestrian -1 -1 -7.7278 705.2400 153.6272 718.6071 185.5512 1.8034 0.6601 0.8400 6.3181 0.2290 41.0719 -7.5809 -0.0919
Pedestrian -1 -1 -4.2402 709.0876 151.6411 728.4457 187.0998 1.8195 0.6778 0.8677 6.1052 0.2876 37.4111 -4.0844 -0.1848
Pedestrian -1 -1 -7.6575 306.2685 159.2827 338.0632 227.4877 1.7565 0.6251 0.8854 -7.4062 1.1848 18.9900 -8.0299 -0.2928
Pedestrian -1 -1 -6.5928 294.4553 161.7403 323.8227 233.5533 1.7387 0.5649 0.5252 -7.2707 1.2608 17.7772 -6.9811 -0.3570
Pedestrian -1 -1 -3.3057 810.9501 153.3447 834.0693 239.4719 1.7517 0.5096 0.3732 4.5365 1.1797 14.8856 -3.0200 -0.5973
Pedestrian -1 -1 -5.2161 1149.1354 172.4720 1237.0000 373.0000 1.6017 0.6021 0.6286 3.8369 1.5514 4.4256 -4.5364 -1.0328
Car -1 -1 -8.1007 675.9109 170.2424 725.6844 203.3883 1.4496 1.4971 3.2532 4.5144 0.9575 33.1183 -7.9713 -1.1157
Car -1 -1 -4.2401 444.8085 157.4324 485.6565 182.0861 1.9406 1.6723 3.9602 -11.0550 0.0460 58.6783 -4.4303 -1.4292
Car -1 -1 -4.3721 0.0000 182.5089 38.6669 327.5178 1.4631 1.5906 4.2310 -9.1543 1.4803 9.5353 -5.1289 -1.4571
Car -1 -1 -4.1152 407.2996 169.9187 536.7533 233.0279 1.5200 1.5920 3.7601 -3.3930 1.2416 19.3424 -4.2917 -1.4820
Car -1 -1 -4.7956 584.6318 178.7175 617.3568 205.0785 1.3800 1.4769 3.6076 -0.0681 1.2345 39.4679 -4.8024 -1.6051
Cyclist -1 -1 -3.8785 679.3240 159.8483 718.6312 202.9052 1.8018 0.6398 1.6814 4.1715 0.8960 30.8024 -3.7500 -1.9887
