Car -1 -1 -4.5745 528.8728 174.0765 595.4329 222.9916 1.5103 1.6990 4.2573 -1.2641 1.2816 24.3703 -4.6310 6.2937
Pedestrian -1 -1 -8.1429 535.4005 160.2400 587.7106 257.6400 1.8425 0.7166 1.1998 -0.8497 1.4409 14.2751 -8.2068 2.4241
Pedestrian -1 -1 -8.2988 703.3175 174.1436 779.3344 308.5545 1.6075 0.6353 0.8368 1.7025 1.5202 9.0788 -8.1245 2.2297
Pedestrian -1 -1 -2.4683 688.2025 166.1358 725.1699 223.2430 1.7700 0.5866 1.0170 3.3128 1.2942 22.8346 -2.3311 2.1544
Pedestrian -1 -1 -8.1833 849.2206 166.7833 955.9763 372.2306 1.6301 0.5726 0.8612 2.4885 1.5141 6.1400 -7.8188 2.1345
Pedestrian -1 -1 -8.3031 742.7053 170.8191 836.9632 340.3289 1.6482 0.5993 0.9152 1.8899 1.5451 7.4960 -8.0704 1.9099
Pedestrian -1 -1 -8.1588 804.6169 157.7927 853.2319 261.6062 1.8334 0.6473 0.7205 4.0779 1.4153 13.0503 -7.8671 1.8686
Pedestrian -1 -1 -8.4397 793.3975 176.7406 877.3167 314.2390 1.5637 0.5444 0.9047 2.7569 1.5103 8.6811 -8.1466 1.8549
Pedestrian -1 -1 -8.3655 907.1853 159.5671 1064.2235 373.0000 1.6273 0.6688 0.6181 2.3966 1.4964 4.6419 -7.9175 1.4345
Car -1 -1 -7.2552 690.0848 179.5181 767.1960 214.7864 1.3701 1.5399 3.3251 5.2648 1.2935 29.6366 -7.0861 1.4132
Pedestrian -1 -1 -8.0822 658.5801 166.8018 680.3856 218.1705 1.7640 0.5879 0.7967 2.3472 1.2596 25.1027 -7.9951 1.0768
Pedestrian -1 -1 -8.6772 672.6940 164.9771 702.5819 218.0825 1.8261 0.5330 0.9238 2.9982 1.2584 25.2249 -8.5653 0.9552
Pedestrian -1 -1 -6.5226 784.1719 168.1451 829.6119 288.3101 1.6594 0.5273 0.5014 2.8586 1.4756 10.1888 -6.2614 0.6872
Pedestrian -1 -1 -3.8784 755.5674 160.3547 806.9968 269.4310 1.7945 0.5894 0.6108 3.0124 1.4473 12.2239 -3.6473 0.5168
Pedestrian -1 -1 -8.8909 841.0811 159.9432 906.3681 290.8978 1.7372 0.5806 0.6440 3.7260 1.4519 9.9623 -8.5471 0.4653
Cyclist -1 -1 -4.1069 733.8546 177.4940 763.3828 214.0763 1.6764 0.5758 1.5637 6.8926 1.4931 33.6689 -3.9117 0.3062
Pedestrian -1 -1 -5.4465 643.7684 168.5206 654.2877 188.3365 1.8520 0.4970 0.9214 4.5171 0.6386 67.6492 -5.3850 0.2945
Pedestrian -1 -1 -2.8544 705.7723 170.6689 743.5635 249.0050 1.6251 0.4949 0.6829 2.5823 1.4010 15.2725 -2.6952 0.1683
Cyclist -1 -1 -5.1518 769.7797 175.1252 799.4089 218.5584 1.5977 0.5310 1.3970 6.8900 1.3636 27.1611 -4.9108 -0.0110
Pedestrian -1 -1 -4.5295 558.6377 162.3908 573.2000 201.9417 1.9398 0.6325 0.5526 -1.7653 1.0028 35.5464 -4.5837 -0.0438
Pedestrian -1 -1 -4.6601 722.7743 165.9887 735.1964 202.4365 1.8266 0.5843 0.8353 6.4701 1.0494 36.4710 -4.4908 -0.0800
Pedestrian -1 -1 -8.3399 712.0159 170.3981 751.2433 256.7705 1.6444 0.5595 0.5476 2.4955 1.4336 14.0236 -8.1725 -0.3160
Pedestrian -1 -1 -1.8204 211.3249 164.2907 253.5325 252.8959 1.6928 0.6239 0.5430 -7.3020 1.3646 14.1342 -2.2951 -0.4894
Pedestrian -1 -1 -6.2473 706.4530 157.5643 723.2723 188.0410 1.8813 0.5702 1.0180 7.0664 0.4039 44.7179 -6.0963 -0.7571
Pedestrian -1 -1 -4.5876 755.0577 159.6745 771.1085 206.2154 1.9459 0.6084 0.4969 6.8178 1.0337 30.3694 -4.3737 -1.5689
Car -1 -1 -8.1282 681.7878 153.4020 721.7484 184.2728 2.0921 1.7171 4.1389 7.0612 0.1879 50.8518 -7.9958 -1.5719
Pedestrian -1 -1 -5.9089 464.1441 165.1539 479.2355 196.8926 1.7841 0.6177 0.6646 -7.3598 0.8654 40.7468 -6.0914 -1.7857
