Car -1 -1 -4.5739 546.4329 185.5792 598.4122 223.3835 1.4835 1.6915 4.1092 -1.1888 1.6706 30.7711 -4.6174 6.3872
Pedestrian -1 -1 -3.8497 303.4079 179.6580 405.3275 322.8633 1.7355 0.7867 0.9742 -3.2399 1.7138 9.3246 -4.1816 2.9197
Pedestrian -1 -1 -7.9653 759.6039 176.9542 827.9937 336.1680 1.7373 0.6502 0.9049 2.1572 1.6884 8.3288 -7.7255 2.6463
Pedestrian -1 -1 -5.0455 916.6260 167.6019 1003.4935 321.7576 1.7030 0.6638 0.8068 4.1033 1.5501 8.3714 -4.6078 1.9867
Pedestrian -1 -1 -5.0889 785.6970 166.6799 831.7204 250.8076 1.8671 0.6747 1.0265 4.7047 1.5387 16.4888 -4.8206 1.9201
Pedestrian -1 -1 -7.8052 637.5576 173.0600 666.7174 250.8220 1.8890 0.6846 1.2388 1.2540 1.6845 18.1038 -7.7426 1.7800
Pedestrian -1 -1 -4.0502 984.5443 169.7686 1067.8834 332.0650 1.7050 0.5876 0.5353 4.6242 1.5825 7.9215 -3.5418 1.3927
Pedestrian -1 -1 -7.7298 690.0220 183.7855 731.6539 281.9348 1.6183 0.6069 0.9747 1.8590 1.6602 12.4195 -7.5900 1.2380
Pedestrian -1 -1 -8.3631 706.6420 181.2334 762.2731 294.8641 1.6692 0.6031 0.6212 1.9735 1.6659 10.9456 -8.1947 1.2359
Pedestrian -1 -1 -8.6071 730.5777 173.6848 782.0415 259.3133 1.8026 0.5745 0.9874 3.3346 1.6386 15.6926 -8.4066 1.0967
Pedestrian -1 -1 -4.7782 235.1802 183.0960 293.5284 316.1043 1.7059 0.6708 0.6104 -4.5818 1.7290 9.6528 -5.2170 1.0439
Pedestrian -1 -1 -5.6777 766.8390 170.7861 830.6285 271.0544 1.7816 0.5943 0.9750 3.6100 1.5918 13.3267 -5.4237 1.0365
Pedestrian -1 -1 -7.5001 725.3374 184.5750 775.4288 285.6497 1.6093 0.5790 0.8132 2.4434 1.6633 11.9652 -7.3087 0.9175
Pedestrian -1 -1 -6.1300 89.7891 178.6409 124.3611 263.4987 1.8100 0.7539 0.5168 -10.8837 1.7496 15.7738 -6.7317 0.8605
Pedestrian -1 -1 -4.9898 692.1992 177.8083 711.5105 223.2603 1.7369 0.5809 0.6486 3.8631 1.5962 27.8139 -4.8584 0.8020
Pedestrian -1 -1 -7.2955 750.7859 177.6847 807.5056 311.8694 1.6824 0.5069 0.5524 2.2731 1.6352 9.3809 -7.0700 0.7096
Pedestrian -1 -1 -8.4006 669.0850 180.3237 687.9562 222.9857 1.6262 0.4982 0.5716 2.9540 1.5817 27.7469 -8.3008 0.3767
Pedestrian -1 -1 -8.3338 568.8572 178.4406 583.3278 207.0739 1.7926 0.6655 0.6986 -1.6003 1.6011 45.4406 -8.3740 0.3085
Pedestrian -1 -1 -7.8225 727.3749 179.8492 752.1467 244.3890 1.6731 0.6301 0.6629 3.6312 1.6308 19.0122 -7.6418 -0.2452
Pedestrian -1 -1 -7.6260 728.6198 165.4116 741.0875 201.7522 1.8495 0.5359 0.4868 6.8440 1.0309 36.8874 -7.4488 -0.4537
Car -1 -1 -7.7270 668.1940 169.1736 698.0052 195.6817 1.8244 1.6508 4.0491 5.9162 0.9760 51.5998 -7.6184 -0.6911
Car -1 -1 -7.6438 54.6676 174.6679 164.8246 241.8412 1.6316 1.6650 4.0278 -13.3009 1.4662 19.6273 -8.2384 -0.8027
Car -1 -1 -4.2549 670.0914 186.4809 797.1412 253.1052 1.4843 1.6222 3.9898 3.4506 1.6269 18.4026 -4.0776 -0.8165
Pedestrian -1 -1 -7.8605 680.4872 183.5139 696.9132 220.9283 1.5829 0.6895 0.5324 3.7119 1.6702 30.7247 -7.7465 -0.8787
Pedestrian -1 -1 -8.0768 727.7301 176.0788 750.1769 227.1690 1.7992 0.6699 0.5798 4.8719 1.6087 25.6002 -7.8959 -1.0637
Pedestrian -1 -1 -3.8932 705.3043 176.8980 721.1082 207.2434 1.7043 0.5236 0.7246 6.3404 1.4460 40.7660 -3.7450 -1.3172
Car -1 -1 -4.8029 477.2583 177.4439 503.7451 199.4912 1.5174 1.5231 3.7228 -7.9594 1.2382 51.4310 -4.9606 -1.6420
Pedestrian -1 -1 -6.8338 739.8497 172.9248 758.8550 209.5562 1.8142 0.6688 0.6820 7.4027 1.3898 36.0088 -6.6376 -2.0187
Pedestrian -1 -1 -3.3358 720.4527 162.4313 730.4908 199.0378 1.9028 0.5314 0.4197 6.4852 0.9118 37.6099 -3.1712 -2.0197
Car -1 -1 -7.3891 652.1828 170.5594 702.1999 200.8649 1.9464 1.6744 4.1675 5.1526 1.2438 48.3450 -7.2886 -2.0402
Car -1 -1 -4.5675 643.2430 179.5173 667.2274 196.0544 1.4654 1.6303 4.1704 4.9979 1.2894 65.8629 -4.4971 -2.0743
Cyclist -1 -1 -4.5866 149.7844 181.9942 194.7053 284.0910 1.7240 0.4955 1.6242 -7.7727 1.7341 12.9812 -5.1228 -2.1301
