Car -1 -1 -4.5899 549.6093 181.4632 597.3049 219.3996 1.5697 1.6422 4.0992 -1.1898 1.5685 31.8316 -4.6322 6.4697
Pedestrian -1 -1 -7.9401 746.7308 175.1591 806.0695 322.6824 1.7398 0.6154 1.0541 2.1285 1.6657 9.0346 -7.7211 3.8474
Pedestrian -1 -1 -8.2933 703.0536 180.5560 765.3583 291.7930 1.6928 0.6232 0.9516 2.0591 1.6791 11.4734 -8.1255 2.8046
Pedestrian -1 -1 -8.1743 775.2102 172.3835 817.4104 267.1668 1.7653 0.5361 0.8410 3.6948 1.5961 13.8171 -7.9233 2.7816
Pedestrian -1 -1 -7.9749 689.1998 182.5859 730.8553 277.5158 1.6462 0.6191 0.9566 1.9007 1.6671 12.9510 -7.8378 2.3552
Pedestrian -1 -1 -3.8358 341.3282 169.7742 418.1390 300.6372 1.8337 0.7011 0.8265 -3.3106 1.6701 10.6030 -4.1374 2.1610
Pedestrian -1 -1 -4.6613 884.3688 166.9064 939.3243 300.6227 1.7602 0.6741 0.7919 4.2636 1.5687 9.9577 -4.2719 1.9973
Pedestrian -1 -1 -8.5968 784.7801 164.6783 831.0552 248.5467 1.9164 0.5060 0.9943 4.8307 1.5326 16.9717 -8.3289 1.9782
Pedestrian -1 -1 -8.3502 696.8190 177.3610 721.1367 223.3189 1.7769 0.6896 0.7051 4.2009 1.6172 28.2232 -8.2090 1.6670
Pedestrian -1 -1 -4.3721 928.2040 169.8195 992.9423 305.5609 1.6987 0.5568 0.7417 4.6787 1.5532 9.4485 -3.9289 1.4612
Pedestrian -1 -1 -4.5587 274.7623 173.3270 324.9282 297.8211 1.8017 0.6020 0.6576 -4.5616 1.6841 10.7875 -4.9560 1.1042
Pedestrian -1 -1 -8.1404 638.1421 174.6704 674.3770 245.4741 1.7735 0.6804 0.9630 1.3698 1.6029 18.5366 -8.0731 0.8815
Pedestrian -1 -1 -8.0721 735.4808 174.7339 769.0321 253.3732 1.7213 0.5736 0.7782 3.3368 1.5737 16.1186 -7.8766 0.8148
Pedestrian -1 -1 -8.0810 670.9396 178.0871 692.4849 223.2836 1.7440 0.6538 0.8759 3.1239 1.6127 28.1932 -7.9769 0.7764
Car -1 -1 -3.9291 661.1480 184.5831 813.7217 249.3121 1.5036 1.5995 3.9230 3.5418 1.5917 18.6312 -3.7492 0.5249
Pedestrian -1 -1 -6.4568 709.6855 177.5588 742.8835 266.2413 1.7207 0.5617 0.5526 2.4242 1.6448 14.2223 -6.2966 0.4464
Pedestrian -1 -1 -7.8724 694.2656 173.1669 704.8217 201.3784 1.7926 0.6542 0.5997 6.2821 1.2631 45.9781 -7.7424 0.3186
Car -1 -1 -4.7685 714.8101 179.9029 746.3066 206.4464 1.4960 1.5862 3.8828 7.5963 1.4062 42.5060 -4.5978 0.2757
Pedestrian -1 -1 -7.6837 723.7697 176.6525 751.8978 239.8225 1.6898 0.6539 0.6934 3.7026 1.5606 19.6530 -7.5053 0.1704
Pedestrian -1 -1 -7.4985 681.8793 181.3002 701.0056 218.9086 1.6400 0.6641 0.6298 3.9650 1.6316 31.7558 -7.3806 -0.7111
Pedestrian -1 -1 -3.5673 717.5460 167.1712 730.9238 202.7313 1.9037 0.5316 0.5382 6.6226 1.1368 38.7823 -3.4044 -1.3227
Car -1 -1 -4.8524 652.4241 170.2025 685.3605 199.0900 1.8779 1.6614 3.9412 4.5390 1.1435 48.7088 -4.7650 -1.3429
Pedestrian -1 -1 -7.9657 738.4534 157.8478 753.3087 195.5686 1.9852 0.7017 0.6419 7.6618 0.7406 38.1522 -7.7738 -1.5170
Car -1 -1 -7.7606 567.5551 178.6924 596.5844 204.2179 1.6558 1.6366 3.7550 -1.2625 1.4737 48.5210 -7.7915 -1.6027
Pedestrian -1 -1 -4.5148 706.4419 176.5843 719.1012 207.3415 1.7745 0.6145 0.6635 6.4887 1.4910 41.8595 -4.3671 -1.6463
Pedestrian -1 -1 -8.1565 653.0941 177.9113 666.2374 205.7184 1.7248 0.6538 0.6463 3.6447 1.5023 44.9451 -8.0812 -1.6786
Pedestrian -1 -1 -4.5558 180.1808 174.2477 209.7336 246.9460 1.7422 0.5216 0.7594 -10.0210 1.5689 17.6616 -5.0709 -1.8089
Pedestrian -1 -1 -7.9363 726.7177 162.7525 739.6077 199.2305 1.9087 0.6197 0.5723 6.9404 0.9279 37.8993 -7.7614 -1.8207
Pedestrian -1 -1 -7.6624 734.2916 185.8625 768.5610 276.1512 1.5329 0.4891 0.6066 2.5929 1.6124 12.6049 -7.4692 -1.8585
Car -1 -1 -7.4244 478.9537 184.7208 534.6035 214.5611 1.4738 1.5439 3.6429 -4.9379 1.6525 37.8675 -7.5584 -2.0042
Pedestrian -1 -1 -6.1469 488.9592 170.6021 500.4622 197.1231 1.7619 0.7400 0.6711 -7.1347 1.0379 48.0962 -6.2983 -2.1099
