Pedestrian -1 -1 -7.9014 573.8336 162.3378 602.2954 232.5094 1.7454 0.6716 1.0486 -0.3878 1.2693 18.4148 -7.9274 2.7379
Pedestrian -1 -1 -7.8053 605.5628 161.5172 625.4316 213.5992 1.8737 0.6843 1.1444 0.5016 1.1552 26.4349 -7.7916 2.4435
Car -1 -1 -4.6302 545.0909 168.9762 572.9051 191.8905 1.4955 1.5943 3.8706 -2.8386 0.6782 48.8333 -4.6928 2.4264
Pedestrian -1 -1 -7.7180 655.2144 163.2831 681.5592 224.9033 1.6936 0.6290 0.9138 1.8626 1.1934 20.2582 -7.6327 2.1554
Pedestrian -1 -1 -7.3809 615.9406 161.3582 649.2956 228.3880 1.7558 0.5423 0.9216 0.8125 1.2287 19.3508 -7.3448 2.1368
Pedestrian -1 -1 -4.3445 848.4284 138.4775 976.0712 373.0000 1.7796 0.6290 0.9218 2.3425 1.4833 5.5128 -3.9655 1.9199
Pedestrian -1 -1 -4.3929 490.9418 163.3652 538.8522 250.7818 1.7762 0.7380 0.9777 -1.8510 1.4083 15.1469 -4.5179 1.8976
Pedestrian -1 -1 -2.7638 970.8619 114.2446 1107.8210 319.0049 1.9450 0.5993 1.0679 4.4549 1.3069 7.4276 -2.2445 1.5993
Pedestrian -1 -1 -7.5962 378.4205 172.7116 435.4442 288.1046 1.6571 0.6361 0.8222 -2.9352 1.5316 10.7297 -7.8628 0.9003
Pedestrian -1 -1 -8.4366 689.7246 158.8300 720.9974 217.5258 1.7802 0.5558 0.8955 3.1921 1.0931 22.3102 -8.3012 0.8237
Pedestrian -1 -1 -4.9196 630.9201 162.1506 658.6334 231.7566 1.7166 0.5280 0.8564 1.0540 1.2399 18.1792 -4.8677 0.7576
Pedestrian -1 -1 -8.1400 692.2599 159.0059 718.2998 211.7201 1.8214 0.6642 0.9392 3.6298 1.0446 25.3340 -8.0042 0.7040
Pedestrian -1 -1 -7.2000 159.8053 198.9689 262.5345 364.5666 1.4273 0.5376 0.6702 -3.6416 1.5987 6.6444 -7.6913 0.5599
Pedestrian -1 -1 -2.2187 376.6424 190.2671 433.7068 304.1736 1.4309 0.4822 0.5610 -2.6269 1.5513 9.4415 -2.4890 0.5397
Pedestrian -1 -1 -7.5818 671.8857 161.4852 694.8834 218.8322 1.7364 0.5539 0.6529 2.5011 1.1308 22.1557 -7.4758 0.5240
Pedestrian -1 -1 -3.4395 629.7491 161.4055 660.4593 221.7052 1.7382 0.6712 0.7326 1.2477 1.1594 21.1211 -3.3864 0.4610
Pedestrian -1 -1 -7.7692 300.8324 195.3983 356.2714 318.2645 1.4085 0.5790 0.5931 -3.3334 1.5843 8.6821 -8.1319 0.3156
Pedestrian -1 -1 -3.2985 429.5644 188.3781 468.1948 259.9724 1.3519 0.5457 0.6573 -3.0204 1.4902 14.0093 -3.5126 0.2547
Pedestrian -1 -1 -4.3079 471.8322 163.4372 490.1534 206.4321 1.8897 0.6671 0.4826 -5.3595 1.0961 31.8842 -4.4782 0.1894
Pedestrian -1 -1 -7.3401 649.8066 161.5238 667.6508 201.5696 1.8594 0.6535 0.5451 2.6805 0.9321 33.7609 -7.2665 0.1029
Pedestrian -1 -1 -8.1081 519.4786 165.6182 536.7892 203.4567 1.7700 0.6585 0.6996 -3.4891 1.0274 34.0462 -8.2145 -0.0789
Pedestrian -1 -1 -5.9842 469.3336 163.4402 502.0704 229.9348 1.7636 0.5570 0.7429 -3.1506 1.2851 19.3777 -6.1485 -0.0840
Pedestrian -1 -1 -5.8867 615.9835 165.0379 632.0579 204.0346 1.8333 0.6000 0.5797 1.0636 1.0596 34.1625 -5.8609 -0.1647
Pedestrian -1 -1 -4.4888 707.3573 150.5029 724.5756 193.8370 2.0582 0.6330 0.9442 5.5208 0.5862 34.6739 -4.3370 -0.2224
Pedestrian -1 -1 -3.9244 664.1093 165.7573 686.5823 208.9227 1.6724 0.5275 0.7172 2.8875 1.0628 28.2618 -3.8286 -0.3910
Pedestrian -1 -1 -5.3969 17.5529 202.2416 129.5318 373.0000 1.4846 0.4187 0.5394 -3.9249 1.6457 5.2810 -6.0192 -0.4865
Cyclist -1 -1 -7.8727 800.3592 166.9431 818.1433 236.6183 1.5540 0.3500 1.5640 4.8193 1.2299 16.8221 -7.6031 -0.4995
Pedestrian -1 -1 -4.8504 162.6663 175.1356 212.8037 301.8362 1.6955 0.5142 0.7243 -5.8435 1.6110 10.0564 -5.3714 -0.5779
Pedestrian -1 -1 -5.8520 212.9683 196.3413 302.7836 337.3179 1.4301 0.6281 0.6632 -3.6999 1.5958 7.6714 -6.2943 -0.7939
Pedestrian -1 -1 -5.8444 382.1773 163.2656 396.9023 213.2287 1.8547 0.5123 0.3466 -7.9686 1.1782 26.9448 -6.1344 -0.9747
Cyclist -1 -1 -7.9604 933.0828 162.6926 972.4922 266.2315 1.5468 0.3708 1.5910 5.5791 1.2665 11.5443 -7.5244 -1.0457
Pedestrian -1 -1 -3.5857 772.2123 154.9025 805.1661 220.5688 1.7965 0.6230 0.6843 5.1820 1.0694 20.0255 -3.3408 -1.1961
Pedestrian -1 -1 -2.6970 527.6947 167.2657 540.5764 201.7076 1.8368 0.6505 0.4580 -3.6286 1.0778 38.6922 -2.7949 -1.4755
Pedestrian -1 -1 -2.9336 224.3249 208.1584 330.2424 373.0000 1.3948 0.5434 0.5859 -2.3388 1.5975 5.1155 -3.3504 -2.0173
Pedestrian -1 -1 -4.2643 450.4590 170.9225 497.1086 251.5025 1.6382 0.6159 0.9630 -2.7196 1.4237 15.1496 -4.4444 -2.1863
