Pedestrian -1 -1 -8.1742 241.3904 174.1723 319.0123 311.4054 1.6698 0.6398 0.9895 -4.2248 1.5813 9.3212 -8.5952 5.2087
Cyclist -1 -1 -4.7507 492.2715 166.2772 512.2241 213.5145 1.7739 0.6910 1.7275 -3.8829 1.2026 27.8866 -4.8928 4.8781
Pedestrian -1 -1 -8.2747 340.2021 172.3018 429.2356 340.9657 1.6651 0.5603 0.9589 -2.3658 1.5750 7.6370 -8.5718 3.4435
Pedestrian -1 -1 -8.5872 464.8421 160.8084 596.2589 373.0000 1.7257 0.5914 0.9802 -0.6588 1.5682 6.0406 -8.6979 3.1783
Pedestrian -1 -1 -2.2228 405.9199 163.6005 470.7086 271.7074 1.8301 0.5898 1.0679 -2.9388 1.5277 12.7281 -2.4509 2.9730
Pedestrian -1 -1 -2.2810 363.2182 175.7879 446.4196 312.9465 1.6186 0.5767 0.8625 -2.5004 1.5519 8.9566 -2.5518 2.9184
Pedestrian -1 -1 -7.4130 250.4310 160.8331 303.2877 261.0587 1.8741 0.6900 0.7070 -6.2607 1.4883 13.7915 -7.8375 2.7829
Pedestrian -1 -1 -5.3409 430.8121 169.2396 504.6284 297.7050 1.6831 0.6397 0.8223 -1.8975 1.5231 9.9255 -5.5309 1.6566
Car -1 -1 -4.4364 351.1729 179.2926 477.0942 254.5132 1.5051 1.6333 4.5203 -4.1844 1.4615 16.6552 -4.6842 1.3011
Pedestrian -1 -1 -5.1814 521.6697 165.7974 536.7289 196.6194 1.9291 0.5319 1.0435 -4.5785 0.9464 45.5424 -5.2860 1.1471
Pedestrian -1 -1 -4.9436 492.9704 171.8912 563.8190 344.8381 1.6543 0.5351 0.8388 -0.8143 1.5631 7.3563 -5.0563 1.0953
Pedestrian -1 -1 -7.7317 574.7602 169.3642 594.7802 214.7159 1.6889 0.6832 0.6684 -0.6473 1.2374 27.1158 -7.7605 1.0155
Pedestrian -1 -1 -4.5438 646.3083 163.8734 668.3337 214.4413 1.7752 0.6773 0.7226 1.9750 1.1568 25.6491 -4.4729 0.9648
Pedestrian -1 -1 -7.3522 296.5467 170.2910 335.1130 236.9155 1.7555 0.8228 0.4954 -7.6716 1.4606 19.2229 -7.7326 0.9609
Pedestrian -1 -1 -5.4567 332.0103 174.2640 385.5395 271.3268 1.6687 0.5010 0.7848 -4.3516 1.5449 12.7569 -5.7848 0.9470
Pedestrian -1 -1 -6.5401 663.0516 169.9779 689.2706 213.0429 1.5827 0.7523 0.8049 2.7630 1.1596 26.8348 -6.4436 0.8835
Pedestrian -1 -1 -7.4334 279.0243 176.8702 302.5640 222.9027 1.7118 0.5687 0.7281 -11.7271 1.5400 27.0796 -7.8437 0.7617
Pedestrian -1 -1 -8.1646 552.9744 169.8358 576.8537 212.6836 1.6709 0.7295 0.8133 -1.4747 1.2164 28.5230 -8.2209 0.7514
Pedestrian -1 -1 -8.1241 437.0119 166.9406 459.8014 218.1543 1.7788 0.6457 0.6106 -5.4316 1.2735 25.3702 -8.3381 0.5997
Pedestrian -1 -1 -4.5681 346.6687 165.1393 377.1507 240.7526 1.8551 0.6322 0.7151 -6.0398 1.4543 18.0323 -4.8923 0.4265
Cyclist -1 -1 -4.3012 239.0022 168.9789 278.5865 223.2197 1.8164 0.5836 1.7765 -11.9037 1.3975 24.9539 -4.7473 0.3858
Pedestrian -1 -1 -5.0236 494.5333 166.3910 560.6211 295.0324 1.7131 0.6664 0.9323 -1.1018 1.5125 10.1275 -5.1351 0.1534
Pedestrian -1 -1 -3.9025 668.2767 154.6487 701.6035 212.3995 1.9254 0.6153 0.9750 2.8218 1.0306 24.4896 -3.7941 -0.1551
Pedestrian -1 -1 -4.9492 312.0207 170.6788 354.8430 265.2324 1.7302 0.6476 0.5388 -5.0986 1.5328 13.5494 -5.3083 -0.1797
Pedestrian -1 -1 -6.3403 356.6461 163.9517 398.8286 285.1881 1.8343 0.6225 0.5946 -3.5590 1.5694 11.2648 -6.6455 -0.2568
Pedestrian -1 -1 -7.8231 645.4900 154.4777 660.1103 195.6272 1.9988 0.6963 0.9354 2.5247 0.6865 35.3917 -7.7573 -0.3110
Pedestrian -1 -1 -7.5350 615.1228 172.2215 643.4052 228.9979 1.5819 0.6751 0.5199 0.7596 1.3239 20.3747 -7.5035 -0.6131
Car -1 -1 -6.1955 200.3592 183.4276 306.3879 223.2265 1.4366 1.5542 3.5209 -13.2038 1.5141 27.4106 -6.6458 -0.6765
Cyclist -1 -1 -7.9758 601.4214 171.7510 622.7491 225.5663 1.6175 0.4538 1.6624 0.2916 1.3249 22.4418 -7.9681 -0.9737
Pedestrian -1 -1 -2.9615 302.5662 168.4433 316.9035 197.2288 1.7521 0.6791 0.7084 -17.9136 0.9575 44.1292 -3.3499 -1.1473
Pedestrian -1 -1 -6.1895 171.1917 167.2052 188.9657 207.2949 1.8022 0.6462 0.6428 -19.2021 1.1599 32.7207 -6.7217 -1.4177
Pedestrian -1 -1 -4.2996 627.4324 155.2974 644.5542 189.7127 1.8857 0.6867 0.8059 1.9168 0.4501 39.8719 -4.2567 -1.5063
Pedestrian -1 -1 -4.7958 565.8402 166.3973 582.0804 209.8068 1.7985 0.6101 0.8313 -1.1778 1.1731 30.2131 -4.8395 -1.5703
Pedestrian -1 -1 -5.0035 214.9684 173.5408 230.7142 202.9604 1.6786 0.6233 0.7164 -21.8537 1.2246 41.4609 -5.4910 -1.7998
Pedestrian -1 -1 -5.0278 711.6548 148.0580 741.9142 211.6283 1.9864 0.6574 1.0375 3.9768 0.9419 23.0088 -4.8636 -1.9536
