Car -1 -1 -4.4377 213.2564 183.3492 399.4916 299.7665 1.4954 1.6126 4.1600 -4.4670 1.5310 11.4424 -4.8079 6.8709
Cyclist -1 -1 -4.7254 431.0507 162.6702 469.7248 262.7910 1.8020 0.6855 1.7564 -2.9724 1.4637 13.8612 -4.9383 6.2369
Pedestrian -1 -1 -7.9693 381.8667 166.3081 408.1475 221.6398 1.8287 0.7185 1.2207 -7.0581 1.3270 24.4424 -8.2527 2.1532
Pedestrian -1 -1 -4.8706 649.6960 162.2009 675.6943 229.3972 1.7134 0.5699 0.6653 1.5519 1.2218 18.6712 -4.7941 1.7592
Pedestrian -1 -1 -7.8255 93.9397 164.3573 166.3292 334.7458 1.7699 0.6436 0.5997 -5.2031 1.5925 7.8848 -8.3996 1.5016
Pedestrian -1 -1 -5.8138 160.9210 160.6545 269.5779 308.5328 1.7844 0.4779 1.0908 -4.8244 1.5335 8.9178 -6.3034 1.4706
Pedestrian -1 -1 -8.1545 209.9969 167.7119 306.5607 360.5192 1.7218 0.6296 0.8087 -3.3659 1.5994 6.9256 -8.5986 1.2007
Pedestrian -1 -1 -6.2230 91.4971 163.5795 147.0231 296.8314 1.8137 0.5647 0.6191 -6.8628 1.5704 10.1769 -6.8101 1.1403
Pedestrian -1 -1 -7.8025 0.0000 170.8636 115.1052 373.0000 1.6163 0.5534 0.7158 -3.2901 1.5604 4.2765 -8.4360 1.0486
Pedestrian -1 -1 -7.9166 500.7115 169.8224 518.6068 216.2427 1.7133 0.6083 0.8794 -3.4771 1.2826 27.0022 -8.0485 1.0063
Pedestrian -1 -1 -7.2886 138.6269 173.5648 239.0233 355.2306 1.6888 0.6611 0.5327 -4.0324 1.6158 6.9604 -7.8038 0.9274
Pedestrian -1 -1 -8.2242 510.9963 167.9101 535.2885 215.8813 1.7795 0.6060 0.9552 -2.9928 1.2757 27.2104 -8.3379 0.8707
Pedestrian -1 -1 -4.1418 0.0000 167.7061 74.6315 310.8449 1.7899 0.6830 0.5731 -7.4142 1.6181 9.3002 -4.8069 0.8096
Pedestrian -1 -1 -2.9786 0.0000 181.4563 21.3257 219.7646 1.7525 0.7116 0.6910 -27.4481 1.7508 33.3432 -3.6686 0.6498
Pedestrian -1 -1 -2.2729 465.6043 168.1682 481.8683 198.5796 1.8064 0.5542 0.8322 -7.6699 1.0146 43.1468 -2.4527 0.5008
Pedestrian -1 -1 -7.4822 595.8516 169.2324 632.1888 245.7995 1.5989 0.6384 0.5066 0.2323 1.3433 15.3542 -7.4727 0.3857
Cyclist -1 -1 -5.8587 585.7006 166.2826 665.4333 241.5141 1.6367 0.6476 1.6888 0.5047 1.3062 16.2861 -5.8335 0.3738
Pedestrian -1 -1 -8.5079 656.8557 166.8845 693.1608 221.7786 1.6205 0.6775 0.9104 2.1943 1.1895 21.7706 -8.4138 0.3366
Pedestrian -1 -1 -5.8362 169.1838 172.0614 229.1420 294.0298 1.6951 0.5599 0.5620 -5.7915 1.5646 10.2801 -6.3441 -0.0286
Pedestrian -1 -1 -2.7561 0.0000 178.1795 44.0699 360.7069 1.6726 0.5215 0.4225 -5.7671 1.6429 6.8937 -3.4402 -0.1858
Cyclist -1 -1 -4.4583 135.8623 180.6032 176.2933 242.8855 1.6389 0.5800 1.5256 -12.2347 1.6158 19.7172 -5.0130 -0.2352
Pedestrian -1 -1 -3.9264 104.8066 175.1341 186.1292 317.6521 1.6791 0.5259 0.6703 -5.6506 1.6048 8.8487 -4.4872 -0.4312
Pedestrian -1 -1 -5.1249 543.9690 170.3865 569.5174 225.6008 1.6563 0.5944 0.5793 -1.3973 1.3234 21.9421 -5.1930 -0.6708
Pedestrian -1 -1 -5.2604 176.9760 165.6296 201.8122 202.5034 1.7849 0.6394 0.9821 -20.2507 1.0169 35.2872 -5.7831 -0.8004
Cyclist -1 -1 -2.7912 164.2921 168.0301 210.9838 209.0436 1.8353 0.6528 1.7185 -18.7868 1.2328 32.6146 -3.3154 -1.3890
Cyclist -1 -1 -3.7476 40.7826 167.7450 96.2344 216.4795 1.7752 0.5964 1.6278 -20.0519 1.2746 27.0327 -4.3862 -1.4238
Cyclist -1 -1 -7.7891 585.7042 170.3396 607.6553 240.5711 1.6199 0.4362 1.7133 -0.1391 1.3630 17.4351 -7.8024 -1.4322
Pedestrian -1 -1 -7.8983 573.7577 162.5193 586.9054 194.7170 1.8362 0.7221 0.6950 -1.2192 0.7539 41.3397 -7.9325 -1.8086
Car -1 -1 -7.4527 0.0000 196.3175 112.2257 287.2960 1.5091 1.5276 3.6591 -11.5220 1.8498 14.5215 -8.1202 -1.9047
Pedestrian -1 -1 -4.9035 608.6238 152.8887 624.7523 193.1937 1.9269 0.6268 0.8486 0.7239 0.5593 34.8138 -4.8877 -1.9783
Pedestrian -1 -1 -2.5008 7.6935 180.1346 28.1679 215.3976 1.7290 0.5461 0.5736 -28.8487 1.6623 35.5071 -3.1845 -1.9789
Pedestrian -1 -1 -4.4878 71.8291 189.3142 97.2202 242.3027 1.5036 0.4878 0.5529 -15.0187 1.7345 20.8357 -5.1117 -2.0634
Pedestrian -1 -1 -6.5771 561.1660 159.7712 579.3437 190.7224 1.9039 0.6451 0.9823 -1.9370 0.5674 44.6552 -6.6251 -2.0823
