Car -1 -1 -4.5645 533.9363 175.1953 606.7554 230.0306 1.5179 1.6448 4.1992 -0.8829 1.3438 22.0568 -4.6093 7.5219
Pedestrian -1 -1 -8.2901 688.1887 176.9829 776.6306 328.8955 1.6109 0.6628 0.8836 1.4121 1.5637 8.1328 -8.1296 3.6586
Pedestrian -1 -1 -8.0921 504.9539 163.5077 559.2761 268.3252 1.8227 0.7176 1.2102 -1.3318 1.5104 13.1815 -8.1964 3.6508
Pedestrian -1 -1 -8.5676 748.8076 168.8117 824.3504 286.2438 1.7142 0.6332 0.9813 2.7914 1.5296 11.0672 -8.3317 3.2250
Pedestrian -1 -1 -8.3469 782.7710 169.6804 894.3173 373.0000 1.6826 0.5554 0.9172 2.0213 1.5867 6.3755 -8.0577 2.0360
Pedestrian -1 -1 -8.6357 865.7658 160.7541 961.5140 314.1838 1.7657 0.6224 0.8927 3.7554 1.5276 8.7985 -8.2487 1.8718
Pedestrian -1 -1 -8.6344 823.0267 176.6522 931.8839 342.6669 1.6125 0.5937 0.9019 2.8139 1.5661 7.5116 -8.2932 1.6666
Pedestrian -1 -1 -8.3351 670.5564 173.6540 720.8943 262.0611 1.6316 0.5503 1.0028 1.7596 1.4874 13.8233 -8.2164 1.6629
Pedestrian -1 -1 -6.8498 676.8149 164.4402 715.5125 225.3335 1.8314 0.6019 1.0159 2.8824 1.3188 22.0940 -6.7268 1.3347
Pedestrian -1 -1 -5.9501 684.4332 176.2699 733.2192 270.9591 1.6041 0.4934 0.7246 1.8349 1.5161 12.5530 -5.8135 1.3239
Pedestrian -1 -1 -8.1363 669.3646 169.0130 692.5135 219.9388 1.6983 0.5937 0.7374 2.6659 1.2823 24.3708 -8.0337 1.2962
Pedestrian -1 -1 -8.1711 943.1118 159.9229 1062.9249 373.0000 1.6347 0.5208 0.7315 2.7719 1.4939 5.1156 -7.7015 1.2004
Pedestrian -1 -1 -8.4634 987.7875 152.1618 1230.7280 373.0000 1.7191 0.7439 0.6712 2.4515 1.5864 3.6233 -7.9075 1.1415
Pedestrian -1 -1 -5.4394 252.3156 167.0118 300.0818 249.4438 1.6934 0.6232 0.6834 -6.9080 1.3963 15.1801 -5.8654 1.1387
Pedestrian -1 -1 -4.9236 813.9213 157.7564 867.3314 276.3140 1.8809 0.6599 0.8486 3.8841 1.5048 11.8495 -4.6189 0.6729
Pedestrian -1 -1 -6.9328 810.8186 167.2830 884.4001 310.9403 1.7138 0.6271 0.6110 3.0141 1.5449 8.9669 -6.6230 0.5770
Pedestrian -1 -1 -5.6279 146.8035 166.7872 203.5920 271.0701 1.6587 0.6663 0.4989 -7.0266 1.4253 11.7865 -6.1613 0.2907
Pedestrian -1 -1 -4.9785 739.5714 165.3736 755.9526 205.1635 1.8390 0.5964 0.6465 6.8164 1.0939 33.5435 -4.7846 0.1898
Pedestrian -1 -1 -3.5663 768.7957 160.4529 787.6277 209.3311 1.9352 0.5459 0.5537 7.0552 1.1023 28.7618 -3.3330 -0.3515
Pedestrian -1 -1 -5.0075 41.4632 155.4357 111.1529 290.3190 1.7876 0.6733 0.4634 -7.2991 1.4428 9.9282 -5.6345 -0.7381
Car -1 -1 -8.0601 934.7769 155.6981 1022.1216 214.9454 1.7113 1.6708 3.7173 11.7945 0.9665 22.7603 -7.5917 -1.1874
Car -1 -1 -7.4891 577.0395 167.7409 610.5532 186.4619 1.5653 1.6193 3.9360 -0.5961 0.4147 62.1860 -7.5035 -1.3047
Pedestrian -1 -1 -5.6512 734.0063 173.5166 760.3105 216.7861 1.5232 0.6434 0.6755 5.1993 1.2425 25.7531 -5.4591 -1.3827
Car -1 -1 -2.8968 660.5327 177.6279 766.5869 218.0716 1.4252 1.5894 3.6289 4.1541 1.2891 26.7415 -2.7493 -1.5305
Pedestrian -1 -1 -7.7207 448.3101 172.7306 461.8067 203.7934 1.6961 0.6516 0.6453 -8.0640 1.2174 39.5680 -7.9255 -1.5802
Pedestrian -1 -1 -8.6346 619.0413 167.4465 632.1461 192.3768 1.8552 0.6570 0.7339 1.8305 0.8093 53.9465 -8.6058 -1.5998
Pedestrian -1 -1 -8.0442 731.6764 168.6437 746.8495 201.3185 1.8311 0.7206 0.6892 7.7842 1.1108 40.6034 -7.8610 -1.6851
Pedestrian -1 -1 -8.2774 792.5779 160.8009 818.8910 209.6781 1.8851 0.6423 0.9804 8.0025 1.0871 28.2387 -8.0088 -1.9241
Pedestrian -1 -1 -5.7233 644.9938 171.7301 654.8336 191.8079 1.8381 0.5388 0.7304 4.5018 0.9434 66.1957 -5.6606 -1.9334
Pedestrian -1 -1 -7.7182 477.1444 169.8047 496.4601 218.7191 1.7140 0.6054 0.5889 -4.0859 1.3046 25.4737 -7.8808 -1.9866
