Cyclist -1 -1 -4.4861 465.5675 167.4252 511.4717 263.5443 1.7171 0.5176 1.6313 -2.1644 1.4663 13.6635 -4.6458 6.2602
Cyclist -1 -1 -4.6273 511.5949 168.1506 536.2653 226.5480 1.7631 0.6288 1.8437 -2.4534 1.3606 22.6181 -4.7394 5.3655
Cyclist -1 -1 -4.5184 540.1639 165.4784 574.0673 233.9256 1.7924 0.5945 1.8646 -1.2322 1.3734 19.7737 -4.5851 4.3375
Pedestrian -1 -1 -7.7416 325.3914 161.8744 381.0683 291.9116 1.7813 0.6566 0.9866 -3.6166 1.5131 10.3933 -8.0745 3.1536
Pedestrian -1 -1 -8.0914 689.4589 160.8400 754.3854 277.9460 1.6968 0.7448 1.0120 1.7684 1.3981 10.9444 -7.9406 2.9829
Pedestrian -1 -1 -8.1893 634.5966 166.0607 691.9401 282.6710 1.6719 0.6211 0.7949 0.8681 1.4512 10.7634 -8.1165 2.3410
Pedestrian -1 -1 -7.6948 735.9465 163.6883 758.7956 221.3178 1.6833 0.5517 0.8307 4.3351 1.1635 21.4666 -7.5031 1.7648
Car -1 -1 -7.7782 649.9700 172.1975 681.5042 198.7247 1.5322 1.6453 3.7148 3.9287 0.9950 43.4569 -7.6936 1.7294
Pedestrian -1 -1 -6.5341 622.6647 170.4774 639.3330 199.6120 1.7215 0.5207 0.8888 1.7598 1.0703 42.7951 -6.4983 1.6809
Pedestrian -1 -1 -8.7644 683.0967 164.8742 714.2505 221.0713 1.7301 0.7161 0.6756 3.0315 1.2187 22.6071 -8.6378 1.4217
Pedestrian -1 -1 -3.6331 182.1771 169.2925 225.2222 262.0951 1.8179 0.6780 0.4972 -8.0488 1.5793 14.4641 -4.1387 1.2295
Car -1 -1 -7.8639 527.7531 176.9928 553.0872 201.3203 1.4897 1.5488 3.7114 -3.9238 1.2137 45.9097 -7.9537 0.7436
Pedestrian -1 -1 -6.5479 466.6703 168.3980 496.8673 219.7189 1.7992 0.6303 0.9298 -4.3020 1.3403 25.6654 -6.7175 0.7084
Pedestrian -1 -1 -6.1028 721.5511 163.0285 749.5740 218.1970 1.7593 0.5504 0.8118 4.3260 1.1707 23.3065 -5.9264 0.5183
Pedestrian -1 -1 -3.3315 592.8867 172.9824 604.6363 194.1020 1.8040 0.4933 0.9309 -0.2030 1.0762 61.6921 -3.3397 0.3335
Pedestrian -1 -1 -6.9813 413.9119 175.1691 433.4004 209.6048 1.7931 0.7247 0.6946 -9.3852 1.4637 37.8985 -7.2276 0.3078
Car -1 -1 -7.4181 630.1675 175.3039 673.9561 199.0453 1.4715 1.5163 3.4624 3.3113 1.0875 46.4046 -7.3522 0.2455
Pedestrian -1 -1 -6.0769 200.4020 168.3878 249.1717 243.4251 1.8028 0.6503 0.9526 -9.3024 1.4883 17.7009 -6.5600 0.1813
Pedestrian -1 -1 -3.9747 740.1331 163.7627 764.8182 204.8519 1.8045 0.6160 0.9287 6.7282 1.0258 32.0693 -3.7745 0.1503
Pedestrian -1 -1 -6.8825 720.5286 161.5002 742.6359 202.3249 1.9052 0.6383 0.8092 6.1422 0.9721 33.9805 -6.7101 -0.2008
Pedestrian -1 -1 -6.3178 759.5629 147.8515 798.4349 225.2737 1.9283 0.5125 0.9346 4.4625 1.0908 18.2338 -6.0862 -0.2738
Car -1 -1 -7.7146 78.6476 178.6041 139.8769 216.9456 1.5847 1.6778 4.2427 -21.8175 1.4653 31.9619 -8.3148 -0.2933
Pedestrian -1 -1 -6.6658 747.8699 149.3596 783.8557 223.8146 1.9454 0.5738 0.7721 4.3361 1.1061 19.1160 -6.4508 -0.3841
Car -1 -1 -7.7414 446.4426 169.5466 476.0219 196.6551 1.8386 1.6404 3.8889 -9.8473 1.0279 50.7255 -7.9372 -0.4861
Car -1 -1 -7.3976 602.0216 171.6843 639.3358 192.4446 1.7224 1.6489 3.9494 1.7172 0.9078 61.7285 -7.3748 -0.6893
Pedestrian -1 -1 -7.8067 38.0995 194.9551 79.8516 279.6380 1.4991 0.5819 0.8058 -10.1252 1.7594 13.3708 -8.4509 -0.7408
Car -1 -1 -7.1139 457.9071 180.6960 549.5297 218.3806 1.4004 1.5568 3.6750 -3.8491 1.3709 28.6496 -7.2514 -0.7419
Pedestrian -1 -1 -5.8745 35.3443 184.0172 72.3037 259.2060 1.6706 0.5676 0.4821 -12.4675 1.7294 16.3155 -6.5246 -1.5446
Pedestrian -1 -1 -5.7211 609.6315 170.8728 622.2319 193.0778 1.8404 0.4711 0.9459 1.2356 0.9594 59.9937 -5.7055 -1.6462
Car -1 -1 -4.5201 379.9768 181.4801 442.5544 221.8835 1.3730 1.5372 3.7469 -6.9109 1.3728 26.3317 -4.7795 -1.8605
