Cyclist -1 -1 -4.4001 642.4411 171.3508 663.1737 204.9397 1.7905 0.5786 1.9258 2.8167 1.2497 39.2932 -4.3340 3.1837
Pedestrian -1 -1 -7.7830 485.5392 168.5119 513.4335 235.3957 1.7935 0.6964 1.0223 -2.8326 1.4457 19.7982 -7.9286 2.7366
Pedestrian -1 -1 -7.9159 674.5672 171.8178 703.1554 233.7103 1.7364 0.7480 0.9676 2.4719 1.4652 20.6547 -7.8036 2.4305
Pedestrian -1 -1 -8.1343 652.1045 172.5338 681.2708 234.7305 1.7287 0.5867 0.9290 1.8200 1.4800 20.4787 -8.0521 2.1292
Pedestrian -1 -1 -8.0328 562.4897 172.0481 577.4269 208.1936 1.8087 0.5993 0.9133 -1.6103 1.3360 36.4578 -8.0817 1.7127
Cyclist -1 -1 -5.1751 576.4573 173.9457 599.1766 204.7643 1.7902 0.5433 1.9141 -0.8207 1.3515 42.7006 -5.1993 1.0549
Pedestrian -1 -1 -4.8629 345.9836 183.3292 371.5484 238.7704 1.4991 0.5706 0.6951 -6.7560 1.5513 19.8918 -5.1917 0.9571
Pedestrian -1 -1 -8.0551 720.3186 172.5822 737.7888 209.9521 1.6979 0.6504 0.7416 5.8476 1.2930 33.0178 -7.8863 0.7001
Pedestrian -1 -1 -7.4648 705.3917 171.4336 722.6370 207.2132 1.8550 0.6314 0.8311 5.9134 1.3333 37.7611 -7.3156 0.6081
Car -1 -1 -4.6268 595.1946 175.5895 617.4882 194.1048 1.5326 1.5990 3.9315 0.4768 1.0432 61.4892 -4.6241 0.2363
Pedestrian -1 -1 -4.2654 698.5781 175.8938 714.5267 206.2418 1.6417 0.5963 0.7624 5.7540 1.3386 39.3411 -4.1262 -0.1688
Pedestrian -1 -1 -3.6344 163.5006 168.5785 208.4851 237.9126 1.7775 0.5576 0.8660 -10.9760 1.4468 18.9311 -4.1591 -0.3492
Pedestrian -1 -1 -7.8661 758.1335 155.6393 773.4581 198.2837 1.9386 0.6740 0.6161 7.5389 0.7633 33.0263 -7.6483 -0.4251
Cyclist -1 -1 -7.8548 843.2895 194.5117 884.4431 334.9195 1.4531 0.4118 1.6189 3.0030 1.6214 8.4212 -7.5279 -0.6220
Car -1 -1 -8.0089 434.4033 184.9600 493.3848 225.3037 1.3668 1.5773 3.6736 -5.1901 1.5052 26.6737 -8.2045 -0.7459
Pedestrian -1 -1 -4.9551 1079.0442 173.0809 1153.9768 305.9554 1.6527 0.6815 0.4886 6.5893 1.5487 9.2824 -4.3566 -0.8427
Pedestrian -1 -1 -5.2449 347.9894 166.5174 366.6044 203.1339 1.7763 0.6367 0.6241 -12.0048 1.0497 35.2924 -5.5755 -0.8467
Pedestrian -1 -1 -3.3347 848.9607 182.6502 895.8666 287.3001 1.5770 0.5340 0.5808 4.1462 1.5960 11.1389 -2.9916 -1.0217
Car -1 -1 -7.5569 46.2339 159.1880 159.3366 230.1218 1.8029 1.6072 3.6584 -13.9286 1.2363 20.2434 -8.1586 -1.1324
Pedestrian -1 -1 -7.7917 361.0918 179.0040 385.2285 239.8720 1.5921 0.5791 0.6110 -6.1154 1.5273 19.1562 -8.1022 -1.2380
Cyclist -1 -1 -3.8044 710.4680 157.9451 795.8831 250.1736 1.9551 0.5959 1.8942 3.3332 1.4563 15.9185 -3.6067 -1.3063
Cyclist -1 -1 -7.0464 753.9702 164.7982 797.5410 211.8932 1.9105 0.6601 1.8151 7.2393 1.2333 29.8853 -6.8158 -1.4196
Car -1 -1 -4.5118 483.8047 180.0181 537.5057 214.5220 1.4583 1.6391 4.0949 -4.0429 1.3960 32.4617 -4.6399 -1.4781
Car -1 -1 -7.4483 553.6852 179.3088 601.1193 203.8924 1.4605 1.6346 3.7058 -1.4450 1.3304 44.6996 -7.4854 -1.5147
Pedestrian -1 -1 -7.0231 365.6982 161.0298 385.8261 193.3272 1.8817 0.6952 0.9019 -13.3227 0.6892 42.4162 -7.3305 -1.5613
Pedestrian -1 -1 -3.5698 781.7823 163.3195 812.0796 217.2064 1.8977 0.7162 0.8198 6.9691 1.2578 25.7195 -3.3129 -1.5920
Pedestrian -1 -1 -7.4049 442.2354 172.7261 460.5346 214.0178 1.7186 0.5530 0.5942 -6.3343 1.3538 30.2522 -7.6147 -1.6040
Pedestrian -1 -1 -5.7158 436.8626 173.2613 457.8004 212.2241 1.8006 0.7108 0.6859 -7.2283 1.4201 33.6481 -5.9310 -1.6089
Pedestrian -1 -1 -6.8691 778.6049 156.6724 794.4738 207.8098 1.9631 0.4939 0.3854 7.1594 1.0104 27.8738 -6.6250 -1.6933
Pedestrian -1 -1 -4.7563 799.4089 183.5441 858.8203 355.7392 1.5917 0.5103 0.6125 2.1540 1.6133 7.0060 -4.4745 -1.7137
Cyclist -1 -1 -7.3135 64.8716 181.3216 167.5331 298.2974 1.5889 0.4287 1.7189 -7.1621 1.5871 10.6257 -7.9009 -1.7216
