Car -1 -1 -4.1112 0.0000 198.0287 416.3924 373.0000 1.5022 1.6478 4.1271 -2.8600 1.6665 4.9798 -4.6172 7.0342
Pedestrian -1 -1 -4.4813 519.9521 173.8638 549.8981 229.0962 1.7791 0.7671 1.0629 -2.2134 1.5336 23.7163 -4.5786 3.0247
Pedestrian -1 -1 -7.8473 670.7719 173.0978 692.3294 226.3951 1.7978 0.7237 1.0174 2.7356 1.5148 24.7755 -7.7437 2.5863
Pedestrian -1 -1 -5.4213 929.9347 150.4684 1026.8140 303.3118 1.7716 0.7446 0.7382 4.5378 1.4126 8.7756 -4.9617 1.3833
Car -1 -1 -4.6869 618.0909 176.8799 636.7790 196.0401 1.7863 1.7169 3.7990 2.5568 1.3552 68.9149 -4.6550 1.3667
Pedestrian -1 -1 -7.9871 649.7350 176.1536 670.3369 226.4367 1.6984 0.5997 0.7882 1.9814 1.5182 24.6735 -7.9131 1.3247
Pedestrian -1 -1 -5.1362 598.0416 176.3187 612.5480 206.0837 1.6811 0.5233 0.8475 0.2157 1.3886 41.0652 -5.1361 1.2099
Pedestrian -1 -1 -7.2835 787.5775 169.9929 864.5860 327.1585 1.6202 0.4885 0.7368 2.4018 1.5023 7.8315 -7.0011 0.8864
Pedestrian -1 -1 -8.1180 883.7295 180.0774 937.1187 263.2593 1.5460 0.8131 0.5478 5.8278 1.5202 13.6742 -7.7274 0.8281
Pedestrian -1 -1 -1.7165 18.5369 176.0724 115.0833 372.2706 1.7246 0.6361 0.7486 -5.1188 1.6776 6.8039 -2.3494 0.7849
Pedestrian -1 -1 -7.5149 568.1792 181.0258 581.4359 207.1350 1.5540 0.6149 0.6576 -1.5969 1.5259 43.1599 -7.5568 0.4774
Car -1 -1 -5.7035 5.9451 193.8826 131.1160 238.1126 1.5011 1.5709 3.2817 -19.0508 1.9605 25.7500 -6.3409 -0.2004
Pedestrian -1 -1 -5.3933 302.8113 171.4943 319.0873 213.2343 1.8342 0.5466 0.3906 -12.9138 1.3948 31.8998 -5.7802 -0.2648
Car -1 -1 -4.5924 464.8148 183.8433 521.9114 226.6572 1.4928 1.6608 4.3943 -4.0725 1.5901 27.5103 -4.7432 -0.5959
Cyclist -1 -1 -7.3719 678.4153 176.4132 722.7146 240.5827 1.6916 0.5005 1.6731 2.7112 1.5581 19.7656 -7.2428 -0.6540
Pedestrian -1 -1 -7.9077 453.7643 180.3751 471.2758 224.9828 1.6603 0.6125 0.6378 -5.2703 1.6189 27.1218 -8.1031 -0.6740
Cyclist -1 -1 -3.7367 5.3335 185.0520 85.2440 254.9371 1.7689 0.6080 1.6223 -14.8118 1.8683 19.1359 -4.3941 -0.6888
Pedestrian -1 -1 -4.7698 710.8812 174.0562 744.2310 257.8190 1.6617 0.6205 0.7111 2.5202 1.5146 14.6365 -4.6077 -0.7299
Pedestrian -1 -1 -6.7728 472.1201 175.9652 498.7711 231.2265 1.7452 0.5912 0.6431 -3.7616 1.5709 23.1162 -6.9376 -1.0917
Car -1 -1 -8.2909 549.0822 174.8212 584.4220 194.1419 1.6220 1.5954 3.7849 -3.0135 1.0611 62.3519 -8.3439 -1.2212
Cyclist -1 -1 -6.0306 792.9637 170.1585 947.9347 320.2556 1.6240 0.6469 1.6092 3.1099 1.5020 8.4876 -5.6950 -1.2352
Car -1 -1 -4.2389 0.0000 188.7528 51.2484 269.8268 1.4945 1.6246 3.6737 -13.8170 1.6722 15.5754 -4.9616 -1.4179
Pedestrian -1 -1 -6.4721 955.1799 154.9646 1015.8105 279.2656 1.7595 0.4793 0.6960 5.5509 1.3846 10.4953 -6.0013 -1.7112
Pedestrian -1 -1 -4.9718 730.4847 182.5874 771.0343 267.9161 1.5444 0.5791 0.6684 2.7265 1.5657 13.3631 -4.7799 -1.7367
Pedestrian -1 -1 -7.7581 889.4312 168.7997 923.1783 247.1385 1.7640 0.6638 0.7052 7.0288 1.4785 16.6415 -7.3694 -1.7838
Pedestrian -1 -1 -7.1401 908.7556 152.2137 967.2175 272.0710 1.8295 0.5238 0.6767 5.2660 1.3831 11.3448 -6.7197 -1.8297
Pedestrian -1 -1 -6.8715 735.2128 170.6716 754.1136 204.5222 1.8250 0.7252 0.7300 7.8092 1.2413 39.2028 -6.6812 -1.8802
Car -1 -1 -8.1155 337.7914 174.5452 379.6194 199.7003 1.4572 1.5333 3.4967 -14.7239 1.0544 43.4899 -8.4451 -2.1093
