Pedestrian -1 -1 -7.7349 190.1085 170.3600 267.0617 339.5761 1.7211 0.6296 1.0285 -4.1181 1.6085 7.8978 -8.2082 4.7233
Cyclist -1 -1 -4.6524 416.2505 162.8133 455.6857 271.1940 1.8144 0.5900 1.9155 -3.0147 1.5022 13.0192 -4.8812 4.6108
Cyclist -1 -1 -4.4295 335.4782 168.5791 427.5136 336.0477 1.7151 0.5452 1.7241 -2.5119 1.5835 8.2219 -4.7234 4.2554
Car -1 -1 -4.5950 480.2879 169.9072 524.2333 208.1664 2.0587 1.9672 4.7007 -5.5936 1.4351 41.0249 -4.7347 3.6028
Pedestrian -1 -1 -8.0591 647.6316 170.9805 681.4125 233.4729 1.6634 0.7274 0.9831 1.6823 1.3839 19.6537 -7.9801 2.5848
Pedestrian -1 -1 -8.2302 597.3399 165.7556 673.8066 325.3291 1.7063 0.5857 0.8593 0.3226 1.5387 8.1844 -8.1981 2.1976
Pedestrian -1 -1 -7.9159 745.1845 168.2915 770.3670 240.6234 1.6089 0.5059 0.7630 3.5222 1.3157 16.3915 -7.7129 2.1210
Pedestrian -1 -1 -8.4680 654.5532 163.6268 747.1857 321.9962 1.7273 0.6010 0.9976 1.0962 1.5331 8.4164 -8.3484 1.4195
Pedestrian -1 -1 -7.4701 726.1760 167.5469 752.5266 232.5806 1.6656 0.4979 0.5834 3.5726 1.3088 18.7774 -7.2899 1.0119
Pedestrian -1 -1 -5.4694 794.2438 144.8599 850.1835 240.4984 1.9536 0.5595 1.0544 4.6402 1.2058 15.2703 -5.1844 0.9204
Pedestrian -1 -1 -7.7904 737.1802 163.9555 755.5309 212.6355 1.8094 0.6418 0.6989 5.4520 1.1577 27.1195 -7.5990 0.8104
Pedestrian -1 -1 -6.4980 786.1824 143.1077 832.0828 251.0034 1.9474 0.6597 0.6843 3.7955 1.2551 13.3126 -6.2308 0.7586
Pedestrian -1 -1 -8.1333 713.0153 163.6414 734.5836 210.0737 1.8403 0.5841 1.0520 4.9176 1.1328 29.0272 -7.9720 0.7525
Pedestrian -1 -1 -8.2749 716.6287 164.6381 749.8252 229.6875 1.7327 0.5970 0.8340 3.5572 1.2841 19.6122 -8.1030 0.6909
Pedestrian -1 -1 -6.1406 384.7035 176.3518 405.9011 215.6812 1.8028 0.5681 0.8742 -9.5557 1.5671 33.2705 -6.4233 0.6565
Pedestrian -1 -1 -6.3961 880.5227 156.7178 927.0075 270.8465 1.6644 0.7337 0.5578 4.5290 1.3036 10.9032 -6.0163 0.6244
Pedestrian -1 -1 -6.4103 760.7884 149.1168 817.2334 247.0675 1.8890 0.5769 1.0076 3.6526 1.2651 14.1979 -6.1683 0.6210
Pedestrian -1 -1 -3.1815 0.0000 182.2784 143.7469 373.0000 1.6030 0.5883 0.7191 -2.5024 1.6076 3.1083 -3.8270 0.3441
Pedestrian -1 -1 -5.6362 564.4955 173.0755 576.7407 196.3647 1.8967 0.5020 0.8783 -2.5057 1.2104 58.9559 -5.6835 0.1836
Car -1 -1 -4.2273 183.6707 184.2524 297.4568 233.5045 1.4608 1.6252 4.0648 -11.7164 1.5594 23.5845 -4.6892 0.1033
Pedestrian -1 -1 -2.7006 581.0469 173.9780 594.2291 197.5666 1.7842 0.5978 0.8304 -1.0333 1.2151 54.7746 -2.7244 0.0868
Pedestrian -1 -1 -7.7855 60.9576 173.2288 87.9528 230.6794 1.7592 0.6389 0.6375 -16.4805 1.5064 22.4363 -8.4187 0.0195
Pedestrian -1 -1 -7.2572 412.5681 173.6299 442.0003 229.9085 1.7104 0.6227 0.6623 -5.4198 1.4717 22.2507 -7.4987 -0.3573
Pedestrian -1 -1 -5.3756 411.1385 174.5348 430.6589 210.7705 1.8283 0.5071 0.9202 -9.2397 1.4771 36.7256 -5.6255 -0.5301
Pedestrian -1 -1 -7.3270 759.7408 162.1001 780.3484 206.3398 1.7698 0.6243 0.5483 6.8225 0.9940 29.1499 -7.1041 -0.5412
Pedestrian -1 -1 -7.4888 65.0312 185.7000 83.4492 217.0460 1.7910 0.6357 0.7514 -30.5339 2.0370 41.6102 -8.1240 -0.7778
Pedestrian -1 -1 -5.1637 0.0000 167.6227 48.0509 279.3345 1.8320 0.5988 0.4864 -9.8843 1.6051 12.1552 -5.8414 -1.2293
Pedestrian -1 -1 -7.5519 627.6814 177.2053 642.9147 209.0473 1.6453 0.6403 0.6261 1.7633 1.4236 37.5191 -7.5104 -1.3193
Pedestrian -1 -1 -6.4210 596.3089 175.3286 612.9015 208.2939 1.7115 0.4950 0.8055 0.1565 1.3913 37.5963 -6.4220 -2.1545
