Cyclist -1 -1 -5.2776 554.7266 170.1593 583.3782 204.9149 1.7588 0.5359 1.9125 -1.7010 1.1851 37.2866 -5.3279 5.2605
Cyclist -1 -1 -4.2513 599.7412 165.2609 629.2549 208.6263 1.8424 0.5504 1.8171 0.5698 1.1528 31.4524 -4.2384 3.6747
Pedestrian -1 -1 -7.8213 678.1284 162.4369 705.7994 238.2793 1.7730 0.6398 1.0646 2.1612 1.3279 17.3670 -7.7047 3.0452
Pedestrian -1 -1 -8.1049 444.4294 164.1211 482.1145 245.0390 1.8051 0.6097 1.0498 -3.2451 1.4179 16.6292 -8.3001 2.6877
Pedestrian -1 -1 -7.9066 714.7819 163.1167 733.6756 207.7020 1.8124 0.7276 0.6550 5.0304 1.0655 29.5664 -7.7446 2.0591
Car -1 -1 -7.7908 577.1742 171.7807 599.9323 192.5322 1.5735 1.5799 3.5659 -0.9616 0.8364 56.2810 -7.8128 1.6678
Cyclist -1 -1 -4.5485 568.7365 171.2339 583.5609 202.0623 1.6531 0.5772 1.5334 -1.3812 1.1028 39.3153 -4.5884 1.6401
Pedestrian -1 -1 -8.1858 648.6376 164.0626 684.6150 238.5120 1.7265 0.5853 0.9083 1.5122 1.3227 17.1713 -8.1047 1.5649
Pedestrian -1 -1 -7.8095 534.5518 168.5091 547.9091 207.9821 1.7876 0.5772 0.9053 -2.7750 1.1995 32.9954 -7.8978 0.7902
Pedestrian -1 -1 -5.5602 235.6427 165.7531 301.9200 295.8306 1.7790 0.5755 0.6307 -4.7575 1.5643 10.1902 -5.9930 0.5489
Pedestrian -1 -1 -6.0652 215.4354 158.2743 229.7068 216.7752 1.9214 0.5083 0.3186 -12.6190 1.1590 23.8798 -6.5519 0.1660
Pedestrian -1 -1 -5.0502 995.4437 181.2802 1102.5043 368.8161 1.5464 0.6423 0.5242 3.8114 1.5453 6.2403 -4.5261 0.1615
Pedestrian -1 -1 -7.6507 725.1985 160.5332 742.8614 203.6069 1.8659 0.6841 0.4612 5.7916 0.9579 31.4579 -7.4751 -0.1124
Pedestrian -1 -1 -3.8168 387.4349 168.3712 413.4173 219.5584 1.7562 0.5596 0.6714 -7.0419 1.3062 25.0817 -4.0930 -0.1739
Car -1 -1 -7.6606 682.1539 169.9734 726.8431 204.1765 1.6224 1.5746 3.6145 5.2063 1.0759 36.0378 -7.5232 -0.5776
Pedestrian -1 -1 -7.8838 696.2568 167.5963 711.5196 205.4846 1.7960 0.7011 0.5940 4.8884 1.1372 34.3821 -7.7487 -0.7594
Cyclist -1 -1 -3.1247 490.6229 170.0409 527.2112 207.1854 1.7121 0.6920 1.6779 -4.3278 1.1842 33.5499 -3.2571 -0.8281
Pedestrian -1 -1 -2.6326 636.9173 170.6465 647.0424 190.9063 1.9097 0.4701 0.8356 3.8827 0.8863 68.1322 -2.5808 -0.8783
Cyclist -1 -1 -4.2806 500.4659 171.9730 526.0206 209.2555 1.6586 0.5472 1.5970 -4.0292 1.2351 32.8010 -4.4070 -0.9224
Car -1 -1 -5.5035 704.8635 172.9685 774.3969 201.2078 1.4948 1.5876 3.7596 7.6429 1.0434 40.0206 -5.3210 -0.9817
Pedestrian -1 -1 -5.7338 244.3549 176.0616 262.5043 208.3868 1.7916 0.6083 0.6993 -19.4506 1.4903 40.1488 -6.1875 -1.0469
Pedestrian -1 -1 -3.8962 824.6343 174.6438 905.2363 314.0347 1.5526 0.5569 0.6926 3.0245 1.4770 8.3976 -3.5661 -1.0538
Pedestrian -1 -1 -7.6799 227.6186 176.3720 248.7735 225.2104 1.7183 0.5847 0.5743 -12.9810 1.5382 25.6328 -8.1497 -1.0798
Pedestrian -1 -1 -3.1371 857.3598 182.3086 912.1440 337.8927 1.5155 0.5165 0.5027 2.8303 1.5248 7.3298 -2.7864 -1.1826
Car -1 -1 -3.1098 422.9055 177.5931 497.3756 208.0535 1.5106 1.6473 3.6568 -7.1962 1.3171 36.7384 -3.3070 -1.3928
Car -1 -1 -7.9398 213.3514 163.4067 270.8649 211.5487 1.7726 1.6886 4.1039 -14.3985 1.1068 28.6395 -8.4070 -1.4061
Car -1 -1 -4.8054 863.6304 171.7831 924.8312 219.0892 1.4906 1.5465 3.8341 9.9508 1.1849 24.6916 -4.4311 -1.4316
Car -1 -1 -3.9274 477.0710 175.2030 545.9703 205.9369 1.4879 1.5483 3.3868 -4.5470 1.1833 36.5896 -4.0552 -1.6879
Car -1 -1 -4.5705 244.8001 178.3797 282.9807 204.4028 1.5041 1.5792 3.8550 -20.4279 1.3239 43.5935 -5.0114 -1.7238
Cyclist -1 -1 -4.5782 361.3874 173.1425 379.5151 210.8666 1.6619 0.5866 1.5288 -10.4388 1.2940 32.4494 -4.8921 -1.8383
Cyclist -1 -1 -2.4159 449.3395 169.3643 494.3020 216.4670 1.7352 0.6676 1.6412 -4.9295 1.2885 27.1717 -2.5988 -1.8927
Cyclist -1 -1 -8.1992 476.4423 172.3447 497.4302 205.4169 1.7047 0.5553 1.6634 -6.0546 1.2330 37.8882 -8.3617 -2.0388
