Pedestrian -1 -1 -7.6816 211.7048 162.2208 311.8082 372.0829 1.7794 0.6808 0.9358 -3.1502 1.6167 6.6309 -8.1164 2.8850
Car -1 -1 -4.5924 549.8219 168.3219 600.4482 216.0008 2.0919 1.8670 4.6197 -1.1751 1.5140 33.8940 -4.6320 2.8799
Pedestrian -1 -1 -8.0603 1002.0551 164.5367 1075.2831 307.0540 1.6046 0.5823 0.7669 5.1269 1.4143 8.5424 -7.5387 2.3529
Pedestrian -1 -1 -3.6913 898.9575 163.7630 931.6212 230.6365 1.7377 0.5779 0.5707 8.2592 1.2773 18.9944 -3.2914 2.3287
Car -1 -1 -4.8549 619.2470 173.2368 648.0964 196.9445 1.7610 1.6407 4.0429 2.4687 1.1471 55.4526 -4.8156 1.6597
Pedestrian -1 -1 -8.4311 775.5937 172.8340 818.7199 246.4838 1.6633 0.6680 0.7380 4.4993 1.4681 16.6782 -8.1769 1.5489
Pedestrian -1 -1 -4.6614 601.6078 175.9504 615.4908 212.5355 1.8089 0.6575 0.8645 0.3506 1.5348 35.9677 -4.6569 1.5367
Pedestrian -1 -1 -8.3017 744.1601 167.2041 850.1832 373.0000 1.6589 0.5997 0.6636 1.5307 1.5502 5.8842 -8.0641 1.4344
Pedestrian -1 -1 -5.4741 809.7852 172.0882 846.3619 247.8201 1.6295 0.6148 0.4687 4.9455 1.4275 15.8039 -5.1809 1.3950
Pedestrian -1 -1 -6.7506 494.3719 178.7742 520.3348 224.0886 1.7253 0.5860 0.8203 -3.6658 1.6219 27.8245 -6.8856 1.3303
Pedestrian -1 -1 -3.9157 502.5645 176.6466 527.4758 221.5385 1.7691 0.5267 0.8749 -3.4832 1.5782 28.8141 -4.0402 1.0271
Pedestrian -1 -1 -8.0595 1055.4197 160.0635 1090.6310 223.6700 1.7517 0.7002 0.6645 13.2295 1.1618 20.2172 -7.4911 0.7970
Pedestrian -1 -1 -6.1804 655.3191 173.7872 667.1180 196.6821 1.7883 0.5977 0.8709 4.7226 1.1857 56.4794 -6.1023 0.7922
Pedestrian -1 -1 -2.5980 399.2634 173.4323 439.9433 256.2802 1.7315 0.6990 0.5694 -3.9381 1.5635 15.4301 -2.8494 0.7639
Pedestrian -1 -1 -7.8614 229.9023 181.7005 245.7883 221.2566 1.7838 0.6409 0.7726 -16.6629 1.7934 32.8885 -8.3323 0.6956
Pedestrian -1 -1 -7.8986 850.2518 159.0416 874.0693 220.5921 1.8747 0.6432 1.0225 8.1137 1.1911 22.4615 -7.5608 0.4358
Pedestrian -1 -1 -8.0205 701.1690 173.1460 713.3500 201.5751 1.8398 0.6781 0.6809 6.9033 1.2992 46.8359 -7.8800 0.4315
Pedestrian -1 -1 -8.0422 815.5906 162.5346 920.3431 373.0000 1.6760 0.6897 0.5940 2.1027 1.5305 5.8778 -7.7187 0.3569
Cyclist -1 -1 -7.5925 613.3687 177.0280 632.7737 212.8804 1.7205 0.5244 1.7800 1.0663 1.5061 35.3989 -7.5678 0.3085
Car -1 -1 -8.2461 867.9444 168.4028 958.0350 210.1715 1.4511 1.6163 4.0997 11.5631 0.9965 27.0094 -7.8502 0.2421
Pedestrian -1 -1 -6.1623 669.4362 172.2025 686.6222 201.4357 1.8978 0.4336 1.0748 5.0153 1.2943 46.9646 -6.0615 -0.0092
Pedestrian -1 -1 -6.3947 869.3989 164.1439 887.3862 204.7722 1.7122 0.6591 0.6412 11.8031 0.9811 30.6710 -6.0352 -0.4622
Pedestrian -1 -1 -7.9247 465.8879 176.2128 483.1724 220.7645 1.8350 0.6521 0.8143 -5.3329 1.6175 30.0619 -8.1041 -0.5185
Cyclist -1 -1 -8.0703 995.5048 165.0440 1037.8857 237.1363 1.6426 0.5213 1.6167 9.8904 1.2682 17.2160 -7.5606 -0.5447
Car -1 -1 -4.3929 339.2443 163.5243 392.9280 196.9157 1.7584 1.6579 4.0306 -12.9833 0.8120 39.8454 -4.7109 -0.7801
Pedestrian -1 -1 -3.0551 1096.5687 133.5293 1198.4886 339.3155 1.8351 0.5064 0.7446 5.1445 1.4080 6.8401 -2.4340 -1.0811
Car -1 -1 -3.4002 1025.2013 160.4922 1178.1644 210.0601 1.5089 1.6186 3.7617 16.0153 0.8699 23.2489 -2.8072 -1.1905
Car -1 -1 -4.1304 319.1677 174.5268 396.1176 210.1970 1.5312 1.6367 3.5705 -11.0542 1.2322 32.7695 -4.4584 -1.4215
Pedestrian -1 -1 -8.0382 211.2230 178.3521 230.4424 218.6113 1.9178 0.7265 0.5703 -18.3805 1.7681 34.6691 -8.5277 -1.5391
