Pedestrian -1 -1 -8.1917 721.2723 168.7340 762.4499 244.4571 1.6874 0.6885 0.8137 3.1703 1.4035 16.4628 -8.0098 4.3366
Car -1 -1 -4.5512 473.1078 165.3552 537.1420 220.5016 2.0630 1.8964 4.4423 -3.8257 1.4594 29.1183 -4.6859 4.1387
Pedestrian -1 -1 -7.5354 166.6204 168.0810 282.4942 370.0612 1.7516 0.6814 1.0113 -3.5656 1.6359 6.7818 -8.0101 3.6808
Pedestrian -1 -1 -8.3088 843.6939 155.8513 976.9093 373.0000 1.7115 0.6772 0.9337 2.5248 1.5124 6.0897 -7.9367 2.7877
Pedestrian -1 -1 -3.3276 1098.9358 152.7911 1189.1375 266.2177 1.6957 0.5708 1.0275 8.3966 1.2672 11.2161 -2.7014 2.6417
Pedestrian -1 -1 -8.3038 749.8028 170.0767 859.7571 373.0000 1.6512 0.5869 0.8097 1.6410 1.5625 6.0759 -8.0569 2.3261
Pedestrian -1 -1 -4.6650 440.2316 177.9420 462.1466 226.0709 1.7099 0.7406 0.8832 -5.4581 1.5839 26.0166 -4.8751 2.0656
Pedestrian -1 -1 -2.5486 627.9719 167.8175 691.1616 258.6271 1.7762 0.5484 1.1742 1.1367 1.5091 14.6277 -2.4779 1.8728
Pedestrian -1 -1 -3.8015 1116.6483 147.7507 1201.0597 253.1447 1.7581 0.6216 0.9650 9.4849 1.1958 12.3026 -3.1601 1.3706
Pedestrian -1 -1 -4.2394 524.3613 173.1190 550.9631 221.3562 1.7873 0.6695 0.8980 -2.4280 1.4772 27.1577 -4.3329 1.2816
Pedestrian -1 -1 -7.8298 428.6612 175.7646 447.4195 223.9579 1.7798 0.6709 1.0000 -6.1761 1.5683 27.0851 -8.0571 1.2412
Pedestrian -1 -1 -3.7659 900.5615 159.5338 942.2139 241.9988 1.7076 0.5591 0.5877 6.7292 1.2533 15.2109 -3.3610 1.0968
Pedestrian -1 -1 -5.9006 613.4520 170.2779 630.9367 201.1569 1.8284 0.5599 0.9029 1.2433 1.1640 42.9691 -5.8769 0.9222
Pedestrian -1 -1 -3.9656 337.6480 160.8022 360.6057 201.0262 1.8915 0.5136 0.9718 -12.0634 0.9185 34.3268 -4.3061 0.8534
Car -1 -1 -7.9553 600.8890 168.7530 624.2362 190.1916 1.8811 1.7049 3.8937 1.0101 0.7624 65.0445 -7.9448 0.8474
Pedestrian -1 -1 -2.7052 234.9789 175.6481 292.9487 294.6961 1.7139 0.6022 0.5775 -5.0344 1.6303 10.6431 -3.1434 0.8130
Cyclist -1 -1 -4.4076 534.2003 173.6941 563.9672 221.7772 1.7184 0.5897 1.8255 -1.9467 1.4398 26.6274 -4.4851 0.8105
Pedestrian -1 -1 -7.8635 597.4454 172.3459 604.1863 195.8169 1.8327 0.5162 0.9420 -0.0305 1.1178 56.5647 -7.8690 0.3672
Pedestrian -1 -1 -5.9985 1168.5615 148.8010 1220.7241 229.9704 1.7184 0.6113 0.7420 12.9108 1.0267 15.6871 -5.3231 0.3285
Cyclist -1 -1 -4.5650 676.2354 177.3640 695.1194 217.4404 1.5796 0.5530 1.5304 3.4046 1.4169 29.1229 -4.4548 0.3112
Pedestrian -1 -1 -3.4371 1148.5702 159.8698 1200.7937 242.4284 1.5449 0.5238 0.6542 10.9598 1.1407 13.8026 -2.7803 0.1960
Car -1 -1 -4.3532 514.3051 170.6111 562.0296 205.0297 1.8631 1.5461 3.6086 -3.5475 1.2738 40.8284 -4.4444 0.1027
Pedestrian -1 -1 -4.6223 78.6751 185.0038 98.3714 232.8013 1.7594 0.5427 0.6928 -19.2534 1.8933 26.9409 -5.2434 -0.1937
Pedestrian -1 -1 -4.6862 760.7498 167.2878 775.4373 214.9988 1.8009 0.5369 0.5997 6.3537 1.2648 27.4704 -4.4662 -0.2114
Car -1 -1 -4.7482 566.3514 174.1725 585.9733 191.2390 1.4782 1.5882 4.0068 -2.2563 0.8433 64.2774 -4.7880 -0.2788
Pedestrian -1 -1 -7.8101 369.1078 175.4520 389.8707 228.5583 1.8276 0.6705 0.5869 -7.7722 1.6199 25.0901 -8.1128 -0.4025
Pedestrian -1 -1 -7.7400 843.4709 159.8193 866.5945 207.8467 1.7746 0.7580 0.6258 9.5068 0.9739 26.9875 -7.4094 -0.4661
Pedestrian -1 -1 -7.2276 704.4030 179.1501 728.7025 223.5513 1.5062 0.5373 0.6736 3.9488 1.4269 24.7963 -7.0765 -0.8869
Car -1 -1 -4.5359 0.0000 203.8283 42.8640 307.7762 1.3491 1.5553 3.7240 -10.7662 1.7902 12.1759 -5.2548 -0.9358
Pedestrian -1 -1 -6.3380 677.7078 167.4587 694.6942 203.1733 1.8870 0.6442 0.8608 4.5092 1.1453 38.2997 -6.2266 -1.1695
Car -1 -1 -7.5403 0.0000 200.3328 144.1518 299.6180 1.3957 1.4693 3.0319 -9.2181 1.7652 12.4014 -8.1750 -1.2624
Pedestrian -1 -1 -5.5250 462.1306 175.3952 475.0547 203.2285 1.8638 0.6340 0.5827 -8.9643 1.4550 48.5260 -5.7118 -1.2960
Pedestrian -1 -1 -3.2744 656.1339 170.7091 667.4150 199.0251 1.8160 0.7615 0.6272 3.9061 1.1240 46.4675 -3.1960 -1.6815
Car -1 -1 -7.6949 842.0650 163.0543 901.0013 205.0412 1.5362 1.6224 3.8026 10.6860 0.8617 28.3373 -7.3423 -1.7417
Car -1 -1 -3.5746 0.0000 167.9023 53.1449 204.1771 1.6868 1.5725 3.6011 -29.4690 1.0547 35.3660 -4.2706 -1.8274
Pedestrian -1 -1 -2.1881 357.1844 163.6753 377.5813 196.8002 1.7609 0.6459 0.8938 -12.6192 0.8135 38.7125 -2.5061 -1.9229
