Pedestrian -1 -1 -8.1051 861.3371 157.6302 974.8347 365.6083 1.7205 0.6771 1.0270 2.7672 1.5237 6.4957 -7.7227 4.1099
Pedestrian -1 -1 -8.3598 714.6179 164.2899 757.4344 241.9178 1.7325 0.6197 0.8695 3.0526 1.3489 16.5435 -8.1855 3.7423
Pedestrian -1 -1 -7.8471 205.7358 166.4106 288.6296 350.2988 1.7553 0.7264 1.0035 -3.7189 1.6120 7.4663 -8.3016 3.6182
Pedestrian -1 -1 -2.5880 537.7611 166.3183 601.7981 262.1962 1.7555 0.6522 1.0301 -0.6434 1.4781 13.6858 -2.6397 3.0347
Pedestrian -1 -1 -7.4821 490.5506 172.4022 517.5366 227.1873 1.7229 0.5777 0.8958 -3.1524 1.4373 23.0933 -7.6215 2.1305
Pedestrian -1 -1 -2.9307 988.1044 153.8171 1069.9183 275.0821 1.7144 0.5452 0.9586 6.3029 1.3237 10.6779 -2.4135 1.9482
Pedestrian -1 -1 -3.4917 1116.8729 143.7097 1206.0859 267.1695 1.7684 0.5495 0.9079 8.2577 1.2277 10.6825 -2.8507 1.8413
Pedestrian -1 -1 -2.2458 137.6453 174.6644 235.2627 319.8936 1.6625 0.6743 0.7944 -5.0537 1.5849 8.6824 -2.7658 1.7493
Car -1 -1 -4.5399 459.7494 160.4894 527.9783 220.1253 2.0661 1.8372 4.3282 -3.9748 1.3386 27.0715 -4.6895 1.6928
Pedestrian -1 -1 -8.0930 430.0174 172.1598 454.4732 222.3571 1.7624 0.6606 0.8912 -5.7388 1.4349 25.7664 -8.3152 1.5851
Pedestrian -1 -1 -3.8092 943.1995 153.3945 993.1317 250.9721 1.7480 0.6369 0.5371 6.7058 1.2451 13.2360 -3.3535 1.5593
Pedestrian -1 -1 -5.8569 415.5050 169.0548 449.8983 220.3087 1.8751 0.6354 1.0792 -6.2887 1.4202 26.6954 -6.0912 1.5027
Pedestrian -1 -1 -8.0997 765.5710 165.0446 854.7204 360.2763 1.6618 0.5761 0.8237 1.8188 1.5225 6.5291 -7.8443 1.4829
Pedestrian -1 -1 -6.0734 611.7922 169.0694 631.0126 200.5465 1.7761 0.5601 1.0020 1.1372 1.0749 40.9210 -6.0508 1.0927
Car -1 -1 -4.7118 562.7682 170.9222 583.2477 191.5652 1.5483 1.5359 3.8928 -2.2011 0.7548 55.8546 -4.7559 0.6970
Pedestrian -1 -1 -8.1069 679.3850 173.7227 702.0255 216.6809 1.5961 0.6656 0.7938 3.3433 1.3075 27.1278 -7.9906 0.4858
Pedestrian -1 -1 -4.3704 510.8886 171.5224 538.0019 227.8350 1.7392 0.5795 0.9262 -2.4548 1.4315 22.7025 -4.4822 0.1376
Pedestrian -1 -1 -6.6511 593.9132 168.6622 606.0696 191.9377 1.8284 0.4996 0.8368 -0.0941 0.8198 56.8131 -6.6577 -0.1080
Pedestrian -1 -1 -6.9223 859.8350 158.5143 883.5612 211.3943 1.8214 0.5940 0.5227 9.4149 1.0301 25.1008 -6.5720 -0.8603
Car -1 -1 -2.0364 29.1880 193.8739 143.7192 240.3136 1.5579 1.7069 4.3218 -19.2484 2.0500 26.7899 -2.6601 -0.9530
Pedestrian -1 -1 -5.7589 0.0000 188.3739 20.6473 239.6574 1.8264 0.6133 0.6801 -21.6509 2.0794 26.0392 -6.4528 -0.9547
Car -1 -1 -6.2276 613.9836 170.2212 668.5930 199.0454 1.6203 1.6058 3.0623 2.3160 0.9864 41.3409 -6.1770 -0.9840
Cyclist -1 -1 -7.7627 535.8980 170.0952 545.1224 204.6609 1.7715 0.3419 1.6555 -3.1945 1.1872 37.6437 -7.8518 -1.5995
Pedestrian -1 -1 -7.9129 960.5775 163.2361 987.0994 238.7754 1.5764 0.4669 0.4802 7.8884 1.1959 15.3038 -7.4491 -1.6537
Car -1 -1 -7.8710 602.7274 165.3527 622.7546 187.9624 1.9262 1.6714 3.7448 0.9966 0.5503 63.0754 -7.8601 -1.7484
Cyclist -1 -1 -2.0954 5.1655 190.3664 52.3474 239.4266 1.7658 0.6321 1.6392 -21.2784 2.1026 26.6612 -2.7695 -1.7820
Car -1 -1 -8.0304 1101.4310 158.0108 1218.0250 224.8380 1.4595 1.5639 3.7685 13.5736 0.9471 17.7237 -7.3890 -1.8206
Car -1 -1 -3.8248 258.8007 174.6663 361.4286 210.6773 1.4863 1.6388 4.1066 -12.8288 1.2046 31.8422 -4.2100 -1.8263
Pedestrian -1 -1 -5.6468 933.2730 172.4957 968.8912 239.3416 1.4085 0.4615 0.5176 7.4894 1.2194 15.4737 -5.2079 -1.8655
Pedestrian -1 -1 -3.8541 909.6299 163.2233 948.8218 237.4409 1.5800 0.5360 0.5611 7.0890 1.1915 15.6315 -3.4398 -1.8888
Pedestrian -1 -1 -5.2476 224.0373 175.6795 240.2534 204.3638 1.7278 0.6009 0.7061 -22.4686 1.3773 43.7102 -5.7250 -2.0600
Car -1 -1 -4.4112 197.3748 165.9595 269.3337 208.0014 1.7413 1.6991 4.1390 -16.2703 1.0979 31.9360 -4.8840 -2.0869
