Car -1 -1 -4.5578 530.7397 167.0224 581.6810 208.7571 2.0075 1.9496 4.5775 -2.2547 1.3113 36.9186 -4.6235 4.7506
Pedestrian -1 -1 -8.4492 782.4653 161.7143 825.4753 237.4194 1.7595 0.7322 0.6757 4.7879 1.3002 17.1337 -8.1860 3.2790
Pedestrian -1 -1 -7.5647 191.1125 160.6772 295.0199 356.9674 1.7603 0.6360 1.0240 -3.5034 1.5743 6.9994 -8.0202 2.7785
Pedestrian -1 -1 -7.8104 874.8348 161.3833 915.8024 265.3089 1.6239 0.5966 0.9040 4.7741 1.3102 11.7585 -7.4379 2.6032
Pedestrian -1 -1 -8.0434 739.7566 156.1470 840.9830 354.3093 1.7113 0.7164 0.9949 1.6779 1.4930 6.7147 -7.8136 2.3729
Car -1 -1 -4.6698 600.5864 170.8673 620.6550 190.4048 1.7234 1.6792 4.0225 0.8973 0.7853 65.4173 -4.6610 1.9774
Pedestrian -1 -1 -6.9421 459.8920 171.9321 488.8598 216.4978 1.8649 0.5772 1.0947 -5.4360 1.4648 30.6590 -7.1213 1.9200
Cyclist -1 -1 -4.1063 0.0000 126.2263 240.5152 373.0000 1.7161 0.5623 1.6222 -2.3873 1.5283 3.2637 -4.7082 1.7276
Pedestrian -1 -1 -8.2017 671.6435 161.2302 774.4733 356.6157 1.6733 0.6582 0.8963 1.0483 1.5004 6.6573 -8.0576 1.5356
Pedestrian -1 -1 -7.6426 734.2775 167.4106 767.2886 236.6589 1.6564 0.6438 0.8289 3.6476 1.3199 17.6905 -7.4475 1.5034
Pedestrian -1 -1 -3.3605 412.8313 171.3000 454.0696 238.7871 1.7035 0.5681 0.9367 -4.3841 1.4465 18.5919 -3.5943 1.1926
Pedestrian -1 -1 -3.9107 832.9577 160.9810 860.7961 218.1630 1.7426 0.6210 0.5348 7.5824 1.1178 22.2871 -3.5914 1.1462
Pedestrian -1 -1 -8.0943 579.9180 171.8535 593.3009 202.7782 1.7533 0.5835 0.8254 -0.8553 1.2065 41.2011 -8.1200 0.8775
Pedestrian -1 -1 -6.1384 642.9280 170.7244 657.8395 197.1581 1.8402 0.4321 0.9920 3.4414 1.0900 50.3210 -6.0754 0.8557
Pedestrian -1 -1 -7.7173 661.9983 173.2517 679.8046 209.9566 1.6660 0.7080 0.8930 3.1935 1.2919 33.1193 -7.6271 0.7828
Pedestrian -1 -1 -7.8160 1006.6542 157.0930 1030.5874 214.9446 1.8227 0.6482 0.6195 13.3693 1.0542 23.0663 -7.3007 0.5335
Pedestrian -1 -1 -2.5206 630.3788 172.2042 642.2277 195.2126 1.8244 0.5640 0.7596 2.8084 1.0871 57.4134 -2.4769 0.4197
Pedestrian -1 -1 -3.8199 572.8701 174.7238 585.9919 198.1565 1.7705 0.4630 0.9124 -1.6582 1.2584 54.7482 -3.8551 0.3757
Cyclist -1 -1 -4.4150 590.1617 171.4129 608.6398 202.8385 1.7505 0.5751 1.7496 -0.1085 1.1888 40.9342 -4.4227 0.3037
Pedestrian -1 -1 -8.2245 799.6105 157.5608 829.1192 214.5808 1.9011 0.6929 0.8541 7.2001 1.1033 24.4064 -7.9456 0.2348
Pedestrian -1 -1 -2.9586 448.8611 174.7484 473.6277 218.4559 1.7910 0.5070 0.9302 -5.8094 1.5146 29.6944 -3.1553 0.0879
Pedestrian -1 -1 -3.7011 968.3259 136.6759 1055.8600 295.8901 1.8266 0.5512 0.7178 4.8168 1.3130 8.5392 -3.2059 -0.1605
Pedestrian -1 -1 -7.7758 1013.8200 149.3521 1036.7866 200.5360 1.8177 0.6811 0.4983 15.2640 0.6764 25.9088 -7.2528 -0.4850
Pedestrian -1 -1 -7.9513 835.6285 164.7417 854.7717 213.8475 1.6576 0.5555 0.6374 8.3235 1.0923 24.6194 -7.6336 -0.8984
Pedestrian -1 -1 -5.0815 690.6296 172.9725 706.4618 206.5855 1.6847 0.5920 0.6638 4.9086 1.2575 36.3961 -4.9535 -1.1660
Pedestrian -1 -1 -7.8993 472.9431 177.0933 487.2637 214.8161 1.7115 0.6069 0.8680 -5.6049 1.5118 33.0804 -8.0710 -1.3691
Pedestrian -1 -1 -7.7839 700.6322 174.3687 714.8599 211.1982 1.6662 0.6082 0.5877 4.8495 1.3438 32.8481 -7.6436 -1.7063
Car -1 -1 -8.0063 412.3506 181.7598 451.0628 209.4120 1.5211 1.5965 3.8555 -9.8793 1.5370 41.6375 -8.2430 -1.7672
Pedestrian -1 -1 -8.1476 456.9832 174.9859 477.2095 214.5066 1.7802 0.6560 0.9666 -6.1777 1.4871 32.9378 -8.3368 -1.8036
Pedestrian -1 -1 -7.1932 812.4788 169.3189 835.6047 220.8465 1.5507 0.4738 0.4918 6.7724 1.1846 21.9534 -6.9025 -1.9097
Car -1 -1 -7.4689 562.4691 175.9499 599.1980 197.1977 1.6118 1.6343 3.6969 -1.5632 1.1907 56.5091 -7.5014 -2.1702
