Car -1 -1 -4.5710 549.3062 167.1722 600.2109 211.3307 2.0307 1.9012 4.5702 -1.2480 1.3721 35.4030 -4.6111 4.9996
Pedestrian -1 -1 -7.2032 191.2935 159.2637 330.5788 363.5534 1.7744 0.7163 1.0286 -3.2426 1.5820 6.8181 -7.6388 3.7249
Car -1 -1 -4.7436 620.0387 170.5577 641.2637 193.8758 1.9075 1.6457 3.9098 2.4671 1.0122 60.7194 -4.7082 3.2079
Pedestrian -1 -1 -8.1612 718.8030 161.2239 819.1694 369.7676 1.6856 0.6295 0.7640 1.3734 1.5224 6.2188 -7.9588 2.3672
Pedestrian -1 -1 -8.1951 763.9003 172.0726 804.9392 243.3760 1.6414 0.6599 0.9335 4.2898 1.4249 17.0343 -7.9574 2.2491
Pedestrian -1 -1 -7.9228 939.9313 161.4377 991.3131 283.5920 1.6474 0.5801 0.7676 5.0831 1.3775 10.1518 -7.4743 2.1427
Pedestrian -1 -1 -7.0756 490.1842 175.7977 516.7634 218.8544 1.7505 0.5257 1.0248 -4.0741 1.5190 29.7726 -7.2157 1.5993
Pedestrian -1 -1 -3.6124 872.9766 162.9212 903.0410 224.5030 1.7374 0.5538 0.6121 8.1701 1.2137 20.5725 -3.2439 1.5259
Pedestrian -1 -1 -7.7998 792.5740 160.2592 882.6132 371.7751 1.6784 0.6927 0.9086 2.0063 1.5106 6.2452 -7.5070 1.4067
Pedestrian -1 -1 -8.3654 806.2471 167.1789 847.5444 242.9412 1.6931 0.6783 0.6265 5.1129 1.3736 16.4325 -8.0736 1.2726
Pedestrian -1 -1 -4.4481 598.3419 172.1008 612.6284 206.9615 1.8537 0.5731 0.8439 0.2158 1.3541 38.6802 -4.4476 1.2374
Pedestrian -1 -1 -7.9005 830.9758 160.6498 855.5156 220.6896 1.9074 0.7114 0.7450 7.7990 1.2455 23.2744 -7.5858 1.1054
Car -1 -1 -7.2671 448.4121 196.2843 1114.4363 373.0000 1.4298 1.5913 3.8292 1.2189 1.5490 3.9082 -6.9899 1.0355
Pedestrian -1 -1 -7.2385 478.8767 178.0338 504.3356 221.4911 1.7115 0.5903 0.9194 -4.4234 1.5753 28.8331 -7.3946 1.0139
Car -1 -1 -7.0616 0.0000 190.9949 67.6760 364.8676 1.4575 1.5052 3.0324 -7.6833 1.5805 7.7200 -7.8335 0.8678
Pedestrian -1 -1 -3.9561 416.1148 171.4505 464.0681 247.2051 1.7497 0.7098 0.8769 -3.8821 1.5181 17.1488 -4.1809 0.8170
Pedestrian -1 -1 -5.9312 665.0449 170.7834 680.9470 199.3315 1.9200 0.5692 0.9368 4.8681 1.1993 48.7697 -5.8373 0.6434
Pedestrian -1 -1 -7.9243 963.8199 164.3499 990.6271 227.9013 1.6555 0.5834 0.5946 9.9503 1.2092 19.0995 -7.4548 0.3429
Pedestrian -1 -1 -5.8212 1059.8046 130.1651 1196.1550 338.4233 1.8497 0.5653 0.9041 4.9904 1.3944 6.9123 -5.2192 0.3301
Pedestrian -1 -1 -3.2765 1005.6180 143.1599 1079.4268 301.7237 1.7884 0.4805 0.6712 5.1221 1.3566 8.4517 -2.7508 0.1400
Cyclist -1 -1 -4.5019 716.4357 176.3712 734.1066 210.3004 1.6057 0.5529 1.4994 5.9942 1.3632 34.7936 -4.3377 0.0964
Pedestrian -1 -1 -7.5695 612.8024 172.1449 627.4329 206.8289 1.8385 0.5460 0.9525 1.0023 1.3428 38.6138 -7.5488 -0.0666
Car -1 -1 -7.0987 245.4244 165.0750 326.2819 211.0115 2.1605 1.6609 3.6203 -15.6431 1.3882 35.7679 -7.5134 -0.4369
Pedestrian -1 -1 -8.7031 649.1977 172.8748 663.1799 195.9428 1.8070 0.5685 0.9666 4.3499 1.1312 56.8136 -8.6320 -0.4585
Car -1 -1 -7.8570 651.3781 174.2843 671.8317 194.7617 1.6134 1.6075 3.7503 4.9066 1.0448 58.5289 -7.7787 -0.8710
Car -1 -1 -6.7052 587.5413 177.2743 646.8647 197.8689 1.5182 1.6713 4.1877 1.2172 1.2066 54.5482 -6.6880 -1.2211
Car -1 -1 -4.6322 428.0809 177.1435 465.8407 211.2108 1.6796 1.6275 4.0073 -8.0189 1.4651 37.5111 -4.8465 -1.2664
Pedestrian -1 -1 -2.2389 400.5403 176.6278 410.1799 195.6660 1.7629 0.4778 0.7915 -18.2378 1.3115 66.9446 -2.5089 -1.7692
Pedestrian -1 -1 -8.0364 844.2184 149.2509 862.1387 191.2215 2.0281 0.7134 0.6592 12.2821 0.4700 35.0905 -7.7069 -2.0803
