Car -1 -1 -4.7288 529.6463 170.3513 562.1790 200.7784 1.6853 1.7975 3.9733 -3.2787 1.0679 41.8521 -4.8115 3.9791
Pedestrian -1 -1 -2.3704 326.6081 170.1500 404.7460 279.6563 1.7753 0.7647 1.0168 -4.0455 1.5920 12.2118 -2.6897 3.8259
Car -1 -1 -4.5766 417.9536 158.9511 493.3783 225.1564 2.0116 1.8948 4.5053 -4.8031 1.3269 24.1343 -4.7761 3.5713
Car -1 -1 -4.6089 460.3535 164.7229 511.0595 213.8351 1.9485 1.7242 4.2118 -4.8795 1.2832 30.6516 -4.7706 2.8227
Pedestrian -1 -1 -8.3279 817.9175 165.6775 923.4969 333.5793 1.7053 0.6895 0.9837 2.8529 1.5453 7.8314 -7.9950 2.7691
Pedestrian -1 -1 -8.3575 640.0886 170.3496 685.1619 244.7968 1.7084 0.6950 0.9373 1.4068 1.4531 17.0549 -8.2818 2.7500
Pedestrian -1 -1 -3.4811 1058.5291 147.5106 1185.2723 303.0099 1.7818 0.6466 1.0796 6.2018 1.3930 8.6826 -2.8804 2.6789
Pedestrian -1 -1 -8.1663 737.2999 174.1317 824.1733 336.1590 1.5984 0.6208 0.9134 1.8126 1.5264 7.5693 -7.9449 1.9715
Pedestrian -1 -1 -4.6101 388.9648 174.6246 420.3370 250.3511 1.6819 0.6113 0.8567 -4.5279 1.5297 16.4275 -4.8804 1.9387
Pedestrian -1 -1 -2.3308 0.0000 174.8298 84.3951 341.3015 1.6900 0.4958 1.0743 -6.2189 1.6230 7.6112 -3.0050 1.7884
Pedestrian -1 -1 -3.8718 997.2952 150.6936 1064.9348 277.5139 1.7982 0.6472 0.5625 6.2582 1.3620 10.5606 -3.3530 1.2014
Pedestrian -1 -1 -6.3463 1146.5801 145.3739 1236.7865 291.8760 1.7681 0.6034 0.8376 7.4435 1.3328 9.1551 -5.6829 1.0389
Pedestrian -1 -1 -5.1687 823.5424 160.0349 892.3023 276.3715 1.7526 0.6771 0.9129 3.9764 1.4299 11.3185 -4.8436 1.0008
Pedestrian -1 -1 -4.2446 423.8630 172.4699 459.7155 249.9549 1.7015 0.5729 0.6139 -3.6200 1.5037 16.1411 -4.4672 0.9811
Pedestrian -1 -1 -8.6696 584.1340 168.6149 604.5162 203.8928 1.8488 0.6888 0.8389 -0.3847 1.1737 38.1835 -8.6847 0.8029
Car -1 -1 -7.9059 560.6467 173.7632 589.8137 196.9576 1.4766 1.6899 4.4481 -1.7873 0.9841 48.0251 -7.9479 0.7496
Pedestrian -1 -1 -8.1571 267.6571 152.8562 287.2517 199.7093 1.8734 0.6027 0.4958 -13.1477 0.7284 29.1083 -8.5829 0.5758
Pedestrian -1 -1 -4.9180 665.4514 174.7724 684.8185 222.8237 1.6054 0.5481 0.5453 2.4634 1.3810 24.3004 -4.8232 0.2719
Pedestrian -1 -1 -7.7214 404.5497 167.6954 424.5654 220.3743 1.8444 0.6193 0.5716 -6.6472 1.3615 25.4726 -7.9793 0.0558
Pedestrian -1 -1 -5.2833 564.3195 170.0091 575.5679 193.0156 1.8297 0.4894 0.9012 -2.5065 0.9157 57.6367 -5.3315 -0.0213
Pedestrian -1 -1 -2.6205 244.6272 170.7238 275.6555 232.8061 1.8019 0.5425 0.6408 -10.0719 1.4896 21.1444 -3.0655 -0.3930
Pedestrian -1 -1 -7.8246 915.7481 161.8941 939.6122 231.9556 1.6583 0.5159 0.7148 7.8858 1.1948 17.4358 -7.4107 -0.4858
Car -1 -1 -5.2242 856.9793 165.3068 981.8409 218.3172 1.4684 1.6546 4.0973 9.5513 1.0203 22.0263 -4.8245 -0.7626
Car -1 -1 -7.9488 750.1133 177.1837 805.8474 222.0822 1.5201 1.6027 3.5411 6.3387 1.3743 26.1821 -7.7187 -0.9147
Pedestrian -1 -1 -4.3078 584.7592 169.6549 600.5694 200.4565 1.7843 0.7049 0.7123 -0.5122 1.0982 42.0740 -4.3250 -0.9916
Cyclist -1 -1 -4.1945 659.6169 175.1337 711.4371 232.3578 1.5645 0.6340 1.8905 2.3994 1.3909 20.5906 -4.0853 -1.1018
Car -1 -1 -8.0508 310.4471 173.0196 375.8816 214.9671 1.4816 1.6250 3.7699 -9.9292 1.1825 27.4044 -8.4004 -1.4372
Pedestrian -1 -1 -6.4120 167.2968 169.2899 182.5526 200.4857 1.7735 0.6622 0.6734 -24.5277 1.0795 41.3060 -6.9500 -1.6933
Car -1 -1 -4.4240 614.9401 168.6691 646.1191 187.4446 1.5345 1.6010 3.9434 2.5255 0.4857 60.8315 -4.3876 -1.7567
Pedestrian -1 -1 -8.0601 1064.2056 152.2982 1112.9041 253.8305 1.6727 0.5935 0.4617 8.1887 1.1922 12.1569 -7.4824 -1.7652
Car -1 -1 -4.6218 564.3022 170.2510 590.3474 193.6674 1.7097 1.6362 4.0529 -1.7764 0.8883 54.5146 -4.6592 -1.8123
Pedestrian -1 -1 -4.2623 1199.6022 167.2322 1237.0000 283.6764 1.4846 0.4231 0.4220 8.1787 1.3034 9.4383 -3.5672 -1.8760
