Pedestrian -1 -1 -7.2581 169.3136 161.7995 310.9070 373.0000 1.7993 0.6948 1.0265 -3.3030 1.6355 6.5526 -7.7156 4.9780
Car -1 -1 -4.6182 538.8676 170.2074 588.9048 217.5406 2.0272 1.8994 4.5627 -1.6649 1.5439 33.0818 -4.6733 4.1663
Pedestrian -1 -1 -7.7087 1021.6005 162.8649 1094.2063 322.4809 1.6286 0.5725 0.8318 4.9338 1.4392 7.8326 -7.1671 3.5468
Car -1 -1 -4.7271 611.5344 173.0817 635.0747 199.6825 1.8809 1.6430 4.0180 1.5896 1.2856 52.8092 -4.7022 3.3942
Pedestrian -1 -1 -8.1298 768.0413 173.7766 807.3263 247.9570 1.6777 0.7094 0.6977 4.2589 1.5036 16.6070 -7.8880 2.4951
Pedestrian -1 -1 -4.3308 488.3199 178.1851 515.4759 225.9579 1.7845 0.7302 0.9434 -3.8086 1.6610 27.3773 -4.4730 2.3801
Pedestrian -1 -1 -8.6443 784.4254 173.3026 833.9116 255.5626 1.7184 0.5235 0.9226 4.4442 1.5477 15.5360 -8.3756 1.5750
Pedestrian -1 -1 -8.2357 745.7217 168.9704 851.4033 373.0000 1.6267 0.5603 0.7741 1.5153 1.5335 5.8085 -7.9976 1.4941
Pedestrian -1 -1 -1.9920 377.1688 177.3874 419.1122 262.7007 1.6851 0.6476 0.5603 -4.1760 1.6045 14.6115 -2.2713 1.3159
Pedestrian -1 -1 -8.0651 822.3256 162.7559 932.0632 373.0000 1.6789 0.6544 0.8253 2.1626 1.5384 5.8621 -7.7321 1.2041
Pedestrian -1 -1 -4.0307 894.6761 165.8429 934.4733 234.1911 1.7047 0.6052 0.7372 7.9645 1.3147 18.3571 -3.6318 1.1475
Pedestrian -1 -1 -7.4477 841.2697 157.9419 876.4675 222.4795 1.9308 0.6965 0.9757 7.8885 1.2265 22.0863 -7.1136 1.1106
Pedestrian -1 -1 -4.7713 590.0432 176.2687 605.5459 213.4324 1.7665 0.6862 0.9539 -0.1920 1.5181 34.6437 -4.7820 0.8654
Pedestrian -1 -1 -8.1317 1130.2819 156.6370 1170.0350 224.6172 1.7116 0.6609 0.6248 14.0820 1.0861 18.4954 -7.4929 0.7673
Pedestrian -1 -1 -4.3201 491.2709 175.8836 515.9453 223.6172 1.8559 0.6641 0.9392 -3.8908 1.6379 28.4663 -4.4600 0.5535
Pedestrian -1 -1 -7.7594 648.3967 175.8463 656.7941 199.6666 1.8541 0.5838 0.8624 4.0382 1.4139 56.3859 -7.6933 0.4453
Car -1 -1 -6.5051 1046.1893 162.3806 1208.6378 214.2319 1.5115 1.6478 3.8082 16.2271 0.9547 22.4319 -5.8894 0.4029
Pedestrian -1 -1 -8.2124 691.8627 175.6009 705.7700 204.2704 1.8013 0.6709 0.6910 6.1763 1.4307 45.5457 -8.0834 0.3795
Pedestrian -1 -1 -4.5780 209.4837 179.9336 225.8173 218.3772 1.6890 0.5466 0.7677 -17.1144 1.6204 32.0143 -5.0706 0.2384
Pedestrian -1 -1 -2.7177 659.3332 175.6119 675.6482 203.8181 1.8031 0.4679 0.9392 4.2676 1.4267 46.3521 -2.6315 0.0338
Pedestrian -1 -1 -8.1780 862.5596 165.1332 884.0933 207.4465 1.7397 0.6150 0.7866 11.3066 1.0671 29.9363 -7.8248 -0.2160
Pedestrian -1 -1 -4.3425 604.1743 176.2623 622.9861 213.8807 1.7688 0.6261 0.8812 0.5718 1.5228 34.3013 -4.3311 -0.9095
Car -1 -1 -4.7223 214.1740 191.1200 299.6880 266.0532 1.4904 1.6295 3.7454 -8.1230 1.7438 16.8501 -5.1709 -1.0039
Pedestrian -1 -1 -7.8668 717.1426 177.6485 732.3131 215.7758 1.7039 0.6620 0.6547 5.5554 1.5321 32.4757 -7.7039 -1.0637
Car -1 -1 -4.6143 158.8827 189.0285 284.0812 285.1388 1.4539 1.6408 3.9504 -6.9119 1.6167 13.3396 -5.0899 -1.3676
Car -1 -1 -5.9122 346.9333 172.9537 444.1168 208.3514 1.6048 1.6544 4.0432 -9.5927 1.2176 33.5709 -6.1935 -1.5588
Pedestrian -1 -1 -8.3252 585.5641 176.8761 597.2128 201.4527 1.7285 0.5929 0.6518 -0.7015 1.4033 50.9492 -8.3439 -1.6960
Car -1 -1 -4.5738 859.4708 172.5116 921.0005 216.5944 1.4188 1.5279 3.7107 10.1232 1.1299 25.1104 -4.1993 -1.9716
Pedestrian -1 -1 -7.6934 1055.1179 161.1419 1088.7793 225.3204 1.7101 0.6568 0.8227 12.8505 1.1682 19.6665 -7.1258 -2.0312
