Cyclist -1 -1 -4.3401 292.7963 160.5435 414.2499 354.6320 1.7942 0.5693 1.8484 -2.5890 1.6012 7.5772 -4.6652 5.9159
Pedestrian -1 -1 -7.6571 179.3725 170.4179 276.1794 355.3632 1.7156 0.6623 1.1046 -3.7989 1.6135 7.2849 -8.1294 5.7220
Car -1 -1 -4.6087 509.7064 169.9034 553.6442 209.3906 1.9965 1.9008 4.6521 -3.6881 1.4104 38.6497 -4.7083 5.5679
Pedestrian -1 -1 -8.4368 755.7297 166.7621 798.8788 238.8759 1.7547 0.6208 0.9593 4.3699 1.3966 18.0364 -8.2078 3.2729
Pedestrian -1 -1 -7.8118 808.6699 165.5189 840.9874 254.6876 1.6518 0.5693 0.8419 4.2558 1.3564 13.7973 -7.5233 2.5382
Pedestrian -1 -1 -8.1936 632.4327 162.7022 728.6039 346.4081 1.7291 0.6986 0.8923 0.7269 1.5529 7.2798 -8.1037 2.4381
Pedestrian -1 -1 -8.2466 686.1207 159.1557 789.0602 344.1915 1.7559 0.7094 0.9586 1.3168 1.5446 7.3638 -8.0818 1.7606
Pedestrian -1 -1 -6.9856 820.3181 165.4237 872.7177 240.9872 1.6600 0.6083 0.9565 5.4996 1.3074 16.2423 -6.6693 1.6884
Pedestrian -1 -1 -3.7138 787.0089 166.9220 810.5945 217.5722 1.6940 0.5826 0.5404 6.6705 1.2069 24.3858 -3.4546 1.6135
Pedestrian -1 -1 -4.6431 694.6272 171.4218 720.4974 238.3761 1.6829 0.6154 0.7486 2.7014 1.4301 18.4847 -4.5053 0.9700
Pedestrian -1 -1 -7.6508 762.8451 164.0146 785.9890 215.6866 1.8506 0.6722 0.8431 6.3013 1.2247 26.2495 -7.4226 0.9472
Pedestrian -1 -1 -5.9865 616.2512 172.8009 628.9828 198.9430 1.8887 0.6616 0.7699 1.5591 1.2601 52.3323 -5.9619 0.7098
Pedestrian -1 -1 -8.1855 552.9675 176.2442 567.3954 205.4650 1.7751 0.6227 0.9002 -2.5374 1.4559 44.1716 -8.2477 0.4793
Pedestrian -1 -1 -2.1333 409.9165 174.7057 441.7568 237.3751 1.7349 0.7010 0.5287 -4.9986 1.5473 20.3222 -2.3768 0.4527
Cyclist -1 -1 -4.6468 662.3585 178.6528 674.2807 208.6698 1.5765 0.5538 1.4196 3.5816 1.4272 38.4712 -4.5597 -0.0913
Pedestrian -1 -1 -7.6003 0.0000 177.8170 28.4429 268.2847 1.6807 0.5579 0.5015 -11.3839 1.6129 13.6901 -8.2900 -0.7641
Car -1 -1 -4.7143 599.7044 174.4601 618.5742 193.0160 1.5519 1.5782 3.6727 0.6772 0.9630 61.9179 -4.7084 -0.8168
Car -1 -1 -5.4622 336.8312 181.7513 418.2019 212.6784 1.5157 1.6798 4.0506 -11.5447 1.5294 36.9611 -5.7680 -0.8644
Cyclist -1 -1 -8.1146 397.8670 178.3033 432.9167 240.7015 1.6514 0.4754 1.8335 -5.2099 1.5673 19.9251 -8.3726 -0.8965
Pedestrian -1 -1 -6.7723 241.7069 169.2591 284.8090 250.5277 1.7770 0.6477 0.6490 -7.6447 1.5099 16.1610 -7.2133 -1.2937
Pedestrian -1 -1 -6.7602 849.5841 153.1624 900.4971 270.7293 1.8196 0.6001 0.5374 4.3068 1.3817 11.4504 -6.4134 -1.5434
Pedestrian -1 -1 -7.8442 409.9788 180.0572 423.8575 213.2768 1.7417 0.7066 0.7370 -9.7919 1.6662 38.1055 -8.0992 -1.7355
Pedestrian -1 -1 -7.5518 841.5280 164.3117 865.5858 213.0699 1.7055 0.6695 0.5772 8.9460 1.1047 25.5573 -7.2234 -1.8293
Car -1 -1 -4.5216 0.0000 209.8586 18.9468 373.0000 1.3659 1.5716 3.9660 -5.4449 1.6524 5.1599 -5.3150 -1.8315
Pedestrian -1 -1 -8.6674 602.0950 174.7480 614.2896 196.7996 1.7674 0.5139 0.8686 0.5678 1.2261 58.0595 -8.6626 -1.8330
Pedestrian -1 -1 -8.1419 682.0229 177.8809 699.8947 214.2347 1.5618 0.5965 0.6881 3.8746 1.4066 31.2503 -8.0248 -1.9891
Pedestrian -1 -1 -3.5301 1001.4854 155.2037 1081.9640 304.6610 1.6390 0.6246 0.5829 4.9726 1.3513 8.2263 -3.0059 -2.1206
Pedestrian -1 -1 -3.4241 878.3575 151.4332 925.7485 275.8720 1.7856 0.5344 0.5086 4.3791 1.3549 10.5980 -3.0464 -2.1563
