Car -1 -1 -4.3814 297.6857 157.7234 512.2463 300.6320 1.7556 1.7885 4.4038 -2.7644 1.4641 11.0953 -4.6258 6.3817
Pedestrian -1 -1 -8.3862 600.9699 163.4771 646.0770 240.7797 1.7463 0.6535 0.9593 0.4711 1.3397 16.8054 -8.3639 2.8541
Pedestrian -1 -1 -2.7810 528.2335 169.3296 584.1791 251.6034 1.6708 0.5369 1.0445 -0.9801 1.4242 14.9950 -2.8506 2.2426
Pedestrian -1 -1 -2.6367 642.8444 153.3734 764.7535 337.0974 1.7354 0.6603 1.0496 0.9942 1.4705 7.3608 -2.5132 2.1511
Pedestrian -1 -1 -8.5944 616.2297 164.1329 677.2645 250.2940 1.7194 0.6603 1.1550 0.8954 1.3734 14.9905 -8.5412 1.9127
Pedestrian -1 -1 -4.1525 1143.7789 136.8540 1237.0000 308.2603 1.7113 0.6255 0.5742 6.1846 1.2663 7.5637 -3.4893 1.8097
Pedestrian -1 -1 -7.9328 562.2206 164.6810 591.1199 240.5970 1.7158 0.5879 1.0112 -0.6251 1.3362 16.7722 -7.9749 1.6791
Pedestrian -1 -1 -2.8200 728.6733 165.6753 818.1661 303.0626 1.5737 0.6348 0.9100 2.0444 1.3932 8.7343 -2.6024 1.5457
Pedestrian -1 -1 -7.8109 338.3953 164.9082 365.7613 237.9235 1.8208 0.6349 0.6247 -6.3818 1.4076 18.3041 -8.1473 1.5338
Pedestrian -1 -1 -7.5921 197.1767 164.1722 228.8966 237.1590 1.8556 0.5913 0.5919 -10.0942 1.4156 18.6191 -8.0883 0.8896
Pedestrian -1 -1 -8.3812 616.0242 168.0629 649.4512 235.8231 1.6408 0.5104 0.7650 0.7369 1.3159 17.8516 -8.3459 0.8740
Cyclist -1 -1 -2.0912 201.3788 166.6554 265.4517 245.2435 1.7764 0.4785 1.8651 -8.7327 1.4414 16.9458 -2.5660 0.6960
Car -1 -1 -7.5340 265.2554 167.2451 345.5742 212.5372 1.6183 1.6697 4.0913 -11.3462 1.1094 27.7658 -7.9236 0.4686
Pedestrian -1 -1 -4.6391 665.6428 166.1243 687.6409 224.4649 1.6814 0.5882 0.9159 2.1951 1.2388 21.2041 -4.5424 0.1333
Pedestrian -1 -1 -3.9626 179.0346 166.4886 219.4776 231.7388 1.7789 0.6127 0.7878 -11.2434 1.3701 20.0390 -4.4736 0.0277
Car -1 -1 -5.4329 927.5856 152.9557 1088.3032 220.1370 1.4892 1.5952 3.3710 9.8418 0.8570 17.7446 -4.9378 -0.0476
Pedestrian -1 -1 -7.3021 369.6080 166.6031 393.5436 220.9281 1.7890 0.5814 0.5146 -7.3630 1.2989 23.9780 -7.6022 -0.0761
Pedestrian -1 -1 -4.0188 1184.2548 138.9648 1237.0000 270.8155 1.6383 0.5559 0.5620 7.9643 1.1105 9.2506 -3.3271 -0.2313
Pedestrian -1 -1 -7.9150 577.8365 162.6552 590.8430 196.1927 1.8000 0.6600 0.6839 -0.9344 0.7888 38.9242 -7.9438 -0.3677
Pedestrian -1 -1 -3.3906 897.1617 147.4537 941.5150 248.2738 1.7088 0.5515 0.5801 5.4747 1.1324 12.4916 -2.9905 -0.3774
Pedestrian -1 -1 -7.9324 579.5255 161.3938 595.2922 198.5065 1.7883 0.6957 0.9073 -0.7008 0.8197 35.1008 -7.9572 -0.4509
Pedestrian -1 -1 -6.0875 626.0731 160.2834 649.2893 216.8283 1.8656 0.7004 0.6594 1.1944 1.1660 24.1181 -6.0437 -0.5140
Car -1 -1 -8.3295 767.5907 170.4708 871.3982 222.9691 1.4869 1.5902 3.5446 6.6066 1.1750 22.2383 -8.0490 -0.6571
Pedestrian -1 -1 -3.5770 684.3751 168.7627 722.4113 235.4001 1.6137 0.5554 0.7671 2.4829 1.3058 17.7754 -3.4455 -0.7166
Car -1 -1 -4.5603 439.4529 169.6291 498.9261 213.8468 1.5903 1.6756 4.1519 -5.0775 1.1638 27.9367 -4.7435 -0.9349
Pedestrian -1 -1 -3.9264 713.8602 168.9379 748.7710 236.3594 1.5575 0.5242 0.6257 3.0338 1.2679 16.9894 -3.7576 -1.3068
Car -1 -1 -2.2652 311.4027 169.4101 398.3868 204.0389 1.5001 1.6282 3.9078 -11.2984 0.9767 32.8236 -2.5992 -1.4780
Pedestrian -1 -1 -8.0492 1157.6934 126.0463 1210.4082 224.5907 1.8181 0.6294 0.7943 11.0917 0.7956 13.7497 -7.3847 -2.0793
Pedestrian -1 -1 -7.4241 989.0273 131.4107 1046.2129 233.2895 1.7916 0.6005 0.8830 7.5684 0.9114 13.1357 -6.9151 -2.0851
Pedestrian -1 -1 -5.8281 156.4087 158.8207 176.1371 224.6748 1.9221 0.4843 0.3189 -12.8832 1.2606 21.2213 -6.3734 -2.1462
