Car -1 -1 -4.6928 517.3948 166.1184 567.1147 209.1712 1.5817 1.8251 4.0874 -2.3365 1.0170 28.4910 -4.7790 5.5579
Pedestrian -1 -1 -7.9291 208.0838 166.8318 261.2431 283.0424 1.7623 0.6808 1.0605 -5.9389 1.5405 11.5231 -8.4015 3.4695
Pedestrian -1 -1 -8.4765 761.4968 150.7830 862.8574 307.6778 1.7453 0.7003 1.0011 2.4440 1.4043 8.5823 -8.2127 3.0637
Pedestrian -1 -1 -8.1674 609.3904 163.8390 643.4757 238.0421 1.7154 0.5726 0.8419 0.5500 1.3076 17.0905 -8.1411 2.8618
Pedestrian -1 -1 -3.4915 1067.9764 137.9425 1232.3009 350.5037 1.7769 0.6933 0.9868 4.8361 1.4135 6.4695 -2.8744 2.6811
Pedestrian -1 -1 -8.2325 697.7402 155.5228 779.0895 313.8849 1.7170 0.6602 0.7942 1.5043 1.4361 8.2456 -8.0635 2.6273
Pedestrian -1 -1 -5.4326 729.2177 153.7172 803.3981 269.6231 1.7365 0.6472 0.9864 2.5457 1.3209 11.3507 -5.2223 2.6263
Pedestrian -1 -1 -2.9630 1015.6285 142.6731 1125.2616 287.8134 1.7137 0.5131 1.0881 5.8380 1.2560 9.0365 -2.4079 1.8383
Cyclist -1 -1 -8.0452 241.3756 168.3197 278.4430 241.0977 1.6656 0.4710 1.7845 -8.2755 1.3645 17.2973 -8.4908 1.3885
Pedestrian -1 -1 -4.3456 255.7247 162.8316 316.2231 289.3412 1.7950 0.6575 0.5433 -4.6364 1.5308 10.4786 -4.7588 1.1239
Car -1 -1 -7.8003 573.8878 163.0540 596.4683 182.5107 1.5008 1.6174 3.8696 -1.2467 0.0778 57.3665 -7.8267 1.0369
Pedestrian -1 -1 -4.0430 290.1768 160.8177 360.3137 290.8713 1.8144 0.7391 0.5966 -4.0433 1.5266 10.4165 -4.4106 1.0102
Pedestrian -1 -1 -4.3023 1132.8757 138.7795 1228.2151 306.2907 1.7194 0.6141 0.6294 6.2256 1.2816 7.7945 -3.6500 1.0071
Pedestrian -1 -1 -7.7192 669.4209 167.0036 691.8662 221.8069 1.6120 0.5730 0.8137 2.3554 1.1860 21.5915 -7.6170 0.7484
Pedestrian -1 -1 -7.6255 1174.1827 140.1299 1237.0000 272.0385 1.6789 0.6202 0.5910 8.0559 1.1530 9.5691 -6.9444 0.7483
Pedestrian -1 -1 -7.3570 207.2140 158.4705 245.3187 231.3025 1.8898 0.6011 0.7708 -9.9624 1.2928 19.0288 -7.8388 0.6948
Car -1 -1 -5.0210 926.1000 155.5055 1053.0859 221.2913 1.4435 1.6442 3.6995 9.3669 0.8737 17.7222 -4.5459 0.0830
Pedestrian -1 -1 -5.0844 581.0400 162.8293 594.9907 195.4045 1.7661 0.5119 0.7836 -0.7433 0.7540 39.4054 -5.1081 -0.1276
Car -1 -1 -7.8001 576.7724 167.0093 605.1783 191.8353 1.4888 1.5948 3.8769 -0.6145 0.6199 45.0436 -7.8185 -0.4362
Car -1 -1 -5.6436 369.8687 170.7030 458.0467 201.3312 1.5835 1.7483 4.4341 -10.1261 1.0255 38.7750 -5.9023 -0.4461
Pedestrian -1 -1 -8.3166 581.5375 162.4122 601.9135 199.1707 1.7884 0.6453 0.9553 -0.4943 0.8600 35.5222 -8.3353 -0.7460
Pedestrian -1 -1 -7.8516 631.9294 165.3219 653.2379 232.3237 1.6721 0.5313 0.5486 1.0058 1.2689 18.2147 -7.8025 -1.1731
Pedestrian -1 -1 -7.0949 632.7770 155.5725 647.7271 191.0458 1.8996 0.6796 0.4559 2.0942 0.5114 38.8701 -7.0463 -1.5213
Car -1 -1 -7.7510 288.7922 170.7746 347.8725 216.2134 1.5461 1.6331 4.0471 -10.4218 1.1816 26.6112 -8.1260 -1.5948
Car -1 -1 -7.4890 585.5465 163.3580 641.4477 196.5079 1.6051 1.6270 3.8193 0.6680 0.7269 36.8559 -7.4759 -1.6419
Car -1 -1 -4.4034 67.7682 181.0585 152.2697 220.7359 1.4475 1.6097 4.0081 -19.2928 1.4318 28.3562 -5.0016 -1.7968
Pedestrian -1 -1 -7.6736 323.0501 169.8270 346.5146 218.9077 1.6912 0.6617 0.6762 -9.3522 1.2894 25.1429 -8.0314 -1.8828
Car -1 -1 -2.5733 313.9428 176.7051 396.2827 205.2852 1.5323 1.6571 4.0597 -13.6301 1.2754 39.7926 -2.9063 -2.1497
Cyclist -1 -1 -4.8363 486.7752 165.5741 499.1664 196.7374 1.6971 0.4856 1.5466 -6.0389 0.8300 39.9305 -4.9903 -2.1634
