Pedestrian -1 -1 -8.4216 786.0973 154.8412 893.5538 317.6866 1.7441 0.7369 1.0090 2.6683 1.4592 8.2780 -8.1247 3.8270
Car -1 -1 -4.7299 522.9973 169.0171 563.5576 203.5563 1.5362 1.8042 4.4595 -2.8396 0.9813 34.2604 -4.8170 3.4048
Car -1 -1 -4.5343 398.7541 155.5959 485.8689 226.0998 1.9868 1.8870 4.5951 -4.8884 1.2573 22.5748 -4.7503 3.3068
Pedestrian -1 -1 -8.0869 619.1591 168.9316 651.9522 240.9490 1.6584 0.5911 0.8390 0.7627 1.3696 17.0106 -8.0481 3.1204
Pedestrian -1 -1 -5.0870 237.8156 167.6325 305.5652 282.2881 1.7595 0.7152 0.8951 -5.3685 1.5473 11.5915 -5.5178 2.9317
Pedestrian -1 -1 -5.4176 764.1410 156.1724 829.8297 270.7159 1.7317 0.6071 0.8272 3.0375 1.3494 11.3649 -5.1677 2.2629
Pedestrian -1 -1 -8.3620 706.8356 161.8498 791.4341 321.5893 1.6634 0.6020 0.7862 1.5677 1.4595 7.9488 -8.1793 1.8745
Pedestrian -1 -1 -4.2089 362.2281 171.7376 415.8352 266.7563 1.6419 0.6029 0.8195 -3.8383 1.4739 12.8772 -4.4987 1.7206
Car -1 -1 -4.5728 447.0891 159.1510 503.7760 211.2233 1.9571 1.7123 4.1543 -5.0416 1.1175 29.1039 -4.7479 1.6715
Pedestrian -1 -1 -4.1402 1057.5262 146.2069 1136.0585 290.3007 1.7240 0.6075 0.5558 6.1381 1.3024 8.9850 -3.5597 1.4166
Pedestrian -1 -1 -3.3843 1080.4529 140.9633 1194.6399 326.0885 1.7845 0.6956 0.7818 5.4268 1.3944 7.3895 -2.7731 1.3230
Cyclist -1 -1 -4.7900 664.4264 169.0029 686.4307 221.3438 1.5960 0.5488 1.6795 2.3014 1.2154 22.7476 -4.6955 1.2989
Pedestrian -1 -1 -7.7813 227.5114 163.2307 255.7176 231.8313 1.8847 0.6712 0.5206 -10.0957 1.3833 20.1040 -8.2467 1.2429
Car -1 -1 -7.7960 571.4742 162.7759 595.7919 188.4885 2.0224 1.7598 4.3420 -1.3948 0.5495 58.6952 -7.8245 1.1814
Pedestrian -1 -1 -4.2855 325.9530 166.9909 377.6344 265.4177 1.7352 0.6698 0.6690 -4.5595 1.4800 13.0274 -4.6215 0.7770
Pedestrian -1 -1 -7.0634 384.7232 163.2865 410.8086 214.8223 1.8530 0.6622 0.6361 -7.4692 1.1985 26.2675 -7.3430 0.6218
Pedestrian -1 -1 -6.4190 581.2859 164.6459 602.3779 199.8667 1.7689 0.5920 0.9961 -0.4993 0.9226 36.4455 -6.4376 0.4690
Car -1 -1 -7.9138 556.7466 167.4645 586.9778 192.5238 1.5420 1.6731 4.2160 -1.9463 0.6784 46.3861 -7.9604 0.3211
Cyclist -1 -1 -7.8540 240.8460 171.0204 262.4682 227.5336 1.6933 0.5863 1.6831 -10.9414 1.3798 22.4085 -8.3088 -0.2744
Cyclist -1 -1 -8.0606 277.4708 176.9164 307.8396 240.4519 1.5801 0.3776 1.7075 -8.0730 1.4666 18.6710 -8.4690 -0.6971
Car -1 -1 -3.1161 66.2636 167.5732 142.4602 191.9576 1.5710 1.6880 4.1399 -33.2064 0.6738 48.1213 -3.7224 -0.7121
Cyclist -1 -1 -7.3720 916.1854 145.8855 970.4579 220.7962 1.7317 0.4100 1.8039 8.2207 0.9090 17.3188 -6.9397 -0.7498
Pedestrian -1 -1 -2.6737 580.1010 164.4556 595.5535 196.8506 1.8041 0.6613 0.6426 -0.7675 0.8551 40.4421 -2.6975 -0.9208
Pedestrian -1 -1 -5.8648 1089.6466 143.0976 1160.0817 286.6844 1.7663 0.6533 0.5193 6.6729 1.2946 9.2277 -5.2575 -0.9281
Pedestrian -1 -1 -3.7566 704.8340 170.3511 738.0556 231.8214 1.5466 0.5336 0.6530 3.0464 1.2667 18.4578 -3.6006 -0.9400
Pedestrian -1 -1 -8.2067 332.6576 170.9527 355.3837 220.2982 1.7032 0.5967 0.5487 -9.0544 1.3396 25.1958 -8.5535 -1.0491
Pedestrian -1 -1 -4.9349 644.3896 162.9451 658.9934 198.5046 1.7839 0.6300 0.5437 2.5322 0.8533 36.3547 -4.8708 -1.3577
Car -1 -1 -4.4845 573.7278 164.7926 613.5120 190.9698 1.6118 1.6757 4.2543 -0.4474 0.5832 46.4873 -4.4989 -1.8593
Car -1 -1 -5.0905 760.2327 177.9433 865.8442 233.8635 1.4328 1.5284 3.7932 5.8364 1.3421 20.3726 -4.8202 -2.0761
Pedestrian -1 -1 -4.2590 616.9650 178.5853 638.9720 229.5954 1.3578 0.4187 0.5049 0.6864 1.2807 19.4412 -4.2295 -2.1107
Pedestrian -1 -1 -4.0302 681.6545 170.3252 713.9568 228.9266 1.5399 0.5535 0.6865 2.5580 1.2467 19.3132 -3.9055 -2.1699
Car -1 -1 -7.8430 603.2150 155.3296 622.0935 177.3567 1.9680 1.7071 4.0146 1.0922 -0.3983 66.9708 -7.8315 -2.1748
