Car -1 -1 -4.3744 142.9912 153.1735 466.2661 369.7695 1.7432 1.7634 4.4962 -2.8621 1.5160 8.0298 -4.7126 7.1021
Cyclist -1 -1 -4.9076 663.6663 168.9621 693.5865 224.2633 1.5643 0.5548 1.6333 2.2262 1.2101 21.1592 -4.8093 2.9524
Pedestrian -1 -1 -7.9972 629.6823 159.9378 652.0931 212.4704 1.8955 0.7196 0.7173 1.4163 1.1179 26.3102 -7.9491 2.7560
Pedestrian -1 -1 -8.6183 1004.3747 130.8639 1147.6821 337.0543 1.8345 0.7771 0.8418 4.4636 1.3847 6.8845 -8.0659 2.1737
Pedestrian -1 -1 -5.6000 439.8235 169.7387 479.5589 246.1262 1.6736 0.5100 0.7134 -3.2195 1.4164 16.1295 -5.7993 2.1637
Pedestrian -1 -1 -4.0930 1143.4373 136.2094 1237.0000 310.5867 1.7326 0.6752 0.5389 6.1772 1.2833 7.5373 -3.4288 1.8100
Car -1 -1 -4.5227 385.6807 153.6255 476.1501 229.9028 1.9880 1.7374 4.6119 -4.8836 1.2621 21.0615 -4.7530 1.6383
Pedestrian -1 -1 -2.4128 610.6274 166.1917 683.9598 289.5866 1.6141 0.6531 0.7683 0.5824 1.4145 9.8986 -2.3613 1.3337
Pedestrian -1 -1 -7.5582 196.1711 164.2466 229.2293 237.3752 1.8534 0.5759 0.6976 -10.0938 1.4166 18.6047 -8.0547 1.1667
Pedestrian -1 -1 -2.3612 546.9125 157.3372 643.9189 329.1603 1.7266 0.7935 0.6874 -0.1121 1.4845 7.7427 -2.3813 1.1072
Pedestrian -1 -1 -8.0585 589.7507 162.0178 620.0413 230.1834 1.7752 0.6276 0.9320 0.0504 1.2684 19.2281 -8.0612 1.0088
Pedestrian -1 -1 -2.9225 568.9647 159.7992 613.8422 238.5430 1.8187 0.7205 0.9341 -0.2669 1.3181 17.0364 -2.9432 1.0053
Car -1 -1 -7.8546 1013.0482 143.5733 1144.6388 252.5480 1.5166 1.5893 4.0565 7.9222 0.9894 12.1363 -7.2912 0.6565
Pedestrian -1 -1 -6.4999 556.1980 161.7479 582.9191 230.4261 1.8067 0.6060 0.5960 -0.8929 1.2876 19.2679 -6.5509 0.4635
Pedestrian -1 -1 -7.2354 1183.5962 138.2075 1237.0000 270.3802 1.6403 0.5519 0.5665 7.9538 1.1037 9.2548 -6.5446 0.2012
Car -1 -1 -8.2941 752.5986 169.7602 848.8651 218.9558 1.4641 1.5830 3.6080 6.3261 1.1152 23.2961 -8.0369 -0.3297
Car -1 -1 -5.6036 917.6422 152.6985 1092.4581 218.6871 1.4776 1.5982 3.6044 9.9450 0.8332 18.0556 -5.1113 -1.0296
Pedestrian -1 -1 -7.8031 182.0354 170.8569 209.2536 234.1862 1.7273 0.6308 0.6203 -11.3290 1.4375 20.0107 -8.3179 -1.1931
Pedestrian -1 -1 -6.7106 506.2106 166.3884 519.1641 188.0603 1.7764 0.6031 0.8921 -7.3110 0.5376 59.3729 -6.8375 -1.2576
Car -1 -1 -4.3170 0.0000 189.1609 81.8723 222.6374 1.4617 1.6190 4.2359 -26.9269 1.8555 34.6526 -4.9790 -1.3264
Cyclist -1 -1 -7.5931 469.2090 171.5398 489.5896 215.8556 1.5629 0.3560 1.5276 -4.4490 1.2120 26.1095 -7.7653 -1.7010
Pedestrian -1 -1 -3.8773 714.3921 170.4613 747.9970 235.4559 1.5009 0.5553 0.5503 3.0263 1.2466 16.9707 -3.7088 -2.1310
Pedestrian -1 -1 -4.8705 616.7904 172.0461 639.9254 233.6924 1.5067 0.4926 0.5323 0.6294 1.2761 17.8519 -4.8411 -2.1563
Car -1 -1 -5.6205 929.2512 149.6820 1145.3453 228.3969 1.4795 1.6095 3.7832 9.1826 0.8821 15.5572 -5.0996 -2.1829
