Car -1 -1 -4.5756 474.1411 162.0505 561.7254 236.3769 1.7130 1.7224 4.0051 -2.0734 1.2653 18.5767 -4.6905 5.6984
Pedestrian -1 -1 -7.8867 600.7678 162.9089 622.9949 226.2690 1.7296 0.5815 0.9924 0.2523 1.2226 20.1125 -7.8796 2.8192
Pedestrian -1 -1 -9.1347 1022.5670 151.6052 1163.3711 341.2690 1.6501 0.6443 0.9711 4.6046 1.3907 6.8278 -8.5645 2.6926
Pedestrian -1 -1 -4.8904 666.0154 156.7878 720.8690 267.2227 1.7569 0.7281 0.9921 1.4675 1.3644 11.9459 -4.7763 2.5765
Pedestrian -1 -1 -7.6202 255.6817 166.3472 301.1508 257.6021 1.7687 0.6303 0.9612 -6.5236 1.4756 14.4538 -8.0428 2.3070
Pedestrian -1 -1 -3.0587 867.0836 156.7948 995.1009 351.8107 1.6723 0.7112 1.0380 3.0301 1.4611 6.7167 -2.6552 2.1230
Pedestrian -1 -1 -8.4934 604.7939 163.9837 657.8555 269.1042 1.6602 0.6377 0.5965 0.4427 1.3842 11.7716 -8.4622 1.9886
Pedestrian -1 -1 -2.6996 782.5961 148.5923 850.8901 264.7389 1.7515 0.4989 0.9051 3.3417 1.2559 11.3180 -2.4241 1.8881
Pedestrian -1 -1 -4.4509 1149.6969 136.2005 1237.0000 311.7881 1.7325 0.6533 0.5121 6.1584 1.2863 7.5028 -3.7859 1.7163
Car -1 -1 -7.8731 575.4760 168.0833 604.0284 193.4487 1.5143 1.6812 3.9825 -0.7658 0.7134 44.9084 -7.8950 1.6844
Pedestrian -1 -1 -2.7206 644.0616 165.4625 695.7470 257.3809 1.6322 0.4855 0.8172 1.2127 1.3480 13.1658 -2.6360 1.4733
Pedestrian -1 -1 -4.3339 100.5687 170.6238 225.8896 368.6717 1.6809 0.7273 0.8016 -4.0086 1.5893 6.5500 -4.8718 1.1010
Pedestrian -1 -1 -7.5869 196.1406 163.7347 228.9660 237.4826 1.8749 0.6249 0.5528 -10.0980 1.4238 18.6027 -8.0836 0.8752
Cyclist -1 -1 -7.7890 246.0414 181.3014 269.4307 249.1828 1.5262 0.3952 1.6594 -8.1544 1.5222 16.9937 -8.2357 0.6550
Pedestrian -1 -1 -7.6507 356.3679 168.0330 374.6096 211.0099 1.7154 0.5398 0.8809 -9.5853 1.1782 29.1409 -7.9709 0.6185
Car -1 -1 -4.4216 259.3786 166.4916 339.1738 215.4608 1.7115 1.6852 4.0986 -11.3597 1.1874 27.2338 -4.8184 -0.0482
Pedestrian -1 -1 -3.8553 712.5759 171.0263 747.7531 235.8586 1.4989 0.5747 0.5857 3.0079 1.2573 17.0051 -3.6882 -0.4543
Pedestrian -1 -1 -7.0428 182.6649 171.7959 216.6698 233.5261 1.6893 0.6055 0.5661 -11.2247 1.4243 20.0181 -7.5534 -0.4740
Pedestrian -1 -1 -4.3543 685.5522 170.6134 714.8206 234.3979 1.5499 0.5608 0.5653 2.4184 1.2859 17.8356 -4.2268 -0.4788
Pedestrian -1 -1 -8.0669 666.1305 166.1991 687.6816 222.2735 1.6434 0.5463 0.4674 2.2057 1.1954 21.3165 -7.9702 -0.5141
Pedestrian -1 -1 -6.4943 578.2872 163.8365 597.9675 199.6995 1.7298 0.6209 0.8459 -0.6630 0.8781 35.0475 -6.5181 -0.5384
Car -1 -1 -7.8968 553.1905 167.9879 581.8969 193.9683 1.5487 1.5965 3.9616 -2.1514 0.7434 44.8687 -7.9493 -0.5805
Pedestrian -1 -1 -8.1149 630.0661 152.8456 645.3113 189.8395 1.9739 0.7037 0.5324 1.9437 0.4451 38.6635 -8.0698 -0.6338
Pedestrian -1 -1 -3.9885 32.0762 167.9330 153.4850 368.1199 1.7017 0.6375 0.6231 -4.5991 1.5871 6.4532 -4.5949 -0.7209
Pedestrian -1 -1 -6.5341 954.5915 139.4978 990.7933 219.1270 1.7201 0.6179 0.5680 8.1586 0.8133 15.8785 -6.0712 -0.8614
Car -1 -1 -4.4400 438.1310 166.5150 500.9613 211.6666 1.6004 1.5296 3.2373 -4.9383 1.0697 27.1423 -4.6233 -0.9276
Car -1 -1 -7.9630 564.3985 163.1697 590.8654 184.1955 1.6110 1.6537 4.0097 -1.9065 0.2064 57.1419 -8.0010 -1.1546
Pedestrian -1 -1 -4.7252 1117.4116 139.3348 1167.7777 271.5237 1.7093 0.5207 0.6046 7.2349 1.1647 9.6855 -4.1017 -1.1936
Car -1 -1 -5.4519 913.9531 151.0375 1080.2432 216.6355 1.4771 1.6190 3.6293 9.7741 0.7917 18.1354 -4.9686 -1.2352
Pedestrian -1 -1 -5.7968 916.3790 154.4928 957.5695 244.0356 1.6249 0.5316 0.5104 6.2158 1.1354 13.4002 -5.3752 -1.7409
Pedestrian -1 -1 -4.0866 1194.2209 139.8713 1237.0000 272.7221 1.6547 0.5139 0.5466 8.0741 1.1369 9.2630 -3.3888 -1.7912
