Car -1 -1 -4.3750 275.3651 157.1255 508.3380 310.7821 1.7512 1.7837 4.5183 -2.7597 1.4741 10.5104 -4.6314 7.2982
Pedestrian -1 -1 -7.9875 595.8660 162.0010 629.4307 238.2036 1.7791 0.6708 1.0163 0.2228 1.3244 17.3174 -7.9802 3.0327
Pedestrian -1 -1 -3.0965 625.0660 157.7263 735.1489 332.3025 1.7037 0.7448 1.0795 0.7699 1.4724 7.4535 -3.0032 2.3981
Pedestrian -1 -1 -2.5216 706.8578 168.0595 789.0029 300.7148 1.5681 0.5502 0.8432 1.7772 1.4099 8.9858 -2.3376 2.3905
Pedestrian -1 -1 -2.6138 506.7242 168.4850 559.5504 250.5295 1.6884 0.5132 0.9904 -1.4859 1.4211 15.2207 -2.7150 2.3696
Pedestrian -1 -1 -8.3929 609.1987 165.0636 658.6713 247.1510 1.7008 0.6695 0.9429 0.6513 1.3608 15.4578 -8.3569 2.2871
Pedestrian -1 -1 -7.9111 562.5198 164.7086 590.3856 238.5385 1.7261 0.6121 0.8904 -0.6454 1.3341 17.2679 -7.9532 1.9751
Pedestrian -1 -1 -4.0153 1143.3433 135.1244 1237.0000 307.8417 1.7306 0.6189 0.5502 6.1694 1.2666 7.5576 -3.3529 1.6429
Pedestrian -1 -1 -7.4200 195.4257 164.1626 231.6328 237.6607 1.8683 0.5836 0.7086 -10.0864 1.4281 18.6311 -7.9156 0.7554
Cyclist -1 -1 -2.1285 202.7353 165.3868 267.4683 246.1893 1.8300 0.4433 1.8532 -8.6868 1.4656 16.9354 -2.6015 0.7228
Pedestrian -1 -1 -7.7346 628.7596 160.3827 650.4583 214.8038 1.8287 0.6639 0.7257 1.2830 1.1195 24.5501 -7.6881 0.6441
Car -1 -1 -7.5042 268.9282 168.4658 350.5088 213.6478 1.6345 1.6763 4.0153 -11.2855 1.1634 28.0225 -7.8889 0.5683
Pedestrian -1 -1 -4.3152 683.3499 170.2635 716.0910 234.2072 1.5559 0.6499 0.5441 2.4117 1.2830 17.8766 -4.1883 0.5143
Pedestrian -1 -1 -7.5707 340.3426 163.2521 371.6592 235.7954 1.8523 0.6126 0.6609 -6.4118 1.3869 18.6862 -7.9023 0.4458
Car -1 -1 -2.9464 506.5201 178.4676 578.0029 201.3280 1.4723 1.5996 4.4701 -3.8621 1.2770 47.3006 -3.0325 -0.0850
Pedestrian -1 -1 -4.3107 1187.0048 139.4713 1237.0000 271.2722 1.6250 0.5442 0.5592 7.9385 1.1075 9.2265 -3.6194 -0.1263
Pedestrian -1 -1 -5.4610 527.0351 163.6950 538.1559 184.9111 1.9141 0.5538 0.8807 -6.2261 0.3075 65.3074 -5.5605 -0.2276
Car -1 -1 -5.5421 921.3654 154.6702 1090.4268 220.6437 1.4713 1.5910 3.4934 9.8973 0.8735 17.9313 -5.0489 -0.3205
Pedestrian -1 -1 -4.9214 183.5443 168.7045 213.6031 232.2301 1.7265 0.5748 0.8060 -11.2601 1.3792 20.0149 -5.4335 -0.4043
Pedestrian -1 -1 -3.2343 900.5479 147.2802 939.3467 249.5833 1.7287 0.5577 0.5583 5.4844 1.1511 12.4888 -2.8334 -0.5408
Car -1 -1 -8.4596 752.6494 170.6641 864.6879 221.2108 1.4508 1.5854 3.5972 6.3725 1.1403 22.5774 -8.1926 -0.6631
Pedestrian -1 -1 -6.4250 951.4172 142.5001 990.3513 223.7703 1.7550 0.6754 0.6703 8.1470 0.9134 15.9383 -5.9641 -1.0369
Car -1 -1 -7.8863 601.0681 153.7231 622.0384 178.5408 2.1720 1.7518 4.1711 0.9255 -0.2787 65.4772 -7.8770 -1.1442
Car -1 -1 -1.9766 0.0000 170.8194 99.6893 220.6158 1.5198 1.6965 4.0741 -18.5762 1.1943 23.6443 -2.6422 -1.5900
Pedestrian -1 -1 -8.0055 579.6816 161.6780 595.3423 199.6307 1.8273 0.6223 0.9573 -0.6959 0.8732 35.1112 -8.0301 -2.1462
