Car -1 -1 -4.3701 216.7614 156.1533 486.5778 337.4986 1.7659 1.7734 4.4239 -2.8552 1.5198 9.2443 -4.6676 7.2049
Pedestrian -1 -1 -8.0042 628.2636 159.1909 651.8257 212.8291 1.8652 0.7197 0.7678 1.3345 1.0898 25.3985 -7.9573 3.3346
Pedestrian -1 -1 -8.0839 557.3718 163.1731 587.4054 234.0313 1.7549 0.5886 0.8088 -0.7802 1.3016 18.2605 -8.1313 2.3170
Pedestrian -1 -1 -3.1016 1099.3641 125.2716 1237.0000 354.5964 1.8528 0.6723 1.0592 5.0571 1.3992 6.3988 -2.4580 2.0743
Pedestrian -1 -1 -5.3982 589.2395 166.2493 630.5601 243.5057 1.6932 0.5085 0.8480 0.1481 1.3595 16.2332 -5.3946 1.9382
Pedestrian -1 -1 -2.4452 649.0200 162.5868 735.1472 294.9757 1.6378 0.6101 0.9507 1.1352 1.4045 9.4409 -2.3345 1.8541
Pedestrian -1 -1 -2.5357 468.4117 169.4448 517.7568 248.2002 1.6711 0.5518 0.9140 -2.4040 1.4159 15.6899 -2.6907 1.7895
Pedestrian -1 -1 -8.6751 586.8240 154.5162 689.2073 330.3993 1.7305 0.5602 0.9515 0.3264 1.4657 7.6020 -8.6397 1.7809
Pedestrian -1 -1 -3.8890 1126.7377 135.2036 1237.0000 311.2576 1.7455 0.6530 1.0198 6.1682 1.2872 7.4887 -3.2224 1.6113
Pedestrian -1 -1 -7.3898 196.6836 164.0567 230.3166 237.0210 1.8626 0.5787 0.5600 -10.0870 1.4178 18.6260 -7.8855 0.9599
Pedestrian -1 -1 -7.7482 305.9243 166.9407 331.2654 226.0692 1.8035 0.6636 0.7210 -8.8206 1.3599 22.3467 -8.1254 0.7165
Pedestrian -1 -1 -7.8704 591.5140 161.0490 616.8127 234.3652 1.8136 0.6179 1.0410 0.0251 1.3082 18.2960 -7.8744 0.6510
Pedestrian -1 -1 -4.2232 684.6789 169.2260 719.1241 235.1499 1.5936 0.5805 0.7187 2.4600 1.2974 17.8252 -4.0933 0.5492
Pedestrian -1 -1 -3.9208 712.6790 170.1304 746.8927 235.9121 1.5224 0.5393 0.5889 3.0016 1.2598 17.0140 -3.7540 0.4153
Pedestrian -1 -1 -7.6399 664.0311 165.9315 687.9265 224.3699 1.7000 0.5834 0.6552 2.1828 1.2476 21.2972 -7.5442 0.3440
Cyclist -1 -1 -2.8095 767.0782 163.1293 836.2933 227.3342 1.7183 0.5809 1.7582 5.5185 1.2272 19.9570 -2.5483 0.2236
Cyclist -1 -1 -1.9808 208.8980 169.3915 261.3633 246.2095 1.7378 0.4168 1.8050 -8.7133 1.4645 16.9846 -2.4539 0.1841
Pedestrian -1 -1 -3.7658 1184.2915 136.4725 1237.0000 272.0251 1.6862 0.6234 0.5453 7.9879 1.1267 9.2651 -3.0734 -0.0670
Car -1 -1 -8.5439 743.1689 168.7155 859.1025 219.1443 1.4612 1.5807 3.6077 6.1997 1.0913 22.7837 -8.2863 -0.1691
Pedestrian -1 -1 -3.3785 897.1562 149.4951 938.5104 249.1656 1.6928 0.4951 0.5507 5.4489 1.1499 12.4891 -2.9800 -0.5049
Car -1 -1 -7.8644 600.7486 150.3956 621.2689 176.6193 2.2861 1.8021 4.2952 0.8768 -0.4605 65.5733 -7.8558 -0.5442
Car -1 -1 -7.9934 562.2239 162.4363 589.2654 182.7537 1.5552 1.6120 3.7844 -2.0495 0.0959 56.9920 -8.0339 -0.5700
Pedestrian -1 -1 -4.8840 628.9744 168.8290 655.3017 235.7002 1.6294 0.5620 0.5478 0.9688 1.3212 17.8099 -4.8358 -0.6237
Pedestrian -1 -1 -6.0787 950.5123 141.2796 992.5956 223.0482 1.7546 0.6641 0.7149 8.1526 0.8921 15.8958 -5.6165 -0.7851
Cyclist -1 -1 -4.3541 190.6614 143.1218 222.3363 188.7498 1.7625 0.5568 1.6761 -15.7345 0.2804 28.6168 -4.8577 -0.9983
Pedestrian -1 -1 -7.0111 182.2132 168.2911 218.3047 233.4926 1.7885 0.6157 0.6332 -11.2557 1.4267 20.1045 -7.5211 -1.3223
Pedestrian -1 -1 -5.2305 489.1285 157.0036 516.2686 209.3495 1.9590 0.6223 0.9775 -3.8002 1.0426 27.4604 -5.3717 -1.6764
Pedestrian -1 -1 -5.1016 575.4205 161.7155 593.2468 195.2663 1.7934 0.6837 0.8693 -0.9353 0.7360 38.9328 -5.1304 -1.7052
Car -1 -1 -7.8852 559.4918 163.0160 591.1669 193.1954 1.6219 1.6363 4.1592 -1.5275 0.6287 40.7375 -7.9274 -1.7100
Car -1 -1 -7.1989 931.6333 146.6963 1095.8898 210.4662 1.5532 1.6550 4.0969 10.9156 0.7060 19.0662 -6.6898 -1.7722
