Car -1 -1 -4.6548 506.8126 163.9618 562.7100 212.4529 1.6027 1.7832 4.0124 -2.3380 1.0235 25.7801 -4.7493 4.5774
Pedestrian -1 -1 -8.4331 675.3218 160.3737 755.2658 303.9864 1.6363 0.5943 0.8226 1.3133 1.3962 8.6830 -8.2932 3.4507
Pedestrian -1 -1 -8.1839 594.6750 164.4487 629.5782 235.9106 1.6842 0.6127 0.8052 0.2156 1.2829 17.4090 -8.1770 2.6213
Pedestrian -1 -1 -5.5535 705.8503 154.3602 774.0710 266.3125 1.7256 0.5366 0.9683 2.1853 1.3079 11.6185 -5.3772 2.2647
Pedestrian -1 -1 -8.4988 731.6614 153.4312 823.7188 296.3422 1.6910 0.6663 0.9817 2.1603 1.3595 9.0840 -8.2775 2.2089
Pedestrian -1 -1 -4.3857 1149.5087 133.4281 1237.0000 307.2998 1.7307 0.6096 0.5275 6.1813 1.2529 7.5497 -3.7218 1.6547
Pedestrian -1 -1 -7.7572 200.7032 168.6420 243.0459 281.1683 1.7651 0.5234 0.9854 -6.2754 1.5640 11.8227 -8.2417 1.5872
Pedestrian -1 -1 -3.2842 1062.1537 131.9242 1201.3414 354.1756 1.7780 0.6960 0.8632 4.5121 1.3821 6.2495 -2.6841 1.5622
Pedestrian -1 -1 -4.1088 246.7543 163.8280 320.2153 305.1226 1.7579 0.6802 0.5409 -4.1397 1.5388 9.2666 -4.5243 1.2435
Pedestrian -1 -1 -3.0995 964.0451 137.3362 1053.9567 284.0387 1.7850 0.6125 0.9783 5.1929 1.2483 9.2537 -2.6055 0.9959
Car -1 -1 -7.6100 271.3651 166.4663 343.0785 210.8580 1.6046 1.6653 4.0672 -11.4224 1.0616 28.0969 -7.9979 0.6201
Car -1 -1 -7.9315 572.7208 164.7383 602.0027 188.0730 1.5373 1.6767 4.0877 -0.9983 0.4330 49.4420 -7.9564 0.6187
Pedestrian -1 -1 -4.3302 205.6153 165.2827 268.4346 304.5500 1.7461 0.5826 0.4905 -4.7422 1.5435 9.2756 -4.7973 0.5261
Pedestrian -1 -1 -6.4002 199.5181 164.4657 229.7186 236.5102 1.8315 0.5675 0.6287 -10.0916 1.3990 18.6739 -6.8951 0.4748
Pedestrian -1 -1 -7.6360 666.5102 164.9984 689.8696 220.1119 1.6021 0.5546 0.7053 2.2494 1.1229 21.3034 -7.5373 0.1821
Pedestrian -1 -1 -4.3032 1185.0483 133.5399 1237.0000 270.2511 1.6845 0.5229 0.7380 7.9690 1.0942 9.2513 -3.6113 -0.0494
Pedestrian -1 -1 -4.6721 184.0521 173.5589 209.7094 234.8782 1.6744 0.6002 0.6190 -11.3047 1.4581 20.0277 -5.1856 -0.0804
Pedestrian -1 -1 -7.7730 123.7309 181.2565 153.9817 255.8498 1.5786 0.4931 0.7858 -10.1165 1.5740 15.6643 -8.3442 -0.2474
Car -1 -1 -5.2676 595.3852 165.2761 647.3414 189.3535 1.5118 1.5951 3.8649 1.2699 0.4932 47.1736 -5.2457 -0.5158
Car -1 -1 -4.6270 874.1318 161.2606 953.0056 225.4754 1.4679 1.5773 3.7811 8.0579 1.0058 18.4604 -4.2257 -0.5720
Pedestrian -1 -1 -7.5954 316.4766 171.0969 338.9605 220.0096 1.6895 0.5774 0.7082 -9.6200 1.3306 25.1958 -7.9618 -0.6824
Cyclist -1 -1 -2.5166 189.9115 168.3214 284.2901 245.6304 1.7476 0.7548 1.8772 -8.5213 1.4502 16.7563 -2.9861 -0.7445
Car -1 -1 -8.0174 563.0276 160.4766 592.4096 181.7458 1.6296 1.6913 3.9613 -1.9017 0.0187 57.1469 -8.0553 -1.0025
Car -1 -1 -4.6361 18.6961 175.8644 73.0846 214.0142 1.6179 1.6564 3.9994 -25.1383 1.3792 32.5898 -5.2943 -1.0335
Pedestrian -1 -1 -4.6175 967.0219 150.7143 997.3356 232.3139 1.6127 0.5094 0.4151 7.6500 1.0048 14.5085 -4.1448 -1.3276
Car -1 -1 -4.5395 437.3187 159.8251 497.2964 210.9101 1.8223 1.6249 3.9207 -5.0921 1.0495 27.5952 -4.7254 -1.4208
Pedestrian -1 -1 -4.8599 1110.0958 139.9813 1174.1602 271.0177 1.6971 0.6141 0.4864 7.2075 1.1601 9.6603 -4.2371 -1.4633
Pedestrian -1 -1 -3.4688 995.4321 143.5044 1043.6068 257.9447 1.6958 0.4605 0.5057 6.2984 1.1334 10.9164 -2.9611 -1.8593
Pedestrian -1 -1 -3.4474 708.5319 167.0670 742.6191 234.8737 1.5748 0.5764 0.6478 2.8976 1.2401 17.0147 -3.2866 -1.8609
Cyclist -1 -1 -7.8696 571.0792 165.4262 576.6112 189.5270 1.6948 0.3587 1.7026 -1.9636 0.5644 51.3751 -7.9125 -1.9894
Car -1 -1 -4.8544 934.0994 156.3882 1033.3584 224.0937 1.4829 1.5760 3.7974 9.2870 0.9335 17.7845 -4.3842 -2.0305
