Car -1 -1 -4.6642 515.9396 166.0053 566.6907 209.7499 1.5744 1.7890 3.9317 -2.2819 1.0171 27.8522 -4.7502 5.1649
Pedestrian -1 -1 -8.4403 758.3353 153.8983 852.8712 307.6765 1.7222 0.6410 0.9867 2.3755 1.4138 8.6157 -8.1847 3.8986
Pedestrian -1 -1 -7.8198 201.9397 167.3703 253.0928 282.2205 1.7540 0.6966 1.0193 -6.0515 1.5389 11.5806 -8.2977 2.9608
Pedestrian -1 -1 -8.1608 603.9452 165.9914 637.9180 238.5960 1.6818 0.5927 0.7878 0.4201 1.3231 17.1011 -8.1419 2.8718
Pedestrian -1 -1 -3.4718 1063.5712 141.9687 1227.9883 349.2606 1.7144 0.7003 0.9836 4.7539 1.3882 6.4143 -2.8589 2.6212
Pedestrian -1 -1 -8.5655 723.9562 154.9035 796.3088 270.6641 1.7410 0.6192 0.9876 2.4559 1.3416 11.3856 -8.3633 2.4567
Pedestrian -1 -1 -8.3219 692.0373 153.0901 771.1224 313.3293 1.7458 0.6033 0.7780 1.4363 1.4370 8.2882 -8.1614 1.2983
Car -1 -1 -4.5697 440.4843 157.1781 500.0184 210.5659 1.9213 1.7063 4.2561 -5.0472 1.0464 28.0113 -4.7514 1.1543
Cyclist -1 -1 -4.5414 666.1078 168.0179 693.0914 223.5827 1.5943 0.5423 1.6520 2.3202 1.2080 21.4796 -4.4403 1.0954
Pedestrian -1 -1 -7.3235 578.5141 162.4023 596.1967 194.9503 1.7560 0.6696 0.7722 -0.7721 0.7258 39.2556 -7.3480 0.9464
Pedestrian -1 -1 -4.0552 277.1712 164.6436 349.8449 292.4964 1.7400 0.7654 0.5697 -4.1088 1.5113 10.1545 -4.4365 0.8367
Pedestrian -1 -1 -4.2711 1136.7148 139.9729 1234.2765 309.2585 1.7194 0.5923 0.6709 6.2125 1.2983 7.7123 -3.6148 0.6662
Pedestrian -1 -1 -3.0171 1020.7556 142.5111 1116.9338 289.8524 1.7289 0.5274 0.9538 5.7578 1.2721 8.9337 -2.4632 0.4383
Pedestrian -1 -1 -5.8358 202.4312 159.7407 238.8962 230.9929 1.8502 0.5999 0.6567 -10.0800 1.2857 18.9663 -6.3237 0.2498
Pedestrian -1 -1 -7.4908 581.1186 164.7695 601.2489 199.8144 1.6955 0.7230 0.8923 -0.5101 0.8863 35.2964 -7.5101 -0.1176
Pedestrian -1 -1 -4.6551 1189.6173 143.1177 1237.0000 272.3950 1.6228 0.5432 0.5248 8.0142 1.1417 9.3943 -3.9677 -0.2540
Pedestrian -1 -1 -4.2599 685.7501 168.5823 721.6288 231.8462 1.5453 0.6105 0.7955 2.5373 1.2303 18.0467 -4.1275 -0.3396
Car -1 -1 -4.2871 13.0951 183.9927 89.6310 216.2634 1.4610 1.5483 3.7298 -26.5677 1.5889 34.8184 -4.9403 -0.4815
Pedestrian -1 -1 -4.4756 245.9190 166.8288 300.6694 292.0263 1.7272 0.6078 0.5016 -4.7013 1.5255 10.2139 -4.9030 -0.4966
Car -1 -1 -4.8929 931.6531 150.7402 1036.4788 217.8499 1.4761 1.5776 3.7544 9.3109 0.8001 17.8248 -4.4225 -0.7698
Car -1 -1 -7.6759 573.0733 161.7987 601.8308 183.0356 1.6324 1.6491 3.8802 -1.0574 0.1179 57.2611 -7.6991 -0.8933
Pedestrian -1 -1 -7.9932 317.9825 167.3307 340.8716 215.5188 1.6515 0.6496 0.7383 -9.5319 1.1663 25.0983 -8.3578 -0.9961
Car -1 -1 -3.3027 293.8684 174.2802 381.5617 204.9372 1.5605 1.6924 4.1734 -14.0601 1.1932 38.3294 -3.6571 -1.4221
Car -1 -1 -7.7872 289.6092 169.1316 343.8680 213.0840 1.5008 1.6183 3.9078 -10.5002 1.0789 26.6361 -8.1644 -1.9938
Cyclist -1 -1 -7.9925 230.1833 160.4488 267.2738 242.0285 1.8600 0.5574 1.7666 -8.5289 1.3806 17.2650 -8.4506 -2.0356
Cyclist -1 -1 -7.5488 127.9631 178.1840 176.8321 255.3595 1.6079 0.4029 1.7667 -9.9298 1.5394 15.8720 -8.1058 -2.0373
Car -1 -1 -2.9829 16.2778 178.7216 133.5689 213.9817 1.5562 1.6907 4.1880 -24.3614 1.4338 33.4088 -3.6142 -2.0695
Pedestrian -1 -1 -3.3331 898.6205 148.3346 935.3804 247.7396 1.7188 0.4478 0.5127 5.5255 1.1460 12.6926 -2.9353 -2.0921
