Pedestrian -1 -1 -4.2031 299.5102 149.8381 458.5822 373.0000 1.7034 0.7007 1.1434 -1.7157 1.4878 5.5408 -4.4969 2.4368
Car -1 -1 -7.9624 662.3477 154.0719 696.0554 184.4683 1.7616 1.6084 3.7170 4.6665 0.1721 43.4939 -7.8610 1.3036
Pedestrian -1 -1 -8.7131 988.8438 86.4949 1237.0000 373.0000 1.8038 0.7199 0.7041 2.1168 1.4698 2.9704 -8.1404 0.8238
Car -1 -1 -4.9298 971.7985 179.6956 1237.0000 373.0000 1.3461 1.4762 3.5965 4.5366 1.3346 6.7960 -4.3643 0.8050
Pedestrian -1 -1 -3.5861 681.5106 149.6476 709.2820 202.6949 1.8498 0.6893 0.7511 3.3059 0.7395 25.4941 -3.4634 0.5157
Pedestrian -1 -1 -7.7656 541.8534 163.0329 562.1074 208.4236 1.6211 0.6573 0.9848 -1.8174 0.9619 26.1516 -7.8393 0.4483
Pedestrian -1 -1 -7.3543 692.1169 153.0484 723.7502 214.5730 1.8042 0.7182 0.6467 3.1637 0.9703 21.5389 -7.2153 0.1727
Car -1 -1 -7.4026 55.3116 193.1380 230.0518 275.8250 1.3909 1.5330 3.5789 -9.0534 1.6560 14.4663 -7.9592 -0.0580
Pedestrian -1 -1 -8.4530 974.3065 166.3941 1074.4197 314.3312 1.4942 0.6488 0.6622 4.4119 1.3423 7.6153 -7.9482 -0.1478
Pedestrian -1 -1 -4.8026 749.2572 145.7321 770.5978 196.5732 1.8155 0.6706 0.9132 5.7373 0.5387 26.1445 -4.5936 -0.4109
Pedestrian -1 -1 -4.6743 558.7620 154.4350 568.4582 183.3500 1.9240 0.6208 0.9353 -2.5303 0.1231 48.2726 -4.7312 -1.3067
Car -1 -1 -7.1728 117.0973 187.7296 326.1845 271.1768 1.4125 1.6186 3.9142 -7.4801 1.5573 14.5516 -7.6458 -1.6596
Car -1 -1 -4.8274 668.4794 155.8658 713.0993 190.5525 1.6753 1.7682 4.1283 4.4999 0.4375 36.7592 -4.7113 -1.7286
