Pedestrian -1 -1 -3.9948 787.1154 153.4718 907.3020 333.9324 1.8349 0.8107 0.9813 2.6466 1.5506 7.9051 -3.6874 3.8490
Pedestrian -1 -1 -4.6470 524.2104 171.6526 549.4803 236.6521 1.7126 0.6225 1.0264 -1.7732 1.4536 19.4487 -4.7420 2.8447
Pedestrian -1 -1 -4.4685 125.7258 170.9042 238.3876 363.5582 1.7816 0.7659 0.9401 -4.2110 1.6843 7.1995 -4.9883 2.2205
Car -1 -1 -4.5091 458.5659 165.2769 537.0670 231.1265 1.9132 1.6698 4.2841 -3.2404 1.4423 23.0583 -4.6524 2.1565
Pedestrian -1 -1 -8.8656 992.7758 133.4873 1159.5747 373.0000 1.8276 0.5937 0.9426 3.7128 1.4811 5.7497 -8.3185 2.0735
Pedestrian -1 -1 -3.8955 604.5911 168.8268 651.6033 233.2733 1.7577 0.8493 1.0199 0.7197 1.4126 20.2477 -3.8657 1.8151
Pedestrian -1 -1 -7.3288 108.3980 173.7960 169.4911 268.2606 1.8105 0.6265 0.9528 -9.1997 1.6634 14.2572 -7.8990 1.7758
Pedestrian -1 -1 -3.4935 591.7097 173.2774 628.3839 227.2916 1.6136 0.7445 0.9178 0.2284 1.3684 21.9655 -3.4884 1.7352
Pedestrian -1 -1 -2.7068 19.5091 184.4605 94.9035 313.3371 1.6783 0.6284 0.6058 -7.4087 1.7206 9.7414 -3.3499 1.3029
Pedestrian -1 -1 -7.6869 684.8325 164.7767 703.8168 210.6799 1.8922 0.6872 0.6859 3.8690 1.2032 30.0373 -7.5650 1.1605
Car -1 -1 -4.3052 249.4348 183.2192 346.9344 232.7527 1.4124 1.5351 3.4976 -9.3506 1.4705 22.3598 -4.7024 1.1594
Pedestrian -1 -1 -6.6362 963.9194 156.2027 1017.6701 239.2158 1.7635 0.7137 0.8284 8.4378 1.2267 15.6673 -6.1544 0.6911
Pedestrian -1 -1 -8.0834 628.6985 168.4601 647.1306 207.4106 1.8242 0.6908 0.8652 1.7163 1.2137 34.1303 -8.0386 0.3803
Car -1 -1 -3.5566 858.7195 176.1437 1058.3086 240.5141 1.4531 1.6130 3.9328 8.3321 1.3328 17.0768 -3.1139 -0.1936
Car -1 -1 -7.8419 621.1691 166.4360 645.2393 191.7146 1.7645 1.6799 4.1485 2.3371 0.7130 52.2577 -7.8023 -0.3420
Pedestrian -1 -1 -4.9710 56.6278 157.0382 84.3381 212.0064 1.8153 0.6415 0.5022 -17.8604 1.0079 24.1298 -5.6079 -1.3892
Pedestrian -1 -1 -7.9978 746.2883 177.0895 778.7133 246.9485 1.5471 0.6251 0.6261 3.5959 1.4500 16.2414 -7.7887 -1.7323
Pedestrian -1 -1 -6.3390 108.6536 173.3968 155.5310 263.4467 1.8161 0.6083 0.7852 -9.8183 1.6533 14.9649 -6.9170 -2.0600
Pedestrian -1 -1 -5.9464 50.7390 174.1859 89.3294 266.7675 1.8090 0.5308 0.4713 -10.6546 1.6667 14.3588 -6.5815 -2.0639
