Pedestrian -1 -1 -4.3622 450.6062 154.0493 542.5522 314.1658 1.7329 0.7626 1.0038 -1.2409 1.4365 8.3423 -4.5114 3.2422
Car -1 -1 -7.9114 669.3955 154.4697 699.9122 183.3125 1.7439 1.6617 4.0027 5.2289 0.1097 45.4730 -7.8023 1.5931
Pedestrian -1 -1 -8.7217 916.5539 118.3548 1136.3842 373.0000 1.8127 0.6419 0.8425 2.2837 1.5046 4.0242 -8.2389 0.7175
Cyclist -1 -1 -7.6035 552.6393 161.6817 578.6780 207.2521 1.7153 0.6379 1.6174 -1.3973 0.9697 27.8941 -7.6581 0.5622
Pedestrian -1 -1 -2.7614 497.3969 152.4555 552.6000 248.1428 1.8229 0.5379 0.9442 -1.5334 1.2702 14.0689 -2.8734 0.1835
Pedestrian -1 -1 -6.2771 924.9430 164.0621 981.5372 285.5744 1.5248 0.6426 0.6472 4.5649 1.3066 9.4423 -5.8430 0.1538
Pedestrian -1 -1 -3.9841 684.8181 148.9895 711.8880 198.4524 1.8511 0.7191 0.7314 3.6735 0.6348 27.3950 -3.8569 0.0806
Pedestrian -1 -1 -4.3249 1077.3192 172.1472 1193.7614 360.9400 1.4489 0.6442 0.4745 4.3313 1.3779 5.9124 -3.7191 -0.3012
Car -1 -1 -2.7258 570.0684 163.2699 631.9659 187.2116 1.6755 1.6997 4.1350 -0.0186 0.3997 51.8739 -2.7310 -0.4161
Pedestrian -1 -1 -3.0207 483.5696 148.0489 538.7334 251.3111 1.8850 0.4991 0.9681 -1.7128 1.2750 13.3672 -3.1511 -0.5440
Pedestrian -1 -1 -7.9156 748.2239 145.8233 767.4313 195.5439 1.8484 0.6525 0.8261 5.8848 0.5225 27.1607 -7.7091 -0.6298
Pedestrian -1 -1 -7.3832 694.4120 153.8347 722.1003 208.9795 1.7639 0.7147 0.5671 3.4545 0.8794 23.4139 -7.2434 -0.6745
Car -1 -1 -4.5523 166.8693 179.6579 273.0787 251.3696 1.4381 1.5438 3.8060 -8.6246 1.4017 16.4549 -5.0338 -0.7316
Pedestrian -1 -1 -4.9169 940.3994 133.0326 971.5615 203.7151 1.8398 0.6288 0.5878 9.3646 0.5788 19.0585 -4.4705 -1.3177
Car -1 -1 -4.5249 657.5070 158.5556 686.7760 179.9700 1.6453 1.6398 4.0086 5.7316 -0.1276 57.6544 -4.4310 -1.5860
Car -1 -1 -7.8576 709.1290 149.1638 733.7681 177.8074 2.0182 1.7361 4.2522 8.9164 -0.2862 53.4267 -7.6978 -1.6703
Pedestrian -1 -1 -8.3560 895.6973 138.1190 930.6817 208.0551 1.8322 0.6179 0.6464 8.2800 0.6962 19.1731 -7.9583 -2.1066
