Car -1 -1 -7.9195 645.9434 171.3337 685.2880 210.3367 1.8915 1.7236 3.8707 3.2249 1.3987 36.7861 -7.8378 5.0129
Car -1 -1 -4.3983 132.2240 139.6960 456.7450 373.0000 1.9663 1.7177 4.1898 -2.7659 1.6556 7.4761 -4.7478 3.6530
Pedestrian -1 -1 -8.1040 764.2065 166.4653 789.6456 227.0753 1.7906 0.5506 0.8223 5.2488 1.3469 21.6387 -7.8740 1.9310
Pedestrian -1 -1 -3.7143 681.3060 169.6292 721.1827 240.5483 1.8029 0.7591 0.7348 2.5671 1.5016 18.7621 -3.5855 1.0887
Pedestrian -1 -1 -3.1183 615.6604 176.0560 625.9418 196.8995 1.9500 0.4815 0.9571 1.8567 1.4403 67.4642 -3.0960 0.7542
Pedestrian -1 -1 -4.5007 509.5612 175.9339 524.2886 210.2105 1.8819 0.7207 0.5063 -4.6751 1.5764 39.7228 -4.6222 0.5123
Pedestrian -1 -1 -7.6173 562.3337 173.7061 574.3539 197.9584 1.8015 0.7482 0.7474 -2.4594 1.2225 53.7969 -7.6677 -0.0040
Pedestrian -1 -1 -6.5461 502.3076 178.0902 519.6683 210.1428 1.7903 0.5473 0.8577 -5.1084 1.6000 40.5396 -6.6758 -0.1865
Car -1 -1 -8.1811 528.1472 182.4960 573.6415 209.6781 1.5247 1.5794 3.6200 -3.0269 1.5863 42.4091 -8.2570 -0.2681
Car -1 -1 -7.7956 684.0905 180.8449 739.5794 228.4190 1.4876 1.6755 3.8055 3.8037 1.4675 24.4952 -7.6484 -0.3103
Pedestrian -1 -1 -3.2209 180.8998 180.4292 237.6519 323.5721 1.7602 0.5426 0.5991 -5.0866 1.7477 9.2238 -3.7190 -0.3815
Car -1 -1 -7.9366 783.8361 180.9292 850.0438 228.6855 1.4308 1.6924 4.2622 7.0017 1.4141 23.7761 -7.6584 -0.5614
Pedestrian -1 -1 -4.6767 521.7897 177.8181 530.7673 209.4326 1.7954 0.4841 0.9931 -4.3205 1.5864 41.3077 -4.7854 -0.5919
Car -1 -1 -7.7532 559.7121 180.9964 582.1645 199.5060 1.5762 1.6237 3.7075 -2.6193 1.5331 63.0657 -7.7995 -0.6484
Cyclist -1 -1 -6.2478 540.1101 179.4052 571.7388 209.7264 1.6558 0.5987 1.7214 -2.5031 1.5415 39.5537 -6.3157 -0.6521
Car -1 -1 -4.7131 631.6255 178.7656 655.0778 202.4348 1.5486 1.5330 3.9272 2.8529 1.3697 48.9995 -4.6603 -0.7053
Car -1 -1 -4.7857 659.3778 183.9807 704.1264 219.4951 1.4000 1.5761 3.8285 3.3350 1.5124 30.5236 -4.6830 -0.7495
Car -1 -1 -7.5800 552.7715 174.3189 585.1514 195.4168 1.5731 1.5825 3.6707 -2.4549 1.0376 55.5262 -7.6289 -0.8758
Car -1 -1 -7.5094 745.0920 162.6339 777.6675 182.0116 1.7049 1.6436 4.0400 14.6128 0.0448 65.3490 -7.2951 -1.8983
Car -1 -1 -5.0144 623.2700 175.8685 656.9499 195.6756 1.4470 1.5385 3.5533 2.9099 1.0355 54.3917 -4.9662 -2.0259
Car -1 -1 -3.8125 0.0000 0.0000 1237.0000 373.0000 1.9230 1.6790 3.8725 -2.7328 1.6373 1.8255 -4.7377 -2.1310
