Car -1 -1 -4.5004 487.5129 172.6351 567.7357 242.2697 1.9074 1.6418 3.8631 -2.1564 1.6651 21.6859 -4.6038 4.2825
Car -1 -1 -4.4674 390.5214 160.7594 532.7223 276.8747 2.1172 1.8898 4.7544 -2.8328 1.7396 15.5290 -4.6506 4.1940
Pedestrian -1 -1 -4.5656 545.5222 179.3388 583.7599 254.4022 1.7349 0.7885 0.9247 -0.9015 1.6855 17.0986 -4.6231 2.7111
Pedestrian -1 -1 -8.8195 824.9672 160.3064 953.4359 369.0418 1.8371 0.6654 0.9320 2.6930 1.6513 6.8946 -8.4659 2.4759
Pedestrian -1 -1 -8.7311 1021.5264 141.1873 1237.0000 373.0000 1.8191 0.7470 1.0176 3.6476 1.5676 5.0887 -8.1390 2.4417
Pedestrian -1 -1 -8.4304 718.5126 174.1862 742.9545 217.6728 1.7628 0.6295 0.8459 5.3103 1.4666 29.6313 -8.2598 2.2403
Pedestrian -1 -1 -3.3154 609.5446 174.4562 649.5299 245.5059 1.8121 0.7567 0.9208 0.6907 1.6330 18.7609 -3.2845 2.0923
Car -1 -1 -7.9676 651.3456 177.4623 681.8216 202.1237 1.6754 1.6597 4.1607 4.5854 1.4011 50.9060 -7.8833 1.8334
Pedestrian -1 -1 -4.2375 0.0000 177.5197 131.5860 373.0000 1.8356 0.7117 0.5225 -3.8268 1.8105 4.9800 -4.8746 1.7021
Pedestrian -1 -1 -3.6494 599.5662 179.7778 640.1459 239.4693 1.6503 0.6382 0.9603 0.4884 1.6032 20.3678 -3.6311 1.6847
Pedestrian -1 -1 -5.2222 796.8306 188.9390 839.4997 262.7305 1.4543 0.5077 0.7897 4.3814 1.6115 14.6883 -4.9427 1.1668
Pedestrian -1 -1 -6.9604 117.6745 184.4310 175.6250 282.1013 1.7693 0.6422 0.6612 -8.5521 1.8265 13.4545 -7.5235 1.0432
Pedestrian -1 -1 -8.1602 665.5646 176.1789 682.3717 215.0233 1.7481 0.6077 0.5912 3.2828 1.5089 32.6802 -8.0660 0.6782
Pedestrian -1 -1 -7.8666 380.3867 181.1098 403.2266 234.6773 1.6891 0.6931 0.6153 -6.7572 1.6773 23.0473 -8.1541 0.3573
Pedestrian -1 -1 -6.7068 561.7592 177.2715 575.5267 200.8427 1.7751 0.5489 0.8973 -2.4730 1.4566 54.5465 -6.7570 -0.2883
Pedestrian -1 -1 -6.3351 1051.1572 156.1684 1097.8843 252.0370 1.8047 0.6356 0.7163 9.1476 1.3284 13.9752 -5.7693 -0.4214
Pedestrian -1 -1 -7.6893 729.3670 171.3031 746.5093 214.3410 1.8956 0.6695 0.5730 6.0715 1.4468 32.0216 -7.5085 -0.5349
Car -1 -1 -6.0861 202.1851 191.5733 345.9680 245.3917 1.4225 1.5581 3.5110 -9.2924 1.7277 20.5742 -6.5109 -0.6557
Car -1 -1 -4.5229 388.6745 177.4283 416.4791 196.5721 1.5412 1.5773 3.6854 -16.4740 1.2132 59.7322 -4.7959 -1.0797
Pedestrian -1 -1 -6.0401 669.6085 177.4436 691.5706 221.2334 1.7294 0.5211 0.7734 3.1493 1.5696 28.7464 -5.9372 -1.0882
Pedestrian -1 -1 -5.8482 118.8449 185.0943 165.4945 276.1314 1.7639 0.4899 0.6311 -9.1266 1.8370 14.2248 -6.4159 -1.1979
Pedestrian -1 -1 -5.8135 592.5127 175.6279 604.0463 195.5002 1.8655 0.4839 0.9764 -0.2613 1.3140 67.8686 -5.8223 -1.1997
Pedestrian -1 -1 -7.6301 500.2664 158.6710 517.6700 200.2412 2.1208 0.7422 0.7677 -4.7747 0.9563 37.0633 -7.7623 -1.2047
Pedestrian -1 -1 -5.2805 977.4003 219.8542 1039.4165 339.4818 1.1888 0.3637 0.4736 4.2167 1.6060 7.5496 -4.7916 -1.2217
Pedestrian -1 -1 -2.8122 137.3542 178.0519 192.3673 298.8738 1.8776 0.6606 0.5727 -7.0479 1.8246 11.5465 -3.3560 -1.2655
Car -1 -1 -5.3162 1053.7245 172.6905 1237.0000 280.4937 1.4635 1.5360 3.5480 9.0604 1.3446 11.5585 -4.6676 -1.3945
Cyclist -1 -1 -5.1709 1111.7556 158.9750 1189.0040 244.6064 1.6347 0.5698 1.6040 11.0352 1.2053 14.5528 -4.5359 -1.4443
Car -1 -1 -4.5815 649.2664 177.3331 673.2637 196.8242 1.6520 1.6106 4.0049 5.3078 1.2986 63.0096 -4.5028 -1.5563
Cyclist -1 -1 -2.9273 576.2057 179.9133 600.2947 203.2864 1.7366 0.5591 1.7259 -0.9694 1.6186 53.8091 -2.9503 -1.5920
Pedestrian -1 -1 -4.3712 518.9295 161.5363 532.3740 195.9927 2.1110 0.6701 0.5871 -4.6766 0.8880 44.3724 -4.4805 -1.9836
