Pedestrian -1 -1 -2.9712 1011.2633 126.4047 1170.6144 358.1559 1.8330 0.5738 1.0777 4.1936 1.3979 6.2559 -2.4054 2.4719
Pedestrian -1 -1 -4.9838 768.6294 146.6692 856.4814 301.7801 1.7824 0.7494 1.0843 2.5040 1.3828 8.7993 -4.7200 2.4390
Pedestrian -1 -1 -8.0443 594.9454 160.4128 618.2926 216.2550 1.7207 0.5709 0.8908 0.1280 1.0714 22.6253 -8.0438 2.1707
Pedestrian -1 -1 -4.5620 221.5961 161.0235 285.5115 296.5095 1.7691 0.7123 0.4964 -4.7405 1.5024 9.7214 -5.0109 2.1383
Pedestrian -1 -1 -3.0881 172.8133 163.0788 218.1852 275.9352 1.7469 0.6486 0.6007 -6.5549 1.4624 11.5431 -3.6004 2.0284
Pedestrian -1 -1 -4.7002 509.3596 159.3979 532.0416 219.8066 1.8181 0.6796 1.0584 -2.5190 1.1533 22.1808 -4.8171 2.0275
Pedestrian -1 -1 -2.2516 8.3843 164.1751 179.1217 373.0000 1.6311 0.5856 0.9117 -3.7661 1.5145 5.2775 -2.8547 1.6406
Pedestrian -1 -1 -7.6958 122.4265 158.5965 162.9918 248.6810 1.8248 0.5795 0.9275 -9.6622 1.3614 15.0916 -8.2627 1.4659
Pedestrian -1 -1 -6.0417 656.6158 156.9903 678.2515 200.6294 1.7897 0.6600 0.7644 2.7311 0.7849 29.8954 -5.9563 1.3719
Pedestrian -1 -1 -6.7973 611.0813 158.2601 650.0466 218.0237 1.7687 0.6247 1.0016 0.8512 1.0814 21.7676 -6.7638 1.2423
Pedestrian -1 -1 -7.5955 608.9937 161.0945 626.9960 202.2479 1.7639 0.6284 0.6967 0.7061 0.8896 31.2100 -7.5781 1.0589
Pedestrian -1 -1 -6.8273 907.3041 152.6447 946.3989 229.1081 1.7830 0.5921 0.6282 7.6959 1.1107 17.0853 -6.4150 0.9499
Pedestrian -1 -1 -7.4699 345.4746 162.0815 381.7003 229.6255 1.7669 0.6526 0.8490 -6.3926 1.2594 19.2348 -7.7919 0.8879
Pedestrian -1 -1 -7.5973 286.8794 166.6291 316.5357 231.5896 1.6967 0.6158 0.5203 -7.9821 1.3088 19.0630 -7.9941 0.6388
Pedestrian -1 -1 -7.9233 658.5637 166.2662 691.6168 250.3598 1.6264 0.6103 0.4767 1.4026 1.3323 14.1375 -7.8317 0.6274
Cyclist -1 -1 -4.8403 712.7612 168.3029 744.4526 237.1334 1.5918 0.5395 1.5907 3.0292 1.2872 17.4173 -4.6759 0.5953
Pedestrian -1 -1 -1.9406 69.0530 174.7972 155.3226 331.7148 1.5953 0.5435 0.7295 -5.3176 1.5279 7.7344 -2.5331 0.3736
Pedestrian -1 -1 -7.9214 1117.6382 130.9870 1177.2932 243.8658 1.7664 0.7172 0.6850 8.8457 0.9766 11.7224 -7.2908 0.3378
Pedestrian -1 -1 -7.6384 604.5266 158.7418 621.1222 196.6940 1.8376 0.6882 0.6732 0.5501 0.7359 35.1868 -7.6278 -0.4281
Car -1 -1 -4.5516 439.0441 152.2844 510.7147 218.7063 2.0230 1.6888 4.4151 -4.1616 1.1336 24.0971 -4.7259 -0.4572
Cyclist -1 -1 -9.0006 1091.4960 130.1049 1237.0000 261.7523 1.6507 0.4411 1.7687 7.7744 1.0069 9.8891 -8.3523 -0.5524
Cyclist -1 -1 -2.2496 131.6266 158.8954 227.8923 260.2977 1.8155 0.5152 1.8330 -7.9293 1.4114 13.4260 -2.7800 -0.7476
Car -1 -1 -7.5757 479.7483 166.2308 530.4023 197.5309 1.5355 1.6323 3.8107 -4.9410 0.7867 37.2418 -7.7116 -0.9520
Car -1 -1 -6.6524 855.4542 164.3930 1039.3103 225.1786 1.4855 1.6375 3.9353 8.7515 1.0680 18.4943 -6.2210 -1.1594
Car -1 -1 -7.7370 595.0351 163.0474 622.5532 185.3558 1.5925 1.6170 3.9107 0.5972 0.2752 53.3179 -7.7307 -1.2920
Pedestrian -1 -1 -3.9183 1051.5175 141.4426 1130.4406 287.9739 1.6896 0.5342 0.5703 5.8016 1.2284 8.6020 -3.3442 -1.3425
Car -1 -1 -5.2367 631.3433 165.8286 678.3723 187.8626 1.5646 1.6825 3.9867 3.9232 0.4518 53.1689 -5.1682 -1.6626
Pedestrian -1 -1 -3.7692 740.5229 171.5446 785.2153 251.1688 1.5062 0.6684 0.5618 3.1005 1.3185 14.0077 -3.5607 -1.7492
Pedestrian -1 -1 -4.0732 1132.2734 144.3634 1200.3076 253.9601 1.5479 0.4661 0.6883 8.1773 1.0241 10.4662 -3.4271 -1.8234
Car -1 -1 -7.2614 634.0293 171.0460 696.9741 200.2389 1.4573 1.5550 3.6135 3.4006 0.9357 37.7545 -7.1772 -2.1924
