Car -1 -1 -8.1548 728.4546 152.9378 914.9246 291.5593 1.8113 1.6586 3.7314 3.1759 1.4388 11.2820 -7.8920 7.0465
Car -1 -1 -7.7590 526.6895 176.4971 564.7480 206.7284 1.5001 1.6441 3.8678 -2.8718 1.2520 37.5887 -7.8398 2.0186
Pedestrian -1 -1 -7.1545 346.5466 162.1776 392.0680 256.8838 1.8408 0.6034 0.6297 -4.6782 1.4658 14.3675 -7.4694 1.0008
Pedestrian -1 -1 -4.6824 1084.1531 135.3832 1123.7059 239.0341 1.7544 0.5555 0.6804 8.7686 0.9744 12.5968 -4.0892 0.4790
Pedestrian -1 -1 -3.4061 341.4433 164.5127 376.8091 250.8619 1.7710 0.5306 0.5857 -5.1404 1.4232 15.1165 -3.7341 0.2778
Pedestrian -1 -1 -4.8383 387.7804 189.1817 406.4229 243.0509 1.2878 0.3811 0.4613 -5.0278 1.4789 17.5410 -5.1189 0.2734
Car -1 -1 -3.3429 480.4651 173.1533 539.8055 194.6906 1.4858 1.6022 3.9311 -6.4688 0.9100 50.9542 -3.4735 0.1908
Pedestrian -1 -1 -3.7009 1105.3993 129.0858 1175.7677 242.7887 1.8167 0.5207 0.7598 8.7693 0.9799 11.7621 -3.0760 0.0806
Pedestrian -1 -1 -7.6905 656.3176 174.7206 675.9827 214.4506 1.5401 0.6699 0.7024 2.5294 1.2776 28.2675 -7.6072 -0.6212
Car -1 -1 -6.6260 582.0070 169.4549 644.4960 191.0020 1.5495 1.6927 4.3042 0.8855 0.6833 53.1580 -6.6143 -0.7220
Pedestrian -1 -1 -5.6312 303.1389 164.4847 348.9540 261.4204 1.8006 0.6601 0.5262 -5.2994 1.4851 13.7339 -5.9986 -0.8841
Pedestrian -1 -1 -7.7971 468.8221 182.4626 512.1145 256.9009 1.4397 0.8118 0.9453 -2.2527 1.4602 14.4171 -7.9549 -0.9238
Pedestrian -1 -1 -8.2785 472.3774 175.1198 504.6228 243.3942 1.6092 0.5842 0.5694 -2.7630 1.4594 17.3298 -8.4396 -1.0372
Pedestrian -1 -1 -4.4915 660.1513 167.9166 672.9639 199.1314 1.8186 0.6046 0.7563 3.8370 1.0273 42.3017 -4.4066 -1.1174
Pedestrian -1 -1 -7.8119 524.9889 170.4526 543.1609 214.0179 1.7052 0.6944 0.6387 -2.6845 1.2731 28.4550 -7.9103 -1.1174
Pedestrian -1 -1 -7.3409 321.2361 175.2389 339.3946 206.8359 1.6861 0.6649 0.6887 -14.6169 1.3522 38.7226 -7.7047 -1.3013
Pedestrian -1 -1 -7.1742 1066.4520 136.9832 1112.2394 212.0229 1.8158 0.6525 0.6876 12.0454 0.7391 17.7969 -6.5910 -1.4785
Pedestrian -1 -1 -5.2102 648.6902 177.5605 667.0198 212.4371 1.4113 0.4948 0.6536 2.2929 1.2522 29.4675 -5.1383 -1.5345
Car -1 -1 -7.2477 314.7436 168.2616 383.4219 197.5247 1.5586 1.6256 4.0702 -14.1253 0.8537 40.4376 -7.5867 -1.6115
Pedestrian -1 -1 -4.7957 304.0966 166.9731 335.5835 251.1779 1.7698 0.5795 0.6500 -6.1261 1.4651 15.5178 -5.1714 -1.6232
