Car -1 -1 -7.9783 668.3954 159.4272 727.5053 214.1875 1.8965 1.6976 3.6673 3.4907 1.1325 26.7128 -7.8547 6.9807
Pedestrian -1 -1 -7.3405 230.3791 167.4240 336.5570 338.5658 1.7443 0.6375 1.0314 -3.4971 1.6015 7.8666 -7.7528 2.8899
Pedestrian -1 -1 -8.1054 854.2722 150.7164 896.4122 242.3667 1.7582 0.6027 0.7399 5.3532 1.1682 14.1779 -7.7557 2.1748
Pedestrian -1 -1 -3.3952 785.2072 150.9116 851.9385 301.8059 1.7759 0.7387 0.6068 2.6024 1.4166 8.8294 -3.1222 1.6134
Pedestrian -1 -1 -3.8302 186.6782 157.1544 291.1554 300.3271 1.8893 0.7565 1.0812 -5.1330 1.5687 10.1267 -4.2948 1.3648
Pedestrian -1 -1 -4.6056 488.8392 167.1551 505.7906 212.6120 1.8672 0.6166 0.8536 -4.3538 1.2783 29.9463 -4.7539 0.4470
Pedestrian -1 -1 -5.3766 479.1816 166.2758 502.3058 211.5311 1.9076 0.5701 0.8577 -4.7615 1.2662 30.7801 -5.5339 0.1464
Car -1 -1 -4.7787 648.8336 169.9282 681.3032 198.7991 1.5650 1.5735 3.5581 3.5649 0.9379 40.7294 -4.6970 0.1303
Pedestrian -1 -1 -4.1306 103.2051 168.0735 210.3571 328.9383 1.7985 0.7082 0.8792 -5.2685 1.6491 8.4826 -4.6787 -0.0214
Car -1 -1 -7.7388 561.4784 173.5648 588.4021 194.4290 1.4928 1.5982 3.7221 -1.9170 0.9250 53.3114 -7.7795 -0.2385
Pedestrian -1 -1 -8.1067 549.0799 174.5638 566.8110 212.8117 1.5599 0.5792 0.6711 -1.8200 1.2773 29.7056 -8.1725 -0.2536
Pedestrian -1 -1 -7.9364 532.2476 173.9005 550.7830 212.4055 1.5718 0.6793 1.0361 -2.5177 1.2620 29.8921 -8.0248 -0.4412
Car -1 -1 -8.0406 530.4747 176.4080 575.1956 208.7775 1.4470 1.5058 3.2464 -2.3472 1.2196 33.8734 -8.1144 -0.5989
Pedestrian -1 -1 -4.3738 537.4303 172.5277 556.5871 211.8316 1.6671 0.5870 0.8214 -2.3568 1.2868 30.9400 -4.4543 -0.6646
Cyclist -1 -1 -4.9104 803.9266 167.5735 827.5981 212.0026 1.6247 0.5572 1.4910 8.0312 1.1158 27.0351 -4.6293 -0.7432
Pedestrian -1 -1 -8.0523 563.9459 167.4327 577.7115 197.3700 1.8170 0.7314 0.6208 -1.8742 0.9633 43.9891 -8.0996 -1.2193
Car -1 -1 -6.5568 568.7774 169.9859 617.7852 186.2625 1.5054 1.6567 4.3402 -0.7393 0.4402 67.8499 -6.5725 -1.4307
Car -1 -1 -7.9400 541.5108 169.3791 562.8940 186.7793 1.5966 1.6507 4.1192 -4.6570 0.4841 68.0773 -8.0129 -1.5301
Pedestrian -1 -1 -8.1191 499.3971 173.3578 512.9514 205.5682 1.6436 0.5233 0.7082 -4.9276 1.2283 37.0816 -8.2553 -1.6751
Car -1 -1 -7.8455 646.4628 168.3835 673.3042 193.3165 1.5489 1.6644 4.0815 3.8108 0.7342 46.7299 -7.7695 -2.0755
