Car -1 -1 -8.1756 741.2745 147.5756 958.3455 307.1307 1.8149 1.6456 3.7439 3.1548 1.4297 10.0673 -7.8849 7.5006
Car -1 -1 -7.9716 649.3575 178.2952 702.4796 215.3619 1.3830 1.6132 4.0858 2.8980 1.2638 28.8627 -7.8775 1.7278
Pedestrian -1 -1 -7.1881 319.5101 162.6097 372.6630 266.8066 1.8468 0.6118 0.7084 -4.7136 1.5126 13.1645 -7.5312 1.0205
Car -1 -1 -7.6639 522.9673 177.8781 567.5705 207.3453 1.4132 1.5867 3.7690 -2.8002 1.2397 36.4089 -7.7452 0.9088
Pedestrian -1 -1 -6.4343 312.5314 162.8112 363.7277 262.2794 1.8630 0.5536 0.8558 -5.1392 1.5136 13.9033 -6.7878 0.8306
Pedestrian -1 -1 -4.6249 1135.2181 125.5670 1181.2783 243.1149 1.7812 0.5240 0.7600 8.7503 0.9343 11.3427 -3.9840 0.7578
Pedestrian -1 -1 -7.8763 521.3646 171.8700 541.6755 217.1738 1.6918 0.7445 0.8092 -2.6818 1.3326 27.2734 -7.9786 0.7113
Pedestrian -1 -1 -3.6018 1157.9576 121.2262 1237.0000 247.9495 1.8115 0.5263 0.7416 8.7362 0.9506 10.6040 -2.9299 0.5850
Pedestrian -1 -1 -5.5049 268.4358 164.9599 329.5274 272.9316 1.8076 0.7493 0.6372 -5.2938 1.5314 12.4922 -5.9038 0.1980
Car -1 -1 -3.3254 475.1773 175.1204 536.6443 197.2400 1.4877 1.6395 3.9804 -6.6075 1.0586 49.7179 -3.4618 0.1601
Cyclist -1 -1 -4.0242 688.0082 168.0181 719.6537 204.8340 1.8011 0.6905 1.6385 5.1220 1.1418 35.9530 -3.8888 -0.1637
Car -1 -1 -7.9488 663.4777 182.1964 721.0702 225.2464 1.3410 1.5569 3.5511 2.9649 1.3666 24.2244 -7.8336 -0.2054
Cyclist -1 -1 -7.6275 443.4480 177.1853 507.7305 270.9404 1.6015 0.8026 1.7038 -2.3079 1.5284 13.1411 -7.8036 -0.8539
Car -1 -1 -5.1932 0.0000 0.0000 1237.0000 373.0000 1.4810 1.5001 3.4718 2.6205 1.5871 1.7521 -4.2847 -0.9994
Car -1 -1 -8.2171 747.2571 179.5822 843.3760 230.0443 1.4223 1.6034 3.7186 5.8408 1.3688 22.1854 -7.9678 -1.2459
Pedestrian -1 -1 -6.8397 658.3506 167.4904 673.5327 199.8598 1.8360 0.6065 0.6415 3.6929 1.0415 41.1604 -6.7558 -1.3642
Pedestrian -1 -1 -8.2657 461.4632 174.3485 499.9065 248.1880 1.6208 0.6373 0.6748 -2.7684 1.4643 16.2244 -8.4375 -1.5529
Pedestrian -1 -1 -8.0285 706.5162 172.9572 732.3251 228.7958 1.5999 0.6409 0.6007 3.3942 1.3556 20.8892 -7.8747 -1.6642
Car -1 -1 -6.6156 584.8137 168.8248 645.9695 190.8398 1.5499 1.6525 4.1104 1.0180 0.6575 51.9980 -6.6010 -1.8034
Car -1 -1 -7.8145 0.0000 0.0000 1237.0000 373.0000 1.5824 1.6717 4.0528 1.3032 1.5411 2.1329 -7.3245 -1.9430
Pedestrian -1 -1 -4.6099 360.7553 190.3974 384.6038 248.6535 1.2879 0.4686 0.4888 -5.2101 1.4933 16.2555 -4.9209 -2.1155
Pedestrian -1 -1 -3.2420 922.2952 163.1470 952.3459 247.6943 1.6036 0.5173 0.4710 6.4718 1.2561 13.9441 -2.8199 -2.1456
