Car -1 -1 -8.0708 700.2825 161.8300 810.0748 250.9862 1.8315 1.6680 3.6673 3.3787 1.4280 16.6101 -7.8785 7.4299
Pedestrian -1 -1 -8.1771 1141.4558 138.4158 1237.0000 352.6718 1.7787 0.6746 0.8738 5.3906 1.4217 6.4885 -7.5090 1.4447
Car -1 -1 -6.5082 508.0009 175.8532 560.6851 195.2901 1.4952 1.6112 3.8705 -5.2748 1.0607 56.6365 -6.6056 1.1165
Car -1 -1 -7.7030 545.3484 177.6645 583.0299 205.0266 1.5634 1.6584 4.3006 -2.1881 1.3444 43.2631 -7.7583 1.0947
Car -1 -1 -4.8051 659.4850 181.1057 706.0515 215.4561 1.3703 1.5817 3.8750 3.3845 1.3549 30.6027 -4.7010 0.8278
Pedestrian -1 -1 -4.0568 419.2906 167.5461 456.5000 234.0882 1.8578 0.5951 0.9370 -4.7153 1.4687 20.6055 -4.2843 0.7830
Pedestrian -1 -1 -8.0301 546.3494 173.0600 565.1440 209.5007 1.6945 0.7419 0.8583 -2.1736 1.3023 33.9093 -8.0987 0.6518
Pedestrian -1 -1 -3.9452 425.8968 167.2281 459.3942 236.3008 1.8648 0.5857 0.6954 -4.4158 1.4800 19.8421 -4.1667 0.6239
Car -1 -1 -8.4527 1138.6139 185.7892 1237.0000 373.0000 1.4756 1.4877 3.2066 3.1533 1.5001 2.2206 -7.5554 0.4723
Cyclist -1 -1 -6.7827 487.3684 177.5320 555.8192 238.2742 1.6067 0.7466 1.7310 -2.2251 1.5022 19.8048 -6.8985 -0.0958
Pedestrian -1 -1 -7.5524 945.9808 157.5172 978.9434 229.4097 1.7453 0.5524 0.7161 8.9566 1.1636 17.8891 -7.0992 -0.4934
Car -1 -1 -6.8459 942.0191 177.2395 1237.0000 373.0000 1.4726 1.6135 3.7983 4.4385 1.4521 4.6930 -6.1215 -0.9944
Cyclist -1 -1 -6.4000 649.9675 171.6557 686.1122 208.5074 1.7653 0.6775 1.6708 3.2051 1.2939 34.7736 -6.3139 -1.0842
Pedestrian -1 -1 -5.3792 391.7172 169.6279 427.1258 239.2861 1.8066 0.6680 0.6206 -5.1331 1.4992 19.0829 -5.6439 -1.2323
Cyclist -1 -1 -3.1728 501.7072 172.8081 554.1967 228.9020 1.7618 0.6471 1.6483 -2.3884 1.4893 22.9961 -3.2804 -1.3873
Cyclist -1 -1 -4.6087 984.5927 158.5906 1012.4935 219.2614 1.8632 0.6265 1.6899 12.6602 1.1601 22.9345 -4.1143 -1.3960
Car -1 -1 -8.3036 615.9745 170.5010 666.3060 199.6973 1.7825 1.5840 4.0745 2.4951 1.1111 46.0418 -8.2548 -1.4130
Pedestrian -1 -1 -7.6141 680.4318 160.4383 694.4219 190.8155 1.9177 0.6925 0.9256 5.5028 0.5881 45.9014 -7.5004 -1.4990
Car -1 -1 -7.6924 626.4539 190.8317 1237.0000 373.0000 1.4279 1.5255 3.5006 1.6556 1.4915 2.9727 -7.2268 -1.8726
