Car -1 -1 -6.0151 48.2959 202.2233 377.9077 330.6704 1.4101 1.5330 3.4824 -4.8478 1.7122 9.3469 -6.4882 5.8134
Pedestrian -1 -1 -3.1283 394.3302 149.6708 535.9879 373.0000 1.8208 0.6932 0.9964 -1.0830 1.5977 5.4822 -3.3214 2.1567
Pedestrian -1 -1 -6.9883 1122.8108 170.5817 1237.0000 373.0000 1.5563 0.5216 0.8405 4.1414 1.4862 4.9441 -6.3225 1.6125
Cyclist -1 -1 -5.8195 613.7501 157.8033 663.7740 208.0107 1.7735 0.6112 1.7185 1.3248 0.9368 26.0590 -5.7742 0.8674
Pedestrian -1 -1 -2.7217 114.5052 193.9827 268.3864 373.0000 1.6217 0.6028 0.7081 -2.7644 1.7118 4.8092 -3.2274 0.5485
Pedestrian -1 -1 -2.7624 315.6330 169.4981 340.7265 221.5384 1.7235 0.4985 0.6477 -9.1687 1.3264 24.0431 -3.1282 0.4575
Pedestrian -1 -1 -2.3153 251.9173 160.0628 281.1218 220.7242 1.8935 0.5639 0.6283 -10.6571 1.2248 22.8021 -2.7532 -0.2143
Car -1 -1 -7.8692 1130.4982 164.3188 1237.0000 251.2437 1.4880 1.6095 3.7108 11.4931 1.1945 14.2614 -7.2050 -1.0371
Pedestrian -1 -1 -4.7399 206.5030 158.1994 231.0441 218.7290 1.8460 0.6580 0.4845 -11.8997 1.1359 22.2813 -5.2306 -1.3775
Pedestrian -1 -1 -6.4100 761.8490 156.9327 767.5771 196.8856 1.8513 0.4516 0.2015 7.6048 0.7132 33.5190 -6.1935 -1.6024
Pedestrian -1 -1 -3.3230 757.0696 157.4374 764.1724 198.0092 1.8770 0.4939 0.2342 7.4056 0.7640 33.4834 -3.1119 -1.6798
