Car -1 -1 -7.2292 1026.6898 151.9408 1237.0000 251.7220 1.6900 1.7804 4.3084 10.4883 1.1900 13.6641 -6.5889 2.7059
Pedestrian -1 -1 -3.4995 540.2697 147.2663 662.1059 373.0000 1.8784 0.6788 0.8714 -0.0683 1.6040 6.2486 -3.5165 2.4031
Pedestrian -1 -1 -6.7348 985.5245 174.8511 1161.4700 373.0000 1.5251 0.6384 0.8989 3.4168 1.4796 5.3485 -6.1940 2.1711
Pedestrian -1 -1 -3.1808 291.8955 183.9597 409.0756 373.0000 1.6213 0.6193 0.8310 -2.0380 1.6430 5.6768 -3.5179 1.7825
Car -1 -1 -5.5784 0.0000 208.0500 72.8254 338.6512 1.4229 1.6035 4.0550 -9.4839 1.7996 9.1984 -6.3706 1.3017
Pedestrian -1 -1 -2.8974 348.7249 168.9862 379.4950 221.2291 1.7820 0.5842 0.8970 -8.2215 1.3555 24.8280 -3.2192 1.2491
Pedestrian -1 -1 -6.8999 611.2656 155.5490 640.1982 205.1778 1.7806 0.7754 0.7462 0.8637 0.8499 26.3024 -6.8724 0.0858
Pedestrian -1 -1 -4.1592 1200.0793 145.5515 1228.4027 205.4245 1.8630 0.5548 0.3964 19.3128 0.7449 22.6771 -3.4645 -0.2388
Pedestrian -1 -1 -6.9469 1206.1218 146.2955 1237.0000 201.0636 1.7831 0.5846 0.7365 20.5331 0.6374 23.6943 -6.2433 -0.7570
Car -1 -1 -8.2222 733.8060 163.4989 841.1515 230.4353 1.5989 1.5550 3.4656 4.7600 1.1694 18.9779 -7.9848 -0.9948
Pedestrian -1 -1 -4.4321 200.9050 160.2516 229.8784 220.3612 1.8610 0.5969 0.8508 -12.2285 1.2036 22.7185 -4.9262 -1.2571
Pedestrian -1 -1 -3.2599 1200.7957 158.5780 1237.0000 227.6476 1.6683 0.6983 0.6255 15.2853 1.1151 17.8135 -2.5631 -1.3509
Car -1 -1 -6.4820 612.4752 155.7959 729.5789 202.4828 1.6884 1.7354 4.1212 2.5481 0.7592 27.0681 -6.3940 -2.0203
