Car -1 -1 -6.7525 657.7499 159.7742 943.2869 275.0739 1.8005 1.8035 4.5001 3.3664 1.4618 12.5855 -6.5018 6.4938
Pedestrian -1 -1 -3.8856 757.7654 147.9762 897.4826 338.4554 1.8526 0.9565 1.0482 2.3387 1.5273 7.6486 -3.6043 2.6449
Pedestrian -1 -1 -3.3388 556.6834 174.3327 645.6068 349.6349 1.6653 0.6002 0.7818 -0.0674 1.5979 7.1998 -3.3542 2.5122
Pedestrian -1 -1 -6.9687 724.9205 187.3664 865.5010 373.0000 1.5091 0.7485 0.8378 1.5359 1.5627 5.9476 -6.7328 2.0052
Pedestrian -1 -1 -3.0798 423.2387 165.0260 437.2939 214.7319 1.7783 0.5788 0.4634 -6.2221 1.1893 26.0243 -3.3173 0.2808
Pedestrian -1 -1 -3.1267 1177.7328 162.2181 1205.4835 227.0588 1.6670 0.5906 0.5561 15.4677 1.1718 18.8724 -2.4520 -1.2341
Car -1 -1 -8.0616 1148.3119 153.4316 1237.0000 212.3631 1.4796 1.6361 4.2045 16.8828 0.7754 20.2790 -7.3786 -1.4832
Car -1 -1 -6.5125 638.0494 168.7702 780.6021 226.2867 1.6179 1.6631 3.8761 3.0903 1.2603 21.2116 -6.3748 -1.7975
Cyclist -1 -1 -7.1908 1163.1460 159.4792 1219.4756 208.5202 1.8048 0.6623 1.8239 22.1173 0.9948 26.9669 -6.5137 -1.9449
Pedestrian -1 -1 -6.6445 1094.1670 144.4438 1237.0000 373.0000 1.7822 0.5873 0.5301 2.9174 1.6092 3.7210 -6.0190 -2.1239
