Pedestrian -1 -1 -6.3377 832.5987 154.8166 894.9039 295.5528 1.7297 0.6025 0.7063 3.2996 1.4024 9.2144 -6.0084 0.9058
Pedestrian -1 -1 -5.7538 915.0131 146.8692 972.7590 272.0523 1.7691 0.6008 0.5404 4.9790 1.2804 10.5458 -5.3276 0.3505
Pedestrian -1 -1 -7.1743 904.9968 157.3521 958.1171 266.9339 1.6676 0.5632 0.5118 5.1423 1.3007 11.2991 -6.7613 0.2686
Pedestrian -1 -1 -3.9225 1065.1412 157.0477 1156.9233 322.3831 1.5802 0.5327 0.5245 5.0266 1.3472 7.1772 -3.3340 -0.2806
Pedestrian -1 -1 -3.6207 940.7867 159.7250 979.0684 247.7405 1.6461 0.5072 0.4677 6.7865 1.2395 13.6959 -3.1735 -0.4041
Pedestrian -1 -1 -3.7307 947.9531 155.8975 1006.8670 280.7742 1.6351 0.4660 0.5310 5.0055 1.3005 9.6704 -3.2694 -0.6485
Cyclist -1 -1 -2.8187 89.1403 187.0857 357.6044 373.0000 1.5848 0.6426 1.7239 -2.8967 1.6322 5.5587 -3.2868 -1.5290
Pedestrian -1 -1 -3.4000 1185.0889 139.9745 1237.0000 274.6945 1.6712 0.5087 0.4744 7.8389 1.1568 9.2407 -2.7157 -1.9330
Pedestrian -1 -1 -3.7007 773.6265 165.7036 795.1502 214.2064 1.6943 0.5196 0.5437 6.4481 1.1429 25.4249 -3.4599 -2.0417
Pedestrian -1 -1 -5.9872 1144.0934 174.6109 1237.0000 356.1732 1.4358 0.4568 0.6734 5.0354 1.3820 6.0873 -5.3226 -2.1255
