Car -1 -1 -7.2591 992.9390 179.2176 1211.2393 272.6259 1.4319 1.5171 3.3086 8.5422 1.3976 12.3370 -6.6687 5.6947
Pedestrian -1 -1 -4.3345 218.1033 191.6101 349.6231 373.0000 1.6098 0.5674 0.6736 -2.0794 1.6808 4.6502 -4.7418 1.4194
Pedestrian -1 -1 -4.8101 246.4347 157.9374 270.5063 220.6506 1.8913 0.5810 0.9373 -10.6403 1.1812 22.2153 -5.2572 0.8593
Pedestrian -1 -1 -6.0879 752.7260 160.1368 775.0290 201.4577 1.8713 0.5441 0.9127 7.4413 0.9041 32.9632 -5.8725 0.7282
Pedestrian -1 -1 -7.7511 1095.1802 152.2894 1120.1045 198.5697 1.8160 0.7543 0.6730 20.1956 0.6701 28.6871 -7.1469 0.6668
Pedestrian -1 -1 -3.8422 1134.1733 157.7542 1159.4442 210.1497 1.7846 0.5256 0.4615 18.7555 0.9762 24.7436 -3.2038 -0.2622
Car -1 -1 -6.6710 1083.6885 152.9736 1207.6475 193.2695 1.5518 1.6337 3.6220 21.7689 0.4536 28.9000 -6.0347 -1.7645
Pedestrian -1 -1 -3.2747 804.3072 161.5979 817.4293 207.0228 1.7977 0.5367 0.4316 8.3518 1.0104 28.7242 -2.9992 -1.8466
Pedestrian -1 -1 -3.9695 1082.6853 152.5366 1106.5516 195.9297 1.7799 0.5457 0.6131 20.4384 0.5922 29.8008 -3.3773 -1.9166
Pedestrian -1 -1 -4.6692 173.9537 157.5321 197.2090 221.4910 1.8663 0.5687 0.7928 -12.4370 1.1674 21.4437 -5.1945 -2.1356
