Cyclist -1 -1 -7.8317 980.3356 162.2720 1059.4437 330.2388 1.8284 0.7666 1.7869 4.9442 1.7129 8.8202 -7.3361 1.3970
Car -1 -1 -7.5104 1102.7192 168.5054 1241.0000 243.6565 1.8016 1.7158 4.0392 14.9084 1.6971 19.1134 -6.8560 1.3747
Car -1 -1 -5.5830 536.6996 183.7089 619.3629 215.4975 1.5424 1.6685 4.3263 -1.7747 2.1486 38.3368 -5.6296 0.9563
Cyclist -1 -1 -2.5797 520.3608 172.6150 614.8372 258.5410 1.7055 0.7280 1.8703 -0.9480 1.7004 15.0886 -2.6424 -0.1504
Car -1 -1 -6.5964 495.7840 182.8351 602.4230 225.8180 1.4500 1.5503 3.5850 -2.2760 1.8345 26.4065 -6.6822 -0.2246
Car -1 -1 -4.6566 1143.3080 158.7173 1241.0000 295.1754 1.8682 1.5733 3.6685 9.8473 1.6743 11.7633 -3.9726 -0.3910
Car -1 -1 -5.1724 494.3887 181.5267 535.0784 202.9692 1.5688 1.6218 3.8314 -7.5174 2.2720 56.4838 -5.3045 -0.3962
Pedestrian -1 -1 -5.9275 925.9064 181.2305 945.2692 216.4067 1.6403 0.6237 0.6656 15.4451 2.0438 34.3197 -5.5084 -0.6439
Pedestrian -1 -1 -5.0711 728.3057 167.1970 759.1508 233.9906 1.8939 0.6227 0.8340 3.8213 1.7332 20.9253 -4.8937 -0.8129
Pedestrian -1 -1 -3.1468 781.6987 171.2059 793.2821 227.7493 1.8351 0.4967 0.3638 5.7800 1.7813 23.7003 -2.9112 -1.0015
Car -1 -1 -7.8308 980.8294 182.8185 1029.4827 221.7472 1.4952 1.7365 4.4934 17.1381 1.9603 31.3147 -7.3345 -1.0491
Pedestrian -1 -1 -8.8236 817.1351 178.2626 851.5836 242.2123 1.6551 0.5207 0.7036 5.9124 1.8019 19.1852 -8.5298 -1.1573
Pedestrian -1 -1 -8.1511 241.1852 182.1700 273.5450 241.3914 1.6513 0.6778 0.6433 -10.1819 1.9247 20.7320 -8.6030 -1.2616
Car -1 -1 -4.6715 1058.5579 187.2276 1100.7389 222.7094 1.4825 1.5186 3.6984 21.9091 2.1918 33.6754 -4.0993 -1.4429
Cyclist -1 -1 -7.6272 672.3034 180.4982 691.9975 221.3755 1.6925 0.4631 1.7775 3.0806 2.0317 31.1338 -7.5303 -1.4433
Pedestrian -1 -1 -4.2022 652.5310 172.2500 685.3299 247.5444 1.7401 0.5366 0.6296 1.3463 1.7258 17.0856 -4.1259 -1.6033
Cyclist -1 -1 -5.0812 808.5743 169.4855 848.6405 230.5812 1.7892 0.6144 1.6193 6.5838 1.6903 21.9630 -4.7944 -1.6697
Cyclist -1 -1 -7.4578 637.5486 179.8804 649.8262 203.5197 1.7283 0.3362 1.5816 2.4978 2.2616 54.0079 -7.4124 -1.7002
Pedestrian -1 -1 -7.4140 432.2769 170.9353 460.6019 227.1583 1.8467 0.6265 0.8433 -5.5215 1.7834 24.1787 -7.6368 -1.8058
Pedestrian -1 -1 -4.7179 850.7256 185.5554 870.2837 242.9296 1.4721 0.4789 0.6502 6.5639 1.8142 19.0667 -4.3920 -1.8238
Car -1 -1 -2.8780 895.0734 184.8545 995.9565 221.8445 1.4825 1.5925 3.7636 14.7545 2.0431 31.9103 -2.4490 -1.8503
Cyclist -1 -1 -7.9354 954.0690 178.3170 975.5317 237.8647 1.6433 0.4006 1.7798 10.2539 1.8087 20.9804 -7.4870 -1.8554
Car -1 -1 -7.8762 965.5220 180.1109 1036.2415 239.3451 1.5382 1.6932 3.9570 11.4548 1.7749 21.4121 -7.3914 -1.8765
Car -1 -1 -4.8276 927.2017 170.7834 967.0859 197.9633 1.4990 1.6234 4.0754 19.5198 1.3845 41.9830 -4.3954 -1.9407
Car -1 -1 -5.0012 859.3669 185.1215 920.9425 220.3573 1.4884 1.6258 3.9074 13.0302 2.0984 33.8869 -4.6376 -1.9847
Pedestrian -1 -1 -6.1534 374.0828 168.5272 396.4853 226.2980 1.8708 0.5977 0.6308 -7.4278 1.7304 23.7140 -6.4542 -1.9862
Car -1 -1 -8.1271 895.6085 180.8867 985.3680 233.0355 1.5697 1.6761 4.1613 11.0713 1.8672 24.5705 -7.7089 -1.9983
Pedestrian -1 -1 -5.0912 1067.8108 188.5074 1085.1757 222.8487 1.3233 0.4437 0.4262 18.2381 1.9421 28.2835 -4.5238 -2.0094
Cyclist -1 -1 -8.3608 649.3165 181.1631 678.5281 221.8887 1.6832 0.4578 1.7494 2.2649 2.0509 31.0734 -8.2895 -2.0164
Pedestrian -1 -1 -4.6818 770.3402 173.0322 795.8474 240.5918 1.7527 0.6429 0.5317 4.5251 1.7572 19.0605 -4.4530 -2.0693
Pedestrian -1 -1 -5.8965 741.6620 168.3482 776.1416 232.6544 1.8608 0.5599 0.8519 4.3562 1.7301 21.3471 -5.6987 -2.1090
Pedestrian -1 -1 -5.3498 1131.6284 226.9577 1188.9362 324.0261 1.0552 0.3598 0.3865 6.2316 1.6886 8.2559 -4.7211 -2.1403
Car -1 -1 -8.2228 910.4113 166.9992 962.1487 193.3904 1.6397 1.6549 4.1801 21.1253 1.2756 46.9595 -7.8027 -2.1441
Car -1 -1 -4.5818 925.8929 178.6815 973.5890 213.9116 1.6633 1.6950 4.2249 17.4457 1.9802 37.0419 -4.1453 -2.1696
Car -1 -1 -4.7382 1145.2000 148.8015 1181.2339 177.3629 1.7320 1.6918 4.3089 35.1769 0.2731 45.9972 -4.0884 -2.1718
