Car -1 -1 -2.1308 24.1448 180.4436 100.5814 209.5646 1.5175 1.5735 3.8168 -30.2057 1.9502 39.7514 -2.7775 1.4828
Car -1 -1 -4.6257 824.5142 185.0288 866.2777 219.5446 1.4982 1.5994 3.9793 11.4139 2.1243 34.9760 -4.3134 1.3697
Cyclist -1 -1 -5.3619 85.1513 172.4320 133.7023 216.9729 1.8006 0.6380 1.8866 -20.6940 1.7832 29.7658 -5.9654 1.3448
Car -1 -1 -7.7974 928.5193 175.8651 983.0534 227.3425 1.8400 1.7218 3.8423 13.4862 1.9658 28.1344 -7.3551 1.1693
Cyclist -1 -1 -7.6605 851.7273 177.1193 925.7727 296.2417 1.7564 0.8109 1.7733 4.4835 1.8308 11.6758 -7.3034 0.9642
Car -1 -1 -4.8227 1044.0486 157.8655 1241.0000 374.0000 1.8798 1.7293 3.8983 5.3250 1.7751 7.1477 -4.2030 -0.2187
Pedestrian -1 -1 -5.9693 606.3329 183.0722 629.4438 223.1451 1.6349 0.5090 0.8458 0.2859 2.0648 30.0038 -5.9607 -0.2762
Car -1 -1 -4.9773 721.9859 185.6445 781.4683 221.6453 1.4402 1.5992 4.0282 6.2426 2.0511 32.4057 -4.7894 -0.6057
Pedestrian -1 -1 -4.6389 354.7516 160.1942 396.3365 266.1440 1.8342 0.6470 0.8975 -4.2648 1.6147 13.0033 -4.9505 -0.9322
Car -1 -1 -4.8543 833.3915 179.4458 876.4261 210.7751 1.5903 1.6407 4.2490 13.4062 1.9741 39.8047 -4.5322 -1.0806
Pedestrian -1 -1 -2.7394 273.1096 168.5490 353.2503 317.7644 1.6704 0.3891 0.7584 -3.4522 1.6219 8.2784 -3.1241 -1.1430
Cyclist -1 -1 -2.2640 301.9875 165.4101 384.6678 261.6134 1.7593 0.5122 1.7144 -5.1830 1.6228 13.8461 -2.6165 -1.2967
Pedestrian -1 -1 -3.8066 140.4808 159.6933 230.8916 319.9459 1.7459 0.6030 0.6650 -4.9154 1.6023 8.2823 -4.3287 -1.3765
Cyclist -1 -1 -6.6975 708.6659 179.5730 760.2985 228.1794 1.6964 0.6295 1.7142 4.4082 1.9415 25.8397 -6.5312 -1.4440
Car -1 -1 -4.5196 818.3560 174.9345 848.0349 195.1542 1.5828 1.5948 3.9829 18.2697 1.7590 59.0543 -4.2213 -1.4771
Pedestrian -1 -1 -6.4385 412.3592 164.7949 454.9370 280.5975 1.7864 0.5382 0.5821 -2.8678 1.6618 11.4914 -6.6787 -1.6441
Pedestrian -1 -1 -6.3835 452.4869 167.3951 489.2449 289.5753 1.7451 0.5671 0.4769 -2.1137 1.6668 10.6460 -6.5759 -1.6558
Car -1 -1 -4.5207 0.0000 181.8548 11.5247 241.3721 1.4264 1.5733 3.8270 -18.0013 1.7006 19.9590 -5.2480 -1.6670
Pedestrian -1 -1 -2.8323 431.3376 172.0646 458.4172 251.7796 1.7468 0.5048 0.4566 -3.7283 1.7292 16.0820 -3.0573 -1.6783
Pedestrian -1 -1 -7.4173 630.0811 182.6990 649.1426 223.4051 1.6310 0.5689 0.6258 1.1692 2.0391 29.5171 -7.3788 -1.6898
Car -1 -1 -1.7088 0.0000 180.3055 30.6884 209.4716 1.5789 1.6602 3.8575 -35.1540 2.0316 41.9501 -2.4033 -1.7049
Cyclist -1 -1 -6.2898 466.5762 176.9284 566.7531 276.7229 1.6320 0.6380 1.6452 -1.6363 1.7033 12.2633 -6.4208 -1.8230
Car -1 -1 -7.5813 634.2783 168.3980 672.2230 192.3928 1.6042 1.6338 3.9935 3.0319 1.3060 50.3924 -7.5219 -1.8314
Car -1 -1 -4.7734 611.4999 174.3142 642.2855 200.5710 1.4654 1.5653 3.8970 0.9172 1.5551 42.4686 -4.7524 -1.9223
Car -1 -1 -7.6036 613.5092 165.4370 661.0759 196.1002 1.5607 1.6318 3.9617 1.4863 1.1829 38.8565 -7.5660 -1.9322
Car -1 -1 -6.5120 635.4838 186.4891 708.8845 223.0180 1.4305 1.5049 2.7579 2.5061 2.0133 29.9089 -6.4300 -1.9824
Cyclist -1 -1 -7.9293 341.2784 182.7005 360.2568 234.1481 1.6762 0.4830 1.7513 -8.9483 2.0259 24.7498 -8.2733 -2.0531
Cyclist -1 -1 -6.6700 751.7283 178.8949 804.9423 227.6477 1.7131 0.5946 1.7667 5.9901 1.9332 25.8978 -6.4460 -2.0813
Cyclist -1 -1 -7.6338 677.8153 184.8542 716.1639 264.8294 1.5871 0.4504 1.7793 1.8372 1.8599 15.5073 -7.5193 -2.0819
Pedestrian -1 -1 -4.9065 525.9466 215.5061 561.5090 310.6443 1.1134 0.3467 0.5142 -0.8886 1.6629 9.0053 -5.0036 -2.0891
Pedestrian -1 -1 -3.4993 1147.4246 169.7354 1194.2222 303.6594 1.8159 0.5314 0.3450 7.7742 1.7733 10.0867 -2.8575 -2.1129
Pedestrian -1 -1 -4.2884 428.1578 191.4099 459.0394 267.1783 1.3286 0.3994 0.4366 -3.0554 1.6699 13.0298 -4.5152 -2.1133
Cyclist -1 -1 -7.7184 820.0757 182.2365 836.4305 225.4984 1.5840 0.3935 1.6050 8.3053 1.9529 27.5827 -7.4296 -2.1570
