Cyclist -1 -1 -8.4812 727.3033 185.3543 899.2517 374.0000 1.7764 0.6578 1.7135 1.7900 1.9105 6.8432 -8.2380 2.3374
Car -1 -1 -8.0692 284.3813 175.6645 415.7633 278.3147 2.0020 1.8885 4.6196 -6.1859 2.0762 16.6627 -8.4202 1.8071
Car -1 -1 -3.4196 267.3793 192.0763 363.4917 226.2002 1.5199 1.6579 4.1792 -14.8019 2.5373 36.2626 -3.8050 -0.7068
Pedestrian -1 -1 -7.7003 409.8145 190.8743 425.6315 224.4024 1.7300 0.7117 0.6648 -10.1599 2.6878 37.9951 -7.9604 -1.3950
Car -1 -1 -4.1170 497.7657 185.6741 570.6432 225.8458 1.8052 1.7368 3.8632 -3.7445 2.4800 35.8843 -4.2209 -1.4189
Car -1 -1 -3.8566 400.8766 193.0527 471.5482 223.0886 1.4581 1.5417 3.6495 -9.5152 2.6193 39.5585 -4.0916 -1.6265
Car -1 -1 -4.6870 212.9618 195.1719 253.0000 230.1086 1.4896 1.6442 4.0265 -18.6379 2.6609 35.7072 -5.1654 -1.7162
Pedestrian -1 -1 -7.1330 522.4808 169.6022 535.1370 192.8536 1.7532 0.8245 0.5100 -6.2008 1.5077 54.8495 -7.2453 -1.7375
Pedestrian -1 -1 -3.5170 397.9736 189.6402 413.4355 225.1734 1.7529 0.5651 0.5835 -10.3399 2.6082 36.3758 -3.7926 -1.7470
Pedestrian -1 -1 -5.8355 238.4450 181.6534 253.9343 211.3191 1.8150 0.7545 0.5891 -22.5970 2.3652 44.7552 -6.3009 -1.8045
Pedestrian -1 -1 -6.7544 32.3928 177.4882 57.2745 212.4182 1.7682 0.5799 0.8374 -29.1414 2.0097 37.1595 -7.4161 -1.8315
Pedestrian -1 -1 -6.2714 159.0326 178.3317 175.6898 210.9603 1.8000 0.5778 0.7876 -24.8193 2.1098 40.4048 -6.8195 -1.8332
Car -1 -1 -5.7635 362.9408 168.5413 433.4054 196.8854 1.6644 1.6333 3.7739 -12.8193 1.4109 43.6039 -6.0481 -1.8339
Cyclist -1 -1 -7.6573 444.7444 187.2733 464.7386 234.6071 1.6619 0.4043 1.6744 -5.7764 2.2117 26.6858 -7.8691 -1.9872
Pedestrian -1 -1 -6.6955 235.8577 180.5161 249.4174 209.2851 1.8729 0.6996 0.5656 -24.2925 2.3832 47.6479 -7.1650 -2.1181
Car -1 -1 -7.2440 520.7576 168.5562 567.8013 189.2717 1.5609 1.6300 4.0777 -5.1331 1.2367 56.5406 -7.3344 -2.1279
Car -1 -1 -4.0084 275.1559 198.6777 327.2290 219.6375 1.4617 1.6333 3.9953 -24.6900 3.6058 57.7665 -4.4110 -2.1812
