Cyclist -1 -1 -8.3889 767.7531 166.7324 969.0944 374.0000 1.7510 0.7476 1.7368 1.9809 1.7078 5.9899 -8.0858 1.0978
Car -1 -1 -8.1076 283.5350 158.5050 431.6394 276.5581 2.0809 1.8009 4.6305 -5.4936 1.8276 15.1392 -8.4507 0.6772
Car -1 -1 -4.0881 410.7931 174.8001 476.8698 212.8840 1.9073 1.6136 3.6068 -8.8004 2.0157 38.3127 -4.3129 0.4785
Cyclist -1 -1 -3.2367 801.2206 171.5450 888.0637 251.1988 1.6836 0.6096 1.7451 5.0338 1.6556 15.7295 -2.9333 -0.7009
Car -1 -1 -7.4422 4.1450 186.3696 99.7220 226.7591 1.4971 1.7022 4.0014 -23.3581 2.1051 30.3276 -8.0944 -1.0407
Pedestrian -1 -1 -5.4295 35.5919 164.7146 57.8010 198.7445 1.9056 0.5033 0.9284 -31.8408 1.4495 40.7404 -6.0898 -1.2983
Pedestrian -1 -1 -5.7787 272.3574 177.6548 292.2251 206.6685 1.7679 0.6184 0.9310 -20.2082 2.0655 44.4247 -6.2036 -1.3140
Pedestrian -1 -1 -5.4094 228.9183 179.9528 247.7205 211.9063 1.7236 0.4435 0.8957 -20.3687 2.1154 39.4682 -5.8834 -1.7881
Car -1 -1 -1.7633 0.0000 186.0844 18.7467 228.2950 1.5227 1.6874 4.0905 -25.5837 2.0924 29.1584 -2.4790 -1.8803
Pedestrian -1 -1 -6.3379 105.5716 179.0943 125.0105 209.6281 1.7397 0.5720 0.9004 -28.7063 2.1054 41.8159 -6.9367 -1.9049
Car -1 -1 -4.2023 126.0904 183.4083 199.0952 215.4203 1.4892 1.5515 3.6665 -22.6760 2.0523 36.6577 -4.7532 -1.9193
Car -1 -1 -7.8144 442.0789 158.8748 464.8363 183.8432 2.1213 1.7897 4.3078 -13.7813 0.9334 63.5789 -8.0272 -2.0205
Car -1 -1 -7.0081 163.5354 182.8473 256.6707 219.6341 1.5268 1.5631 3.5807 -18.2143 2.0099 32.9539 -7.5098 -2.1425
