Cyclist -1 -1 -8.3727 755.4080 148.4434 944.6822 374.0000 1.7282 0.6329 1.6736 1.7493 1.5642 5.7258 -8.0920 2.3439
Pedestrian -1 -1 -8.7753 1150.3105 156.2985 1241.0000 324.4285 1.7150 0.5818 0.7987 6.4150 1.5459 7.8196 -8.1072 0.0889
Pedestrian -1 -1 -5.1013 256.4064 180.6632 273.4319 210.7919 1.6716 0.6432 0.7204 -19.5324 2.1177 40.7627 -5.5458 -0.8908
Car -1 -1 -7.3979 371.4660 158.0017 428.5348 195.3468 2.1185 1.7085 3.9253 -12.4842 1.2757 43.0134 -7.6790 -0.9992
Car -1 -1 -4.6388 49.3017 184.2288 96.2879 217.5333 1.5280 1.6223 3.7840 -27.1680 2.1356 36.5256 -5.2750 -1.1146
Car -1 -1 -7.5481 332.1938 163.9416 367.6769 192.6419 2.4994 1.7867 4.3236 -23.4072 1.7229 65.0296 -7.8926 -1.3129
Cyclist -1 -1 -4.2730 64.1467 181.7466 95.1879 218.4698 1.7254 0.5656 1.6569 -25.8845 2.1694 35.1869 -4.9038 -1.8094
Car -1 -1 -1.9145 47.9279 185.9973 124.2326 222.7503 1.4952 1.6147 3.7102 -23.5130 2.1144 32.2955 -2.5401 -1.8589
Car -1 -1 -4.1543 173.3045 185.0932 236.7534 211.2958 1.4878 1.5762 3.9615 -25.1335 2.2828 44.8704 -4.6626 -1.8990
Car -1 -1 -8.0382 298.6042 153.7980 445.7010 284.7337 2.0624 1.8331 4.5403 -4.7567 1.7619 13.7932 -8.3651 -2.0014
Pedestrian -1 -1 -5.3358 156.7411 180.1381 175.7206 212.6350 1.7731 0.4319 0.9332 -24.5885 2.1796 39.9181 -5.8851 -2.0281
Car -1 -1 -4.0279 0.0000 181.5700 80.1905 214.9352 1.6495 1.6376 3.8491 -30.6502 2.1391 38.6213 -4.6955 -2.1423
