Cyclist -1 -1 -7.7448 720.8538 161.2367 809.9951 340.0781 1.7088 0.7812 1.7339 1.6748 1.5975 7.8389 -7.5435 1.3896
Car -1 -1 -5.4075 627.7171 178.3285 688.3085 202.8486 1.5338 1.6501 4.3375 3.1330 1.9175 48.3704 -5.3437 -0.1075
Pedestrian -1 -1 -8.0002 455.4542 180.3210 472.0600 220.0417 1.6774 0.6200 0.5857 -6.3270 2.0017 30.9935 -8.2004 -0.4887
Pedestrian -1 -1 -4.1927 571.7393 168.7406 592.2969 208.2267 1.8062 0.6099 0.8579 -1.3385 1.6178 33.5270 -4.2328 -0.8816
Car -1 -1 -2.5260 495.6822 176.5505 620.6107 224.7370 1.5570 1.6937 4.1684 -1.9013 1.6960 25.3892 -2.6007 -0.8846
Car -1 -1 -7.2669 1203.5520 157.7268 1241.0000 233.8305 1.6707 1.6726 4.0086 16.4602 1.3383 17.1044 -6.5095 -0.9828
Cyclist -1 -1 -3.2219 348.8575 180.6394 407.8163 232.9322 1.6160 0.7006 1.7511 -7.4805 1.8726 23.1503 -3.5316 -0.9953
Cyclist -1 -1 -7.7511 959.3217 170.8252 992.7973 247.5062 1.6442 0.5193 1.7162 8.2490 1.6004 16.3355 -7.2914 -1.0686
Pedestrian -1 -1 -7.9786 999.3723 169.3663 1015.0755 201.5225 1.7270 0.6554 0.7564 21.5504 1.5394 39.2240 -7.4798 -1.1035
Car -1 -1 -8.4348 638.9330 162.6942 679.4207 189.9133 2.5086 1.7847 4.2905 4.6293 1.5719 68.8056 -8.3683 -1.5575
Pedestrian -1 -1 -7.3577 988.1782 164.6180 1000.5376 185.6652 1.7605 0.7328 0.5783 32.3720 1.0713 60.8199 -6.8707 -1.5610
Pedestrian -1 -1 -4.1618 1187.5952 160.8038 1226.5509 226.9083 1.7723 0.5726 0.6394 16.2649 1.4490 19.7214 -3.4799 -1.5648
Pedestrian -1 -1 -6.2852 770.5120 158.8488 777.8193 195.1656 1.9330 0.5316 0.3792 8.7662 1.1873 38.7053 -6.0645 -1.6169
Pedestrian -1 -1 -4.9190 785.5923 165.4051 805.9126 213.6752 1.8933 0.6037 0.9245 7.3564 1.6008 28.7745 -4.6717 -1.6737
Car -1 -1 -4.9756 601.5533 179.2068 645.3733 206.5775 1.4475 1.5565 3.7770 0.6804 1.8270 41.1188 -4.9598 -1.6902
Pedestrian -1 -1 -7.6046 525.4041 154.1865 540.3969 189.9493 1.9162 0.6346 0.7839 -4.2121 0.9157 39.0938 -7.7115 -1.7181
Cyclist -1 -1 -2.5946 632.3624 174.3309 691.4036 225.7794 1.6372 0.7567 1.8157 1.6579 1.6874 23.8409 -2.5268 -1.7570
Car -1 -1 -5.1313 912.6553 175.4974 972.5201 203.7131 1.4728 1.5814 3.7997 18.2861 1.6257 39.9246 -4.7050 -1.8092
Pedestrian -1 -1 -7.7259 573.0503 166.7164 588.6435 204.3086 1.8282 0.6873 0.6647 -1.4696 1.5294 35.4503 -7.7675 -1.8387
Car -1 -1 -7.2255 1182.7025 174.3563 1241.0000 208.7427 1.5302 1.6650 3.9852 28.9488 1.6023 33.4918 -6.5175 -1.8783
Cyclist -1 -1 -8.7177 906.9808 173.2652 982.2373 247.4579 1.5913 0.4226 1.6579 7.4838 1.6007 16.3244 -8.2954 -1.9168
Car -1 -1 -4.2534 676.9097 174.7932 716.4661 194.3865 1.5217 1.5917 3.9819 7.0424 1.6844 58.5549 -4.1347 -1.9514
Car -1 -1 -7.9340 929.8259 165.9686 954.2031 184.0362 1.5573 1.6498 3.9747 29.5476 0.9635 64.3417 -7.5054 -2.0732
Pedestrian -1 -1 -4.4854 766.5758 170.5226 786.8161 212.4399 1.7318 0.6545 0.8645 6.9697 1.6352 30.3418 -4.2623 -2.1474
Pedestrian -1 -1 -5.3852 0.0000 168.5131 12.9822 210.9657 1.8912 0.4656 0.6703 -27.3907 1.6975 32.4382 -6.0825 -2.1675
