Cyclist -1 -1 -7.7394 862.8984 174.2642 928.5919 295.6205 1.7611 0.7925 1.7877 4.5146 1.7851 11.4691 -7.3742 1.6682
Cyclist -1 -1 -5.3533 112.8609 173.6767 158.9828 217.5999 1.8439 0.7187 1.8079 -20.3866 1.8797 30.9635 -5.9318 1.6006
Car -1 -1 -2.1348 64.3476 180.3588 133.1240 209.1990 1.5491 1.5646 3.4817 -28.9918 1.9883 40.8669 -2.7489 1.5800
Car -1 -1 -7.7928 944.8815 174.7416 1001.2648 228.4388 1.8804 1.7090 3.7996 13.8331 1.9574 27.4860 -7.3315 0.8498
Car -1 -1 -4.5558 838.5241 183.6470 886.4287 217.3999 1.4774 1.6341 3.7712 12.2280 2.0304 34.9410 -4.2224 0.7873
Cyclist -1 -1 -4.5826 379.5689 156.9717 424.8949 265.5816 1.8878 0.5760 1.8545 -3.9115 1.6115 13.5012 -4.8601 0.1064
Pedestrian -1 -1 -5.9142 625.4090 182.8132 647.7913 221.9547 1.6253 0.5637 0.7995 1.0858 2.0530 30.5889 -5.8799 -0.4376
Cyclist -1 -1 -8.1073 352.6681 164.6550 398.5555 258.8341 1.7610 0.4354 1.7824 -4.7384 1.6074 14.3602 -8.4212 -0.9396
Car -1 -1 -2.7983 0.0000 183.7422 59.9717 238.4759 1.4788 1.5567 3.6315 -18.8489 1.8227 21.4301 -3.5136 -1.0235
Pedestrian -1 -1 -2.2704 452.2943 171.3389 486.5839 249.4350 1.7613 0.5576 0.5443 -3.2965 1.7268 16.6605 -2.4636 -1.0899
Pedestrian -1 -1 -6.6099 471.7891 168.1982 517.3463 285.3176 1.7613 0.7297 0.4941 -1.8678 1.6910 11.2891 -6.7713 -1.3338
Cyclist -1 -1 -6.5670 496.2506 174.7323 595.1118 274.6809 1.6854 0.4880 1.6660 -1.1829 1.7196 12.7197 -6.6590 -1.3660
Car -1 -1 -7.9337 636.4882 168.0114 671.1715 198.6837 1.5908 1.5868 3.6293 2.3030 1.3393 39.2528 -7.8760 -1.3822
Pedestrian -1 -1 -6.4995 421.2328 158.4242 457.1027 256.2565 1.8617 0.6017 0.5670 -3.4013 1.5868 14.1243 -6.7323 -1.4425
Car -1 -1 -5.0720 631.2479 170.3021 681.3039 197.2345 1.5225 1.6255 4.0992 2.6615 1.3780 42.9879 -5.0110 -1.5447
Pedestrian -1 -1 -7.9433 637.7960 171.1501 652.0596 205.3844 1.7659 0.6804 0.7032 1.7768 1.6777 37.5844 -7.8969 -1.5481
Pedestrian -1 -1 -7.0470 650.1069 181.4785 674.2300 221.8728 1.6412 0.7127 0.7037 2.1264 2.0058 30.0276 -6.9777 -1.5642
Pedestrian -1 -1 -6.3259 464.8036 166.3525 494.9847 279.3864 1.8023 0.6495 0.4598 -2.2013 1.6983 11.8723 -6.5063 -1.5934
Car -1 -1 -4.8271 830.0943 173.2143 856.5706 193.2967 1.5887 1.6103 3.9904 19.1017 1.6190 59.2686 -4.5171 -1.8885
Car -1 -1 -4.9483 865.2453 179.3838 912.4294 208.0844 1.4957 1.6162 3.7556 15.5344 1.8793 40.4611 -4.5846 -1.8935
Pedestrian -1 -1 -2.7462 319.8951 180.0933 398.3833 308.7598 1.5411 0.3886 0.8274 -3.1377 1.6322 8.8876 -3.0772 -1.8972
Pedestrian -1 -1 -7.3469 499.1990 175.3273 535.9333 267.6433 1.6563 0.4861 0.5082 -1.7527 1.7027 13.2890 -7.4765 -1.9346
Cyclist -1 -1 -8.0144 853.8896 179.8965 872.5856 219.9083 1.7002 0.4977 1.7456 11.1346 2.0199 31.8804 -7.6819 -1.9689
Pedestrian -1 -1 -2.3164 3.3059 172.7749 44.7356 239.8600 1.7018 0.5228 0.6579 -15.1589 1.6995 18.6106 -2.9930 -1.9852
Pedestrian -1 -1 -4.6345 505.2991 215.8942 541.3067 329.4640 1.1669 0.3517 0.5764 -1.0032 1.6574 7.9335 -4.7579 -2.0007
Car -1 -1 -4.3617 640.1011 172.2475 681.7996 195.8415 1.5035 1.5740 3.7657 3.3983 1.4645 48.0187 -4.2919 -2.0270
Car -1 -1 -4.8563 1037.2169 154.6547 1241.0000 374.0000 1.8596 1.6023 3.7038 5.5146 1.7187 7.5882 -4.2471 -2.0394
Cyclist -1 -1 -7.9266 610.1103 182.6551 623.7783 227.3376 1.6772 0.4100 1.6768 0.2197 2.0729 28.3060 -7.9198 -2.1442
Cyclist -1 -1 -7.0876 803.3934 177.2448 849.9175 225.9160 1.7451 0.5874 1.7731 7.9741 1.9114 26.6897 -6.8010 -2.1566
Pedestrian -1 -1 -7.7071 649.4764 183.2110 666.4037 227.4326 1.6273 0.5609 0.5433 1.7526 2.0196 27.0281 -7.6438 -2.1631
Cyclist -1 -1 -7.6175 834.8171 180.4335 856.2543 224.6642 1.6392 0.4116 1.6850 9.0550 1.9401 27.8495 -7.3069 -2.1831
