Cyclist -1 -1 -7.7546 797.8286 160.8857 882.8312 339.8613 1.7086 0.7349 1.7302 2.4802 1.5940 7.8281 -7.4599 1.5934
Car -1 -1 -5.3934 652.7332 178.7568 713.4426 203.4987 1.4832 1.6098 4.1814 4.6202 1.8811 46.4862 -5.2954 0.2103
Pedestrian -1 -1 -9.1119 1020.6132 171.1779 1042.3190 204.7802 1.7391 0.5763 0.8482 22.0688 1.6520 37.8511 -8.5878 -0.1465
Pedestrian -1 -1 -7.9302 469.8456 175.8975 488.4522 219.9171 1.7694 0.6976 0.6794 -5.3929 1.8952 29.4770 -8.1101 -0.4276
Pedestrian -1 -1 -5.8943 7.9559 177.7458 34.9691 225.4689 1.8513 0.4650 0.6989 -23.1870 2.0456 28.3793 -6.5748 -0.4407
Car -1 -1 -2.7062 657.2048 178.8719 784.3703 229.6924 1.4260 1.5363 3.5588 3.3380 1.6248 22.2488 -2.5600 -1.3239
Car -1 -1 -8.4550 659.9043 161.8118 701.1579 189.1730 2.4681 1.7628 4.1959 6.5221 1.4718 67.3491 -8.3592 -1.3389
Pedestrian -1 -1 -7.1149 857.3893 165.5835 893.9265 222.5432 1.8298 0.7220 0.8815 8.6770 1.5960 23.7045 -6.7686 -1.4238
Pedestrian -1 -1 -4.4573 592.3997 172.4009 609.3658 211.8750 1.7229 0.5982 0.6827 -0.4427 1.7028 31.8954 -4.4717 -1.5568
Car -1 -1 -4.6462 641.8450 179.7613 679.4062 212.6426 1.4359 1.5492 3.5134 2.3959 1.7800 34.1289 -4.5773 -1.7504
Pedestrian -1 -1 -7.6384 842.0681 169.5934 865.9883 222.7463 1.7818 0.6585 0.6212 8.2819 1.6722 24.6222 -7.3182 -1.7929
Pedestrian -1 -1 -7.8944 592.6798 162.2207 608.3447 203.1878 1.8990 0.7063 0.6549 -0.4892 1.4058 33.7936 -7.9093 -1.8315
Cyclist -1 -1 -7.9473 1023.6743 172.5344 1057.8293 256.4085 1.6035 0.4172 1.6913 8.6722 1.5971 14.6495 -7.4222 -1.8554
Pedestrian -1 -1 -8.3535 1027.8423 164.5895 1040.4703 187.1248 1.8012 0.5148 0.8832 34.1360 1.1404 58.1212 -7.8249 -1.8732
Cyclist -1 -1 -8.2845 526.7826 174.4395 557.3597 220.8340 1.6653 0.4846 1.6454 -2.5804 1.7257 26.7895 -8.3803 -1.9354
Car -1 -1 -2.5377 516.6038 174.6717 645.4875 225.1850 1.5394 1.6750 4.0210 -1.0385 1.6037 23.8943 -2.5814 -1.9790
Car -1 -1 -4.6960 699.7381 173.3457 720.8363 193.4765 1.5251 1.5880 3.8911 7.8948 1.5649 56.8088 -4.5589 -1.9845
Pedestrian -1 -1 -5.0534 1044.1536 199.0141 1081.0897 269.3743 1.1103 0.3742 0.4670 7.3723 1.5493 11.8508 -4.5086 -2.0004
Pedestrian -1 -1 -4.7420 643.8471 196.0716 659.9849 243.3221 1.0901 0.3669 0.3905 0.9360 1.6445 17.0413 -4.6891 -2.0092
Pedestrian -1 -1 -8.2758 466.5415 167.9091 487.3014 211.9959 1.8903 0.6709 0.6749 -5.8366 1.6780 31.4057 -8.4585 -2.1255
Pedestrian -1 -1 -8.2076 1043.7554 170.5872 1064.5901 205.2895 1.7606 0.7106 0.6967 22.7422 1.6453 37.0176 -7.6606 -2.1401
