Cyclist -1 -1 -8.4814 667.9282 166.4030 834.1050 354.6627 1.6891 0.8020 1.7113 1.3244 1.6309 7.4185 -8.3133 1.4718
Car -1 -1 -7.7583 516.2938 176.4001 547.3790 202.2684 1.4916 1.5464 3.5794 -4.7520 1.7159 43.8978 -7.8659 -0.9736
Pedestrian -1 -1 -7.9814 411.4020 162.8599 422.5118 188.6741 1.7900 0.6638 0.7293 -13.5425 1.0967 50.4947 -8.2423 -1.2291
Pedestrian -1 -1 -4.7019 425.0000 169.6493 435.8672 202.8857 1.8706 0.5918 0.8792 -10.2628 1.6899 41.1043 -4.9455 -1.3047
Pedestrian -1 -1 -7.1972 439.9464 175.3957 457.8383 210.4112 1.6858 0.6260 0.5831 -7.8969 1.8109 35.1920 -7.4167 -1.3649
Pedestrian -1 -1 -5.5692 0.0000 177.0913 42.9760 374.0000 1.6801 0.4998 0.3975 -5.3647 1.7180 6.2468 -6.2580 -1.4673
Car -1 -1 -8.0592 257.0633 180.6946 317.1454 219.2690 1.4498 1.5793 3.5248 -13.4109 1.7937 29.7795 -8.4793 -1.5261
Cyclist -1 -1 -5.6912 302.5633 175.5421 337.0417 211.9464 1.7025 0.6020 1.4259 -13.8143 1.8315 34.2535 -6.0722 -1.7623
Cyclist -1 -1 -7.4784 441.7370 175.1290 477.1753 230.3475 1.6164 0.4512 1.7526 -4.6388 1.6886 22.0971 -7.6835 -1.8548
Car -1 -1 -7.9686 522.1400 179.4689 563.8290 212.0431 1.4434 1.5680 3.7989 -3.3234 1.7808 34.8147 -8.0636 -1.8560
Car -1 -1 -7.8146 539.7237 176.2801 568.1890 202.2482 1.4940 1.5834 3.7352 -3.4084 1.7112 43.9088 -7.8921 -1.8766
Car -1 -1 -4.2374 252.3553 178.8886 319.8501 211.8196 1.4742 1.5332 3.4868 -15.5555 1.7794 34.7383 -4.6559 -1.9788
Car -1 -1 -2.8246 371.0434 177.0072 500.4883 224.8605 1.5079 1.6521 3.8422 -5.7565 1.6508 23.8886 -3.0591 -1.9813
Car -1 -1 -7.8512 350.6890 152.5195 379.5104 183.3325 1.9362 1.7256 4.1216 -16.1649 0.6581 47.5664 -8.1772 -2.0627
Cyclist -1 -1 -7.7361 540.8107 173.7098 549.1528 200.3794 1.6536 0.3425 1.5867 -4.1377 1.7084 45.5880 -7.8265 -2.0631
Car -1 -1 -8.1069 374.3493 177.6741 428.6591 211.6506 1.5251 1.6142 3.8691 -10.2166 1.7728 35.0521 -8.3888 -2.0820
Car -1 -1 -7.2293 546.0284 163.2186 628.1176 209.4791 2.0586 1.7620 4.2366 -1.0610 1.6295 34.3567 -7.2605 -2.0892
Pedestrian -1 -1 -2.7364 0.0000 151.4812 20.5721 276.5174 1.9539 0.4242 0.2886 -9.7434 1.6196 11.5194 -3.4271 -2.1189
Car -1 -1 -7.6235 308.3946 178.8241 369.8145 217.5823 1.5108 1.6228 3.7480 -11.4821 1.7806 30.6896 -7.9790 -2.1559
