Car -1 -1 -8.1827 599.5664 188.6972 745.3073 285.6669 1.4757 1.5605 3.7567 0.9648 1.8195 13.6550 -8.1150 2.8102
Car -1 -1 -7.7374 736.4503 182.9214 898.6145 329.2999 1.4917 1.6653 3.9053 2.9194 1.6573 9.7678 -7.4565 2.5771
Car -1 -1 -8.0683 535.5946 182.8792 623.3650 247.4714 1.6086 1.6897 3.9693 -1.0311 1.9266 20.7687 -8.1182 2.4013
Car -1 -1 -4.4662 154.3872 198.1007 296.8080 288.7140 1.4803 1.6682 3.9340 -7.8714 2.0808 15.0653 -4.9409 2.3670
Cyclist -1 -1 -8.0637 512.1349 179.1632 576.9999 280.7488 1.7588 0.8510 1.8037 -1.3203 1.8860 13.6029 -8.1599 2.2395
Car -1 -1 -7.9545 492.9068 187.9415 540.1716 227.1306 1.4743 1.6102 3.8411 -4.0854 2.1605 30.7797 -8.0860 1.7792
Car -1 -1 -4.5749 233.5059 186.5740 325.9501 261.2748 1.7588 1.7381 4.3539 -9.1366 2.1865 20.1781 -4.9956 1.3163
Car -1 -1 -4.6449 277.4614 195.4518 335.8220 243.0077 1.3849 1.5984 3.8549 -10.5040 2.2351 25.0726 -5.0383 0.3200
Car -1 -1 -7.9092 418.9469 179.3626 455.9731 216.3114 1.8344 1.7134 3.8662 -9.3241 2.2017 38.6585 -8.1448 0.1427
Car -1 -1 -8.0604 503.9387 186.7795 570.8585 235.8972 1.5429 1.6349 3.7566 -2.7196 2.0810 25.8586 -8.1649 -0.0774
Car -1 -1 -7.9600 463.5681 183.5361 494.7943 207.7091 1.4976 1.6464 4.1488 -8.9342 2.2540 48.8890 -8.1403 -0.4023
Pedestrian -1 -1 -8.0688 523.7201 177.8880 536.8789 206.1400 1.7726 0.7032 0.6738 -5.1013 2.0952 45.8562 -8.1794 -0.4592
Pedestrian -1 -1 -7.9608 655.1942 176.6363 678.5884 236.1820 1.8001 0.6505 0.6316 1.6953 1.9178 22.1802 -7.8865 -0.4745
Car -1 -1 -7.9415 472.8102 181.6600 504.7159 209.4949 1.5813 1.6038 3.7485 -7.5112 2.1460 44.2819 -8.1090 -0.7079
Car -1 -1 -7.8287 294.4576 193.6267 337.3048 232.0873 1.4311 1.6064 3.7519 -12.6549 2.3845 31.0879 -8.2128 -0.7181
Car -1 -1 -4.7906 482.8847 187.4204 523.9379 220.9116 1.4480 1.6599 4.1162 -5.3062 2.2045 35.2944 -4.9393 -0.7283
Pedestrian -1 -1 -7.5704 257.0971 178.3714 275.1202 215.1580 1.7827 0.6530 0.6133 -16.9205 2.0560 35.4262 -8.0134 -0.7779
Cyclist -1 -1 -4.7943 383.2735 182.5934 392.6108 206.0443 1.7792 0.5326 2.0805 -17.4806 2.5585 56.6925 -5.0924 -0.7822
Car -1 -1 -6.0659 273.7419 183.8084 351.2405 209.2698 1.5691 1.7020 4.3749 -19.2322 2.2965 46.7196 -6.4547 -0.8597
Pedestrian -1 -1 -7.7415 280.4494 183.5250 296.8800 222.9713 1.7728 0.6213 0.6163 -14.7447 2.2666 33.0238 -8.1588 -1.4981
Car -1 -1 -6.2669 324.1237 184.9562 380.8531 207.5478 1.5491 1.6650 3.8211 -18.6829 2.4507 52.3739 -6.6083 -1.6036
Pedestrian -1 -1 -7.8372 273.0982 181.4637 283.6512 208.4396 1.7795 0.6298 0.7534 -22.2607 2.3620 48.3705 -8.2668 -1.7300
Car -1 -1 -4.9304 449.3172 183.2146 483.0233 206.3826 1.5657 1.6061 3.9079 -10.5818 2.3534 52.7630 -5.1278 -1.8325
Car -1 -1 -5.8839 286.0052 187.8376 358.8406 214.4602 1.5088 1.6376 3.6573 -17.0218 2.4133 42.7161 -6.2613 -1.9774
Car -1 -1 -5.9645 208.4204 182.7534 307.8064 216.3189 1.5668 1.7035 4.0591 -17.2507 2.0680 35.4460 -6.4148 -2.1317
