Car -1 -1 -8.2220 814.1567 186.5355 1128.3392 361.4806 1.4075 1.6154 4.1225 3.6025 1.6025 8.2164 -7.8231 2.8538
Car -1 -1 -3.9210 474.8861 176.1495 563.1138 211.4742 1.4896 1.5943 4.0333 -4.1238 1.6491 32.8924 -4.0452 1.8882
Car -1 -1 -3.4898 711.6744 167.3024 792.3028 197.4348 1.6497 1.6884 4.1284 7.9352 1.3454 40.6588 -3.2988 1.5399
Car -1 -1 -5.3713 225.2989 181.0363 295.3970 211.3462 1.5426 1.5696 3.5499 -18.9533 2.0018 39.0239 -5.8210 1.1905
Pedestrian -1 -1 -6.1469 447.0621 171.0296 467.8942 226.0489 1.7631 0.7442 0.5688 -5.0125 1.7043 23.5131 -6.3553 1.1365
Cyclist -1 -1 -3.3986 893.7329 170.0235 988.0763 238.0276 1.5996 0.8627 1.9258 7.9606 1.5327 17.5531 -2.9798 1.0757
Car -1 -1 -3.3110 899.4272 167.0310 989.9648 195.3987 1.5314 1.6531 4.3658 18.5759 1.2168 40.3106 -2.8823 0.8584
Car -1 -1 -7.0843 0.0000 181.7222 71.3532 210.6539 1.4605 1.4946 3.4103 -31.4809 1.9647 39.2775 -7.7568 -0.1418
Car -1 -1 -4.3856 572.6672 174.7988 602.7307 192.4174 1.5692 1.6206 3.8957 -2.0529 1.7547 66.8280 -4.4166 -0.3457
Pedestrian -1 -1 -2.9105 414.5083 177.7190 424.8358 196.8507 1.7842 0.4347 0.8596 -17.8604 2.2415 67.6365 -3.1681 -0.5201
Car -1 -1 -4.0287 25.2253 184.5195 128.9406 220.3445 1.4993 1.6074 4.1824 -24.7963 2.0785 33.7154 -4.6593 -1.5066
Car -1 -1 -4.7449 441.7892 176.5665 474.7367 205.6585 1.5131 1.6612 4.1280 -8.5522 1.7314 40.2924 -4.9531 -1.5110
Car -1 -1 -4.7584 1115.7352 160.8983 1149.3866 186.3912 1.5692 1.5625 3.8121 33.5516 0.8330 46.4389 -4.1359 -1.5501
Pedestrian -1 -1 -8.1641 982.2449 165.8706 1034.6287 257.1182 1.7110 0.7667 0.4780 7.5743 1.5797 13.8337 -7.6728 -1.5923
Car -1 -1 -4.8917 262.4706 183.2714 303.1129 210.3775 1.4974 1.5723 3.8258 -19.7637 2.1533 43.4329 -5.3167 -1.7680
Pedestrian -1 -1 -7.5841 461.9154 171.9874 483.6306 220.1405 1.7048 0.6058 0.6855 -4.9697 1.6739 25.9122 -7.7723 -1.8476
Pedestrian -1 -1 -6.0881 867.2507 163.8180 882.4165 192.0353 1.8108 0.5037 0.8415 17.1206 1.2306 46.7366 -5.7393 -2.0533
