Car -1 -1 -7.9969 714.8875 174.7335 790.5355 228.4815 1.4318 1.5887 4.1771 4.0902 1.4930 21.4897 -7.8120 2.5301
Cyclist -1 -1 -2.9871 792.1591 168.8048 841.7288 206.8776 1.5924 0.8654 1.9378 8.8403 1.4227 30.9750 -2.7121 1.3756
Pedestrian -1 -1 -6.3373 523.3440 169.7697 534.8569 204.6607 1.7767 0.7678 0.5476 -4.2091 1.6193 37.1651 -6.4497 1.0046
Car -1 -1 -3.2310 864.3942 164.9572 930.5883 186.8342 1.5472 1.6566 4.3319 20.7976 0.9884 52.4347 -2.8555 0.4929
Car -1 -1 -2.3809 359.4478 177.8515 410.9005 199.3662 1.5133 1.5717 3.4781 -16.5192 1.8897 52.9119 -2.6824 -0.6034
Car -1 -1 -3.2320 789.1378 169.6164 836.7925 186.0447 1.5115 1.6520 4.1600 18.9486 1.2134 67.5758 -2.9600 -1.1830
Car -1 -1 -3.4527 716.1041 169.3595 779.7751 190.2196 1.5212 1.6129 4.3685 10.2115 1.2661 53.6901 -3.2660 -1.3420
Car -1 -1 -4.7263 851.7263 172.0868 872.8741 190.6068 1.4698 1.5752 3.9487 20.7080 1.4086 59.3845 -4.3926 -1.3480
Car -1 -1 -4.8646 846.6050 167.9783 874.0980 186.0292 1.5539 1.6776 4.2602 22.2644 1.1339 64.3573 -4.5331 -1.4368
Cyclist -1 -1 -7.7055 339.2225 173.2551 352.5117 206.7413 1.6994 0.4045 1.6727 -13.7586 1.7205 37.4990 -8.0552 -1.8161
Car -1 -1 -4.5367 227.5545 181.3160 277.3396 213.6084 1.4433 1.5442 3.7394 -17.4705 1.8807 35.3134 -4.9934 -1.9966
Car -1 -1 -3.2454 862.8882 163.2353 941.0066 192.1157 1.6236 1.6548 4.0489 16.8480 1.0825 41.9099 -2.8659 -2.0923
Car -1 -1 -8.4366 1050.4177 160.1011 1103.0117 182.1271 1.7940 1.7022 4.1668 39.2663 0.7550 60.8609 -7.8659 -2.1182
Car -1 -1 -4.9190 1202.3192 147.5984 1241.0000 174.9017 1.6645 1.6189 3.9443 39.3284 0.1245 46.1059 -4.2159 -2.1685
