Car -1 -1 -7.9855 707.4283 176.7128 772.3096 223.7235 1.4106 1.5723 4.0881 4.1905 1.5501 24.0637 -7.8158 2.7555
Cyclist -1 -1 -3.1537 784.6741 168.2063 829.2888 204.1850 1.6343 0.8748 1.9696 9.0731 1.4229 33.4431 -2.8914 1.9261
Pedestrian -1 -1 -5.4536 530.9970 173.1300 549.2198 204.8276 1.7184 0.7300 0.6778 -3.8755 1.7335 39.6230 -5.5509 -0.4639
Car -1 -1 -3.2444 742.6152 168.9602 800.9268 188.4961 1.4996 1.6010 4.3042 12.5820 1.2004 56.4301 -3.0264 -0.4844
Car -1 -1 -4.8378 386.0697 180.6477 413.5792 201.1578 1.5105 1.5912 4.0299 -16.6449 2.1487 56.9479 -5.1212 -1.0634
Car -1 -1 -3.2636 878.4288 164.0290 938.0790 184.9633 1.5449 1.6062 3.9965 22.4650 0.8933 54.5473 -2.8750 -1.2737
Car -1 -1 -3.4244 1003.1804 156.2344 1071.5551 179.1707 1.5858 1.6286 3.8666 30.2066 0.4364 51.1520 -2.8936 -1.5275
Car -1 -1 -3.4845 1107.9694 152.5931 1189.8674 176.3930 1.6284 1.6720 4.3056 37.8253 0.2418 50.7928 -2.8472 -1.5797
Car -1 -1 -4.4930 809.6829 172.5444 839.2394 190.0199 1.4741 1.6301 4.0976 18.7456 1.4477 63.0516 -4.2056 -1.6242
Cyclist -1 -1 -7.8525 760.4568 171.2722 765.6491 195.6252 1.6057 0.3351 1.5472 10.2258 1.5011 48.3668 -7.6457 -1.8527
Car -1 -1 -4.7560 870.1102 171.6763 892.4685 189.8059 1.4888 1.5930 4.0559 23.0370 1.3918 61.4258 -4.3991 -1.8560
Car -1 -1 -7.5206 524.7778 174.3139 570.5198 202.0847 1.6043 1.6319 3.7660 -3.7792 1.6969 43.9203 -7.6063 -2.0521
Car -1 -1 -4.4877 267.0421 177.5432 303.8298 199.7492 1.5186 1.6079 3.8487 -23.4826 1.8712 52.2526 -4.9084 -2.0836
Car -1 -1 -3.0499 854.2571 162.4760 921.4008 190.3115 1.6511 1.6136 3.7227 17.0349 1.0352 44.3434 -2.6855 -2.1691
Car -1 -1 -7.7974 212.0489 177.4747 241.6815 200.7992 1.5301 1.6007 3.8704 -26.6738 1.8650 50.2549 -8.2834 -2.1816
Car -1 -1 -4.7906 823.9355 170.5496 853.0198 191.9151 1.4684 1.6505 4.2325 16.3381 1.3097 51.8354 -4.4872 -2.1910
