Car -1 -1 -4.2801 313.1311 180.1870 399.9490 220.3248 1.4121 1.6119 4.1482 -9.8710 1.7214 28.3124 -4.6131 2.1203
Car -1 -1 -7.8896 700.5870 175.8983 732.8364 204.0281 1.4463 1.5901 4.2587 5.7957 1.6231 39.7768 -7.7464 1.8721
Cyclist -1 -1 -4.3643 318.7020 172.4333 338.9157 202.3361 1.7410 0.5580 1.7413 -16.7367 1.7162 42.8857 -4.7346 0.1934
Pedestrian -1 -1 -5.9203 571.3776 171.3142 584.5944 194.9273 1.8213 0.4912 0.9104 -2.5131 1.7022 56.0289 -5.9653 -0.1091
Pedestrian -1 -1 -6.6353 308.4674 178.4629 323.5000 205.1723 1.7810 0.6755 0.7559 -19.9288 2.1641 48.8275 -7.0212 -1.0756
Pedestrian -1 -1 -6.4264 589.0859 173.0687 599.8846 194.8207 1.7418 0.5426 0.7997 -1.2778 1.7589 58.1165 -6.4487 -1.6306
Pedestrian -1 -1 -2.3626 481.9108 169.5711 493.7841 192.1962 1.8799 0.4566 0.9263 -10.2523 1.6069 60.4057 -2.5303 -1.6634
Cyclist -1 -1 -2.9270 760.3695 170.2222 787.9487 196.7206 1.7716 0.5833 1.7374 11.0844 1.5953 48.8706 -2.7056 -1.7705
Car -1 -1 -7.6293 303.9071 177.0514 354.3883 209.8534 1.5529 1.5885 3.7352 -14.2266 1.7771 36.6235 -7.9977 -1.9625
Car -1 -1 -7.3482 152.7423 160.1076 222.0192 198.9650 2.0773 1.6724 3.8964 -23.6867 1.3956 40.5375 -7.8743 -2.1392
