Car -1 -1 -8.1703 788.8911 180.5289 1027.6798 323.0086 1.4640 1.5811 4.2661 3.6389 1.5909 9.8007 -7.8256 2.7040
Car -1 -1 -3.4229 743.6296 167.9739 819.3942 196.6353 1.6491 1.6740 4.0281 10.0170 1.3680 42.4551 -3.1931 1.6012
Car -1 -1 -5.3600 231.4888 181.7351 299.1494 209.2986 1.4787 1.5740 3.7109 -19.7560 2.0054 41.2634 -5.8043 1.0678
Cyclist -1 -1 -3.2897 877.8469 165.9361 963.4979 230.6420 1.6494 0.8793 1.9633 8.1167 1.4728 19.0604 -2.8933 1.0189
Pedestrian -1 -1 -6.1292 461.5700 171.6869 480.5515 222.4851 1.7408 0.6566 0.5539 -4.8687 1.7005 25.0640 -6.3197 0.9172
Car -1 -1 -3.8154 522.4976 176.0905 604.0874 206.6033 1.4396 1.5733 3.9979 -2.3517 1.6112 36.3794 -3.8799 0.7366
Car -1 -1 -3.3144 927.0546 164.7376 1017.8513 193.0083 1.5613 1.6651 4.4142 20.6064 1.1128 41.2732 -2.8544 0.5517
Car -1 -1 -6.2913 417.9276 178.3968 490.8764 205.1542 1.4283 1.5540 3.8977 -8.6896 1.7459 40.1903 -6.5032 0.4427
Car -1 -1 -3.8808 0.0000 187.6529 89.1445 218.9237 1.5450 1.6674 4.3003 -31.5550 2.4124 40.0463 -4.5451 0.1288
Cyclist -1 -1 -8.0439 789.1389 168.8361 803.0160 204.7258 1.6467 0.3332 1.5751 8.6936 1.4620 33.9008 -7.7954 -0.3335
Car -1 -1 -7.8637 288.4226 179.4329 317.5255 206.2386 1.6103 1.6592 3.7950 -19.8036 2.0522 46.4316 -8.2650 -1.5654
Car -1 -1 -6.2029 0.0000 184.9001 113.4140 236.9727 1.4967 1.6227 4.2693 -18.7977 1.9192 23.4617 -6.8730 -1.8929
Car -1 -1 -2.4298 71.4600 186.4251 169.1642 220.9087 1.5340 1.6228 3.6254 -23.0225 2.1909 33.9207 -3.0227 -1.9183
Car -1 -1 -3.3325 1008.9253 160.2175 1073.2245 180.3856 1.5400 1.6113 4.0899 33.6895 0.5748 56.5440 -2.7975 -2.0391
Car -1 -1 -7.8742 116.4563 179.8113 156.7633 213.4548 1.6045 1.6729 4.2370 -24.7099 1.9876 37.5499 -8.4531 -2.0587
Car -1 -1 -6.9044 279.7955 181.8325 334.0361 200.2766 1.4957 1.6580 4.1721 -26.3848 2.3054 62.8763 -7.3005 -2.1223
Pedestrian -1 -1 -7.4199 475.0207 172.6275 497.5127 217.4433 1.6802 0.6071 0.6979 -4.7517 1.6714 27.4677 -7.5901 -2.1403
Pedestrian -1 -1 -5.0088 165.7005 179.8152 185.0131 216.8895 1.7727 0.6392 0.6683 -21.2046 2.1158 35.1339 -5.5487 -2.1674
Car -1 -1 -4.5684 907.0162 167.6597 939.4646 189.1830 1.4930 1.6031 4.0152 22.6524 1.1324 52.1820 -4.1611 -2.1819
