Car -1 -1 -8.0781 750.2786 178.9921 889.0547 267.4038 1.4119 1.5902 4.2148 3.7957 1.5485 13.9533 -7.8188 2.5646
Car -1 -1 -3.6383 612.0767 174.1003 687.1282 199.9691 1.5115 1.6472 4.3048 2.3883 1.5901 43.9872 -3.5849 1.2830
Car -1 -1 -5.9330 373.9643 179.4484 437.3789 204.5756 1.4807 1.5086 3.3982 -12.4288 1.8893 43.8612 -6.2079 1.2495
Cyclist -1 -1 -3.1267 841.1006 169.7633 905.9813 220.2683 1.5810 0.8691 1.9361 8.4628 1.4840 23.3333 -2.7833 1.1816
Car -1 -1 -3.2264 804.6440 166.7612 872.3615 192.4039 1.6039 1.6668 4.0163 14.5953 1.2225 46.3791 -2.9236 1.1265
Car -1 -1 -3.4097 968.8014 165.8003 1047.6339 190.5373 1.4797 1.5846 3.9642 24.3953 1.0575 44.3871 -2.9102 0.7923
Pedestrian -1 -1 -6.2750 489.8396 171.4934 504.4510 215.5554 1.7679 0.7889 0.5801 -4.6368 1.7130 29.3836 -6.4307 0.4724
Car -1 -1 -4.0799 32.0460 187.8541 104.0560 214.1996 1.5317 1.6413 3.9913 -34.6594 2.5342 46.2325 -4.7206 -0.9693
Car -1 -1 -4.1496 268.7526 180.0316 329.2239 205.0501 1.5454 1.6502 4.3173 -20.6940 2.0463 48.1281 -4.5540 -1.0126
Pedestrian -1 -1 -4.4802 501.2632 172.6887 517.7575 211.9408 1.7054 0.5378 0.8584 -4.4673 1.6980 31.8020 -4.6191 -1.1545
Car -1 -1 -7.6509 754.4166 172.2923 798.3177 200.6081 1.4789 1.6658 3.6121 9.1495 1.4493 39.6748 -7.4262 -1.2144
Pedestrian -1 -1 -7.9290 375.3264 177.6042 388.6275 206.3797 1.7177 0.7289 0.5237 -13.8073 2.0068 43.5749 -8.2345 -1.6355
Car -1 -1 -3.1380 856.5363 173.6595 931.6629 199.2733 1.4592 1.5913 4.0626 16.7303 1.5082 42.6830 -2.7671 -1.6743
Car -1 -1 -7.9344 398.0179 173.8422 429.0538 201.6236 1.7428 1.6502 4.0932 -13.0365 1.8108 47.6268 -8.2005 -1.7168
Car -1 -1 -7.9948 1059.1354 158.1672 1097.0813 182.6949 1.7429 1.7330 4.5199 34.7375 0.6990 53.6872 -7.4231 -2.0032
Car -1 -1 -6.2401 910.8578 170.4171 977.5160 191.5801 1.5003 1.6363 4.3705 24.4486 1.3273 52.8780 -5.8094 -2.1244
Car -1 -1 -4.5436 960.6385 163.5812 993.7465 184.1689 1.5473 1.6447 4.1310 28.6905 0.8501 56.3790 -4.0751 -2.1501
