Car -1 -1 -3.8295 399.7971 178.1348 544.1191 230.0307 1.4646 1.6465 4.5079 -4.3434 1.6497 23.0774 -4.0141 1.7055
Car -1 -1 -7.9515 410.6238 178.5029 449.3316 208.8170 1.4622 1.5948 3.7515 -9.4596 1.7722 37.5963 -8.1967 1.4560
Pedestrian -1 -1 -5.9282 332.6881 173.1135 374.0558 263.0042 1.7337 0.7474 0.5456 -5.1277 1.7387 14.2966 -6.2673 1.1168
Car -1 -1 -3.5930 716.0941 165.3306 813.3625 209.1648 1.8317 1.6592 3.7979 6.6706 1.5170 31.4156 -3.3862 0.5482
Car -1 -1 -4.5832 563.0788 176.4401 589.7842 196.0462 1.4869 1.6176 4.0992 -2.6703 1.7834 57.6024 -4.6297 0.0263
Cyclist -1 -1 -3.7894 1140.4010 164.8016 1241.0000 301.2537 1.6325 0.7134 1.7497 7.7277 1.5359 9.0269 -3.0980 -0.8376
Pedestrian -1 -1 -6.6263 386.8763 178.6355 400.4526 202.1824 1.7502 0.5375 0.8479 -16.3174 2.1889 54.3274 -6.9171 -0.9347
Car -1 -1 -7.0512 212.0559 185.0920 275.0860 208.5060 1.5166 1.6275 3.9594 -25.9161 2.4194 51.1084 -7.5187 -1.1698
Car -1 -1 -8.2319 370.9715 179.5327 410.0360 201.4257 1.6020 1.6044 3.8183 -17.0927 2.1386 56.0076 -8.5271 -1.2465
Pedestrian -1 -1 -7.4076 372.7783 174.2260 411.9919 247.9869 1.6791 0.7160 0.5229 -5.0982 1.7112 16.7501 -7.6993 -1.6070
Car -1 -1 -4.8134 703.0490 173.3274 727.8189 193.2839 1.5249 1.5619 3.7331 8.2870 1.5633 57.1215 -4.6705 -1.8903
Car -1 -1 -4.7222 115.5010 188.8030 139.2507 208.4417 1.5276 1.6423 3.9786 -41.2761 2.9366 61.6518 -5.3104 -1.9048
Car -1 -1 -4.7894 539.4276 176.8624 559.9655 194.4693 1.5076 1.5491 3.6867 -5.4468 1.8771 64.6114 -4.8735 -1.9742
Pedestrian -1 -1 -6.4055 855.6793 164.5705 876.3176 220.0056 1.7658 0.7169 0.5425 8.2453 1.5016 23.3909 -6.0710 -2.0471
Pedestrian -1 -1 -7.4636 921.4860 164.6397 940.4874 198.9708 1.7801 0.7524 0.5693 16.8121 1.3539 37.8814 -7.0492 -2.0765
