Cyclist -1 -1 -3.3039 1012.0504 169.4095 1160.8279 271.3934 1.5944 0.8851 1.9479 7.8331 1.5403 12.0688 -2.7399 2.3145
Car -1 -1 -3.9654 0.0000 188.4246 184.6650 299.8131 1.4407 1.5986 3.8505 -9.1341 1.7400 11.8876 -4.6100 2.1273
Car -1 -1 -3.5112 759.0230 171.5390 859.9787 202.3189 1.4566 1.6347 4.4559 9.6489 1.3941 35.1913 -3.2462 1.6601
Car -1 -1 -5.9560 264.1528 178.6929 367.4510 215.7714 1.5892 1.6502 3.9416 -13.0864 1.8567 32.1552 -6.3399 1.2430
Pedestrian -1 -1 -5.9929 387.8371 170.4559 419.0358 243.5502 1.7589 0.7391 0.5485 -5.1209 1.7009 17.7358 -6.2706 1.0559
Car -1 -1 -4.0160 602.7325 176.1559 663.7204 203.0275 1.4031 1.4854 3.4836 1.2810 1.5936 39.9104 -3.9847 0.7260
Car -1 -1 -8.5991 1071.2273 205.6956 1241.0000 374.0000 1.4521 1.6265 3.8974 3.4670 1.6631 2.6057 -7.7266 0.4713
Car -1 -1 -6.6925 1026.3625 165.0385 1140.0824 199.7557 1.5789 1.6572 4.1614 22.1486 1.2232 33.9730 -6.1189 0.2576
Car -1 -1 -3.8625 503.9360 173.8370 606.8538 214.9913 1.5428 1.6723 4.0553 -2.1910 1.5850 29.1795 -3.9373 -0.1495
Car -1 -1 -7.9084 829.4778 172.8576 879.9330 212.7724 1.4352 1.6202 3.7878 9.3741 1.4350 27.9838 -7.5888 -0.5080
Car -1 -1 -8.1650 410.1489 176.5460 442.6666 195.4451 1.5937 1.6461 3.9787 -16.2842 1.9307 63.7971 -8.4142 -0.8252
Pedestrian -1 -1 -8.1164 1107.6946 156.1942 1130.9926 198.2668 1.8881 0.6940 0.7436 23.1381 1.1401 32.8478 -7.5071 -1.0292
Pedestrian -1 -1 -6.1714 486.0504 173.3447 493.1532 194.8908 1.8182 0.7608 0.5140 -10.2513 1.8598 61.2987 -6.3367 -1.2086
Pedestrian -1 -1 -7.5442 412.5379 174.9904 444.8818 234.4830 1.6294 0.7110 0.6504 -5.1020 1.6898 20.1345 -7.7898 -1.2951
Cyclist -1 -1 -7.6986 0.0000 173.7196 25.7062 250.3109 1.7612 0.4799 1.7932 -14.6984 1.7829 17.5049 -8.3897 -1.4285
Cyclist -1 -1 -5.7969 309.1725 173.9126 347.7073 212.0692 1.7869 0.6734 1.5714 -13.3955 1.8375 34.2388 -6.1675 -1.7581
Car -1 -1 -4.9373 1121.9194 158.9742 1171.2406 184.3917 1.5394 1.6328 4.0640 34.0162 0.6985 45.8880 -4.3025 -1.7723
Car -1 -1 -4.3226 0.0000 181.9868 29.9506 260.3867 1.5416 1.6166 3.6058 -15.1495 1.7765 16.6160 -5.0540 -1.7934
Pedestrian -1 -1 -9.0062 1193.7614 157.9084 1213.6464 193.4138 1.8278 0.7245 0.5546 30.8611 1.0581 37.5551 -8.3223 -1.7996
Car -1 -1 -7.6352 322.1396 179.0018 372.6057 212.0029 1.5176 1.5999 3.6084 -12.9963 1.8382 35.7767 -7.9816 -1.9398
Pedestrian -1 -1 -4.7698 1034.5302 160.3139 1048.8972 201.1353 1.7833 0.4951 0.8327 19.1013 1.2352 32.0040 -4.2360 -1.9999
Car -1 -1 -4.7139 121.2337 188.2687 144.5867 207.5824 1.5248 1.6415 3.9740 -41.3049 2.9035 62.4418 -5.2965 -2.0731
Cyclist -1 -1 -8.1475 821.2906 170.6135 843.9760 213.6408 1.5671 0.3552 1.6063 8.2981 1.4852 27.0823 -7.8538 -2.0789
Car -1 -1 -7.8248 708.8681 192.8996 1241.0000 374.0000 1.4173 1.5799 3.8456 1.8304 1.5608 3.1168 -7.3351 -2.1594
Car -1 -1 -8.3804 719.0674 170.0483 755.8654 186.7477 1.5228 1.6246 3.9824 11.9422 1.2667 67.9460 -8.2074 -2.1686
