Car -1 -1 -3.5484 1099.4097 165.4989 1234.7358 202.6138 1.5496 1.6886 4.3594 24.1261 1.2422 31.4676 -2.8990 0.8507
Pedestrian -1 -1 -5.8771 291.5819 174.9464 338.7115 273.7502 1.7042 0.7509 0.5208 -5.2903 1.7422 12.8424 -6.2612 0.4237
Car -1 -1 -4.5780 557.7945 178.2513 584.7000 197.7578 1.4334 1.5804 3.9394 -3.0092 1.8684 56.1686 -4.6317 -0.1268
Car -1 -1 -4.3961 572.8709 175.4305 603.9049 193.6385 1.5115 1.5934 3.7784 -1.8623 1.7417 62.5121 -4.4261 -1.1960
Car -1 -1 -4.6075 800.7072 172.2185 830.5816 195.3033 1.5243 1.5866 3.9451 14.1851 1.4821 49.7707 -4.3318 -1.7579
Car -1 -1 -5.2153 1065.1045 165.7734 1131.9559 192.8977 1.4870 1.5728 3.7094 27.9531 1.0985 41.4711 -4.6257 -1.7585
Car -1 -1 -3.5561 0.0000 190.4942 80.8212 227.0086 1.5092 1.6566 4.1721 -27.9063 2.3999 34.2135 -4.2367 -1.8809
Car -1 -1 -8.8403 1088.6874 146.4050 1164.6942 173.6309 1.7098 1.6716 3.7527 33.8074 0.0485 47.3635 -8.2232 -1.9043
Car -1 -1 -5.3717 183.6943 184.9120 247.5838 209.0805 1.5256 1.6276 4.0786 -26.6366 2.3648 48.6701 -5.8704 -1.9693
Car -1 -1 -4.6186 621.0977 175.7811 649.8834 198.3531 1.5065 1.6410 4.3018 1.8103 1.7221 50.9758 -4.5837 -1.9837
