Car -1 -1 -3.9177 81.8154 169.6853 310.8192 277.2415 1.8106 1.5817 3.9046 -7.9595 1.7570 14.2438 -4.4197 0.5313
Car -1 -1 -4.5443 557.3694 178.2709 586.6878 198.2020 1.4631 1.6235 4.0870 -2.9484 1.9010 56.2451 -4.5968 0.4079
Pedestrian -1 -1 -6.1410 297.0663 171.7111 335.9625 274.1056 1.7623 0.7494 0.5387 -5.2681 1.7423 12.8464 -6.5236 0.3616
Pedestrian -1 -1 -5.2453 393.7640 180.0548 406.9033 206.1965 1.8094 0.4791 0.9333 -14.7670 2.3200 50.7066 -5.5276 -0.3165
Pedestrian -1 -1 -8.1686 872.3147 159.6647 893.3442 206.0167 1.9311 0.7021 0.5092 11.4205 1.3813 30.3291 -7.8121 -1.7040
Cyclist -1 -1 -4.5434 619.5374 172.7418 634.3010 202.6072 1.7934 0.6402 1.6393 1.0087 1.7863 44.1926 -4.5212 -1.8907
Car -1 -1 -4.5889 536.5688 178.6115 560.3799 196.8823 1.5192 1.5922 4.1100 -5.3956 2.0414 63.3925 -4.6738 -1.9412
Car -1 -1 -3.4298 1078.2418 165.2620 1170.8729 192.8897 1.4893 1.6017 3.9125 28.5982 1.0797 40.2790 -2.8160 -1.9847
Car -1 -1 -4.7924 1206.2555 162.6142 1241.0000 194.3103 1.5345 1.5883 3.6678 31.6263 1.0385 36.8844 -4.0877 -2.1313
Car -1 -1 -4.3922 573.8895 176.4213 604.6424 194.9902 1.5364 1.5850 3.6808 -1.7860 1.8547 62.4555 -4.4210 -2.1600
