Car -1 -1 -4.0165 92.2578 178.8024 312.7154 274.2536 1.5603 1.5905 3.9021 -7.7625 1.6935 14.1235 -4.5115 2.3960
Car -1 -1 -3.7438 543.3685 175.2862 661.3005 215.8260 1.4505 1.6326 4.4307 -0.2928 1.5511 27.9921 -3.7548 2.1203
Car -1 -1 -7.2761 395.9246 178.2704 463.8906 212.9966 1.5453 1.5631 3.3774 -8.5987 1.8182 34.5386 -7.5187 2.1108
Pedestrian -1 -1 -5.9954 349.4846 171.5104 385.6483 255.5592 1.7166 0.6924 0.5422 -5.1149 1.6889 15.0921 -6.3175 0.8825
Cyclist -1 -1 -3.4238 1105.9420 160.2734 1241.0000 294.4288 1.6531 0.7958 1.8767 7.7660 1.4978 9.6098 -2.7596 0.3644
Car -1 -1 -3.4706 831.3146 164.5842 926.2711 203.2708 1.7166 1.6316 3.7235 12.1474 1.3494 32.8721 -3.1199 -0.0083
Car -1 -1 -4.2632 518.5438 176.7800 557.7997 196.7842 1.5613 1.6762 3.9155 -5.8847 1.8951 59.2772 -4.3621 -0.2100
Car -1 -1 -4.6204 697.6699 171.7471 725.6266 194.6129 1.5170 1.5776 3.8109 7.0311 1.4433 49.9043 -4.4816 -0.3937
Pedestrian -1 -1 -4.5599 924.6468 161.4629 937.4143 196.4300 1.8357 0.4946 0.8901 17.0431 1.2374 38.3876 -4.1452 -0.4318
Cyclist -1 -1 -2.5691 606.7626 167.7600 636.7747 199.0845 1.8591 0.6918 1.7098 0.6715 1.5564 43.5841 -2.5543 -1.1380
Pedestrian -1 -1 -3.0623 388.8008 177.4155 401.0982 200.8484 1.7950 0.4674 0.8759 -16.6311 2.1490 55.7156 -3.3514 -1.1776
Car -1 -1 -4.6066 564.8696 175.0593 589.5734 194.6695 1.5203 1.5901 3.9762 -2.6476 1.7048 58.4263 -4.6521 -1.2558
Pedestrian -1 -1 -5.6842 477.6649 173.5709 489.6218 196.6590 1.8580 0.6198 0.7337 -10.2743 1.9162 58.5248 -5.8575 -1.5534
Car -1 -1 -6.7858 1044.0011 152.6308 1118.1305 176.6997 1.5968 1.6044 3.9106 31.7845 0.2548 48.8083 -6.2113 -1.7001
Car -1 -1 -8.2890 728.6178 169.8060 762.9486 187.9288 1.5957 1.6125 3.7872 12.2776 1.3270 65.5659 -8.1050 -1.8726
Car -1 -1 -7.8579 613.6188 170.8042 640.8385 198.0176 1.6390 1.6395 3.9158 1.0379 1.5153 45.4294 -7.8357 -1.8751
Pedestrian -1 -1 -2.9600 832.4780 159.9953 847.6901 187.1728 1.8682 0.5408 0.9239 15.9300 0.9840 50.0543 -2.6538 -1.9167
Car -1 -1 -7.9857 1177.7809 150.2637 1220.4594 179.9702 1.9106 1.6896 4.0564 39.5658 0.4574 48.5775 -7.3052 -1.9599
Pedestrian -1 -1 -8.1089 190.5130 179.1052 203.2309 204.6859 1.8086 0.6442 0.6674 -29.6354 2.2603 51.7054 -8.6274 -2.0576
Car -1 -1 -6.0393 188.0658 179.6234 251.8384 202.0390 1.5787 1.6268 3.8285 -28.5371 2.0859 52.8377 -6.5326 -2.0899
Car -1 -1 -4.6595 1171.9315 163.5605 1212.7378 192.1239 1.5286 1.6009 3.8298 32.7365 1.0310 40.5768 -3.9843 -2.1017
