Car -1 -1 -3.8563 152.6868 183.6997 367.4467 261.2803 1.4448 1.6234 4.3834 -7.7679 1.7264 16.4218 -4.2923 2.0552
Car -1 -1 -2.1886 344.7329 180.7309 411.3786 208.5861 1.4467 1.5848 3.8856 -13.0131 1.9058 40.2884 -2.4994 0.7504
Car -1 -1 -4.4629 559.3793 177.0788 592.6440 197.4005 1.5163 1.6641 4.0921 -2.6659 1.8619 56.9105 -4.5099 0.3711
Pedestrian -1 -1 -5.9569 315.2990 172.9862 358.6113 267.7911 1.7266 0.7450 0.5481 -5.1597 1.7288 13.5227 -6.3155 -0.1373
Car -1 -1 -4.9376 707.9174 173.6825 734.8690 190.8801 1.5241 1.5949 3.9362 10.1568 1.6021 66.1610 -4.7863 -0.6241
Car -1 -1 -4.4741 512.3952 178.6902 542.8159 197.8153 1.4416 1.5354 3.9187 -6.5737 1.9243 57.6716 -4.5875 -0.7218
Car -1 -1 -3.7497 567.8820 171.2155 669.6208 219.3814 1.7242 1.5967 3.6158 0.3134 1.6653 27.5063 -3.7391 -0.7594
Pedestrian -1 -1 -5.4817 1190.6478 211.7931 1241.0000 309.3195 1.1024 0.3788 0.3784 7.1471 1.5732 8.5250 -4.8015 -1.7567
Car -1 -1 -6.7937 154.4480 187.5249 217.6388 210.0442 1.4942 1.6098 3.6358 -30.7826 2.6000 52.4244 -7.3226 -1.7891
Car -1 -1 -4.7143 584.9441 176.8651 603.5904 195.3912 1.5532 1.5850 3.8157 -1.4088 1.9152 63.2535 -4.7369 -1.8219
Cyclist -1 -1 -7.4160 1213.1719 160.9401 1241.0000 313.4992 1.6802 0.5552 1.6941 7.9009 1.5487 8.5346 -6.6868 -1.9852
Car -1 -1 -4.8991 1191.2715 161.9887 1241.0000 191.4300 1.5413 1.5908 3.9802 33.5444 0.9722 39.8993 -4.2038 -2.0116
Pedestrian -1 -1 -2.8234 472.0113 174.5354 481.6548 198.0204 1.8397 0.6479 0.5747 -10.5328 1.9729 56.9318 -3.0058 -2.0574
