Pedestrian -1 -1 -5.9041 331.6290 173.5436 373.0153 263.6323 1.7278 0.7210 0.5384 -5.1198 1.7414 14.2145 -6.2446 1.7630
Car -1 -1 -3.8214 377.7637 179.6436 523.5294 232.5263 1.4351 1.6345 4.3403 -4.8653 1.6658 22.3480 -4.0339 1.6531
Car -1 -1 -7.9573 407.7036 178.2214 444.8112 208.3952 1.4700 1.5184 3.5794 -9.6977 1.7653 37.7853 -8.2072 0.5459
Car -1 -1 -4.4617 561.4361 177.2293 594.0432 197.0007 1.4924 1.6379 4.0942 -2.5607 1.8545 57.5968 -4.5063 0.4776
Car -1 -1 -4.3048 515.9590 178.8957 553.0866 197.8222 1.4386 1.5538 3.9298 -6.0824 1.9441 58.2962 -4.4086 -0.2122
Car -1 -1 -3.6632 698.0360 165.2892 792.9271 210.7505 1.8694 1.6570 3.6804 5.7787 1.5580 31.0644 -3.4815 -0.4407
Pedestrian -1 -1 -3.3214 856.1818 167.3934 879.2212 221.1752 1.7004 0.5504 0.6036 8.2082 1.5274 23.1310 -2.9850 -0.6076
Pedestrian -1 -1 -6.2489 387.0480 179.3088 399.7899 203.4857 1.7956 0.4667 0.8999 -16.2675 2.2823 54.1081 -6.5400 -0.7050
Cyclist -1 -1 -3.6400 1148.0720 157.9166 1241.0000 304.3029 1.7168 0.5701 1.6731 7.6794 1.5414 8.9051 -2.9452 -1.1303
Car -1 -1 -7.5896 613.3042 175.1207 653.5754 201.8202 1.5518 1.6080 3.5027 1.4399 1.6962 44.1695 -7.5577 -1.6503
Pedestrian -1 -1 -7.2446 370.5106 174.4559 410.2459 248.5205 1.6742 0.7292 0.4901 -5.1231 1.7117 16.6712 -7.5389 -1.6638
Car -1 -1 -4.6774 700.8918 172.9396 722.4336 192.4051 1.5192 1.5948 4.0103 8.2354 1.5260 58.4428 -4.5385 -1.8982
Car -1 -1 -4.6594 584.2877 176.7975 604.2998 194.4391 1.4949 1.5770 3.7987 -1.3886 1.8545 63.9247 -4.6815 -1.9605
Car -1 -1 -5.0990 404.2752 178.4942 444.3082 199.5430 1.6088 1.7010 4.1510 -15.1114 2.0826 58.4851 -5.3511 -1.9768
Car -1 -1 -4.4459 816.6158 171.1089 849.1118 190.4877 1.4948 1.5588 3.7363 17.8060 1.3599 57.6508 -4.1481 -2.0546
Car -1 -1 -8.1696 373.3466 181.3302 410.6139 203.4612 1.6020 1.6234 3.9276 -16.9471 2.2827 55.8959 -8.4630 -2.0970
Car -1 -1 -4.1064 161.5524 185.1965 218.0881 207.7207 1.5359 1.6214 4.0174 -31.1291 2.4867 53.5350 -4.6312 -2.1943
