Car -1 -1 -3.8581 308.8652 178.9857 472.6680 240.6395 1.4956 1.6528 4.3784 -6.0432 1.6869 20.2493 -4.1451 2.1752
Car -1 -1 -4.5031 561.5168 177.4301 592.3497 196.9513 1.4674 1.6295 4.1386 -2.6182 1.8451 57.4298 -4.5489 0.2851
Pedestrian -1 -1 -6.1644 327.2993 173.4135 362.3276 265.8357 1.7268 0.7609 0.5465 -5.1589 1.7376 13.9193 -6.5138 -0.1082
Car -1 -1 -4.4381 516.3621 178.7803 548.4567 197.9544 1.4523 1.5552 3.9484 -6.2243 1.9455 58.0091 -4.5449 -0.1661
Car -1 -1 -3.6788 649.5295 166.1696 748.4749 213.5312 1.8622 1.6410 3.7583 3.6430 1.5991 29.8828 -3.5592 -0.5732
Car -1 -1 -4.9524 389.5092 181.1353 437.3120 211.0444 1.4779 1.5888 3.9648 -10.6940 1.9489 38.9451 -5.2190 -1.0647
Pedestrian -1 -1 -9.2067 1209.4371 160.7352 1236.8691 205.2820 1.7598 0.7967 0.6885 24.6159 1.2808 29.0201 -8.5085 -1.2228
Pedestrian -1 -1 -5.2270 1195.5358 202.3097 1241.0000 304.0307 1.1634 0.4027 0.5336 7.4154 1.5313 8.7223 -4.5395 -1.4294
Car -1 -1 -4.8770 537.2859 177.1185 561.7063 195.0596 1.5262 1.5727 3.7473 -5.4459 1.9181 64.3443 -4.9614 -1.7490
Car -1 -1 -4.7458 584.8682 176.6725 604.0225 194.1375 1.4728 1.5568 3.7775 -1.4192 1.8194 63.6183 -4.7684 -1.9061
Pedestrian -1 -1 -5.5691 472.2078 174.4227 483.7005 197.7634 1.8443 0.7404 0.5515 -10.5547 1.9701 57.5339 -5.7501 -1.9542
Car -1 -1 -6.8123 161.0754 186.8282 224.4795 209.4680 1.5129 1.5933 3.7126 -30.4502 2.5721 52.7005 -7.3342 -2.0287
