Car -1 -1 -7.8067 577.0737 179.4199 615.1517 215.6076 1.6242 1.6643 4.4826 -0.6647 1.9673 35.4706 -7.8259 2.1371
Car -1 -1 -4.2426 150.5305 180.5947 310.9873 266.3001 1.6375 1.6323 3.6439 -8.2265 1.8277 15.9374 -4.7128 1.9767
Car -1 -1 -4.4268 368.5136 183.3640 438.8003 223.4390 1.4662 1.6538 4.1670 -8.4044 1.9273 29.5876 -4.7017 1.8517
Pedestrian -1 -1 -6.7788 1215.8993 169.9068 1241.0000 221.7459 1.7998 0.5438 0.9321 21.9995 1.6972 25.4152 -6.0714 -0.0524
Cyclist -1 -1 -6.4647 1165.3038 164.5334 1215.9093 206.2821 1.8254 0.6392 1.6702 25.8629 1.4613 32.2228 -5.7932 -0.4618
Car -1 -1 -4.6023 457.4486 180.9271 495.7240 211.5464 1.5243 1.6063 3.9909 -7.2039 1.9838 39.0473 -4.7840 -0.7356
Cyclist -1 -1 -6.7211 794.2192 169.7260 826.7225 201.8648 1.8699 0.6791 1.7171 11.7564 1.6876 42.4597 -6.4533 -1.2953
Pedestrian -1 -1 -8.5779 1152.6115 166.0714 1175.1245 205.7752 1.7974 0.5952 0.5580 25.2578 1.4900 32.9639 -7.9287 -1.5335
Cyclist -1 -1 -7.3858 678.4089 177.5812 692.8032 200.8096 1.6268 0.3480 1.5865 5.3824 1.9696 51.6040 -7.2829 -1.9076
Car -1 -1 -4.8916 678.7003 174.8721 718.2332 203.5371 1.6837 1.7031 4.1904 5.4053 1.8147 44.8251 -4.7729 -1.9424
Pedestrian -1 -1 -4.1282 872.6146 163.0421 893.8554 203.7812 1.8170 0.6327 0.6739 12.3156 1.3791 32.6359 -3.7707 -2.1294
Car -1 -1 -7.8199 474.1184 179.3823 503.1051 206.6273 1.5553 1.6193 3.9150 -7.4330 1.9736 44.2177 -7.9859 -2.1372
Car -1 -1 -4.4765 369.8809 181.1085 444.8724 232.7401 1.5596 1.5771 3.8100 -6.7829 1.8599 24.3427 -4.7460 -2.1436
Pedestrian -1 -1 -3.7029 0.0000 176.5647 30.6041 229.6048 1.8543 0.6408 1.0164 -21.6058 1.9901 25.8894 -4.3934 -2.1509
