Car -1 -1 -7.8799 576.1606 179.7468 604.5334 206.7916 1.5797 1.6646 4.3307 -1.3147 2.0350 45.4789 -7.9092 1.3119
Car -1 -1 -7.6570 394.0085 184.8344 455.9269 226.6621 1.4766 1.6638 3.7096 -7.2597 1.9802 28.4518 -7.9051 -0.3442
Car -1 -1 -4.5789 433.3868 182.8898 480.2740 218.0989 1.5767 1.7159 4.2610 -7.5574 2.1040 35.7457 -4.7863 -1.0072
Car -1 -1 -7.6146 323.0262 183.8548 418.3158 245.3203 1.5641 1.6904 4.2429 -6.9764 1.9220 21.3182 -7.9277 -1.0082
Car -1 -1 -4.8369 690.5258 176.7515 728.3076 206.8307 1.5481 1.5793 3.7624 5.3569 1.7715 39.5135 -4.7037 -1.3303
Car -1 -1 -7.5829 649.5414 169.5184 680.7777 194.9126 2.2441 1.7561 4.3523 5.0698 1.9490 66.1075 -7.5071 -1.6218
Car -1 -1 -4.8592 478.5315 183.9386 510.3372 208.3589 1.4431 1.5297 3.3478 -7.4514 2.1794 46.1232 -5.0190 -1.6407
Car -1 -1 -4.6311 209.5857 183.8304 234.9213 204.2528 1.7125 1.6714 4.2973 -35.0651 2.7404 65.2846 -5.1225 -1.6783
Car -1 -1 -4.5227 495.1314 182.6592 525.3614 204.6122 1.5330 1.5686 3.7164 -7.4535 2.2919 53.9762 -4.6597 -1.9064
Car -1 -1 -7.9523 458.0847 180.7818 495.2363 210.1109 1.5777 1.7199 4.3639 -7.9218 2.0691 42.4122 -8.1363 -1.9173
Car -1 -1 -4.9829 487.7421 179.8995 523.2631 203.8235 1.5820 1.5544 3.6515 -7.4311 2.0977 50.8652 -5.1277 -2.0216
