Car -1 -1 -7.9150 584.8678 178.8023 622.0222 213.7410 1.6643 1.6420 4.4737 -0.4353 1.9916 37.4414 -7.9272 2.7061
Car -1 -1 -4.3672 296.6776 188.2211 401.2650 243.2398 1.4501 1.6994 4.1865 -7.9600 1.9692 22.2874 -4.7070 2.1008
Car -1 -1 -3.9787 0.0000 187.0804 87.8517 374.0000 1.6138 1.6179 4.0348 -7.9648 1.8092 7.8758 -4.7527 0.5833
Car -1 -1 -7.7492 447.7904 184.1162 489.8820 217.8282 1.4538 1.5929 3.5391 -6.6735 2.0155 34.1724 -7.9411 -1.2455
Car -1 -1 -4.4274 510.3544 180.6756 543.5404 202.7752 1.5626 1.5277 3.6109 -6.2388 2.1714 54.2780 -4.5418 -1.3826
Cyclist -1 -1 -5.1085 813.5142 169.9884 845.9947 219.1517 1.7931 0.6046 1.5617 8.1987 1.6883 27.1243 -4.8185 -1.4203
Pedestrian -1 -1 -6.8436 297.4200 180.2425 309.7758 202.6387 1.8406 0.5717 0.7596 -25.5399 2.4604 60.0863 -7.2442 -1.6059
Pedestrian -1 -1 -5.1455 965.2941 162.5753 1001.7275 226.4936 1.8572 0.6389 0.8953 11.0295 1.5582 21.4236 -4.6762 -1.6696
Car -1 -1 -6.7509 692.6749 177.3826 756.2439 202.6114 1.5469 1.6034 3.6792 7.2617 1.8439 46.0463 -6.5960 -1.8393
Car -1 -1 -4.5902 475.3119 183.8208 517.5791 218.2043 1.4870 1.5564 3.5222 -5.3602 2.0325 34.1289 -4.7454 -1.8408
Pedestrian -1 -1 -6.3574 650.6290 176.4670 672.4478 224.5676 1.7741 0.5652 0.7708 1.8743 1.9101 26.9397 -6.2894 -1.9565
Car -1 -1 -7.5699 298.8609 182.2247 414.1649 254.3913 1.6187 1.7050 4.2042 -6.5115 1.8913 18.8767 -7.8983 -2.0028
Pedestrian -1 -1 -3.8450 938.7353 158.6673 958.0775 208.7570 1.8576 0.5233 0.4163 12.6463 1.3312 27.0668 -3.4125 -2.0467
