Car -1 -1 -7.8471 581.4432 177.9002 616.1196 213.1402 1.6315 1.6354 4.3085 -0.5919 1.8994 36.1860 -7.8640 2.2946
Car -1 -1 -4.1453 23.6478 183.5988 249.3909 291.6155 1.5752 1.5473 3.6853 -8.1265 1.7921 12.7389 -4.7041 2.1610
Car -1 -1 -4.3934 346.6140 182.9915 427.5278 229.0501 1.5197 1.6787 4.0067 -8.1905 1.9233 26.7210 -4.6885 2.0776
Car -1 -1 -4.5859 453.1870 180.5805 494.2438 211.9600 1.4915 1.6123 3.7881 -7.0084 1.9102 37.1879 -4.7714 -0.6240
Car -1 -1 -7.5710 306.8062 181.7857 414.8008 248.4022 1.5562 1.6340 4.1860 -6.6434 1.8243 19.5505 -7.8950 -0.8481
Pedestrian -1 -1 -6.6617 1209.6947 162.9210 1237.1652 206.9916 1.8168 0.7874 0.6264 25.6371 1.4070 30.2172 -5.9632 -1.4522
Pedestrian -1 -1 -4.7067 912.0430 166.8080 932.1214 220.1202 1.8050 0.6270 0.7794 10.7256 1.6000 24.9115 -4.3050 -1.4569
Car -1 -1 -7.6369 375.1657 182.8126 450.5415 232.9530 1.5053 1.6213 4.0745 -6.6485 1.8725 24.5563 -7.8992 -1.7784
Cyclist -1 -1 -6.2652 812.0885 164.8660 844.3710 200.4205 1.9575 0.7146 1.7123 12.1586 1.5174 40.3262 -5.9748 -1.7818
Car -1 -1 -4.5290 425.0970 182.4551 481.0085 219.1673 1.4609 1.6864 4.1087 -6.8958 1.9124 31.8761 -4.7409 -1.7902
Car -1 -1 -4.6135 490.4281 179.4474 525.5903 207.9152 1.5461 1.6515 3.9333 -5.9404 1.9489 42.1124 -4.7532 -1.8098
Car -1 -1 -7.6928 689.2077 174.4723 728.2281 203.5664 1.6291 1.6855 3.9551 5.8611 1.7296 42.7774 -7.5580 -1.8921
Car -1 -1 -4.5182 461.1964 178.8930 503.5857 208.1969 1.5930 1.6620 4.1907 -7.4398 1.9636 42.2060 -4.6920 -2.0496
Car -1 -1 -4.6820 612.4357 181.3638 637.3445 204.7670 1.4565 1.5555 3.7621 0.9941 2.0475 48.2185 -4.6621 -2.0711
Pedestrian -1 -1 -4.0197 947.2610 178.0922 978.1392 231.6144 1.6129 0.5127 0.7215 10.8025 1.7766 22.2023 -3.5728 -2.1563
Pedestrian -1 -1 -6.8864 880.0089 165.3478 897.7599 196.2329 1.7980 0.6650 0.7229 16.3545 1.3608 42.4141 -6.5210 -2.1713
Pedestrian -1 -1 -6.7939 924.3036 170.0291 945.7929 205.9742 1.7746 0.6532 0.7526 16.1651 1.6348 35.9820 -6.3752 -2.1796
