Car -1 -1 -7.8690 640.4205 178.5421 689.3189 227.6793 1.6255 1.6526 4.5406 1.9371 1.8541 26.7179 -7.7982 2.2593
Car -1 -1 -4.3205 326.2090 182.1064 448.4901 241.5629 1.4780 1.7539 4.6088 -6.3610 1.7783 21.0592 -4.6110 2.0324
Car -1 -1 -4.4618 453.7634 181.3417 516.1951 220.5359 1.5045 1.6655 4.0138 -5.2724 1.8892 30.6605 -4.6312 1.9099
Car -1 -1 -4.5522 526.5162 180.6515 570.3342 211.7325 1.5116 1.6830 4.0950 -3.2431 1.9474 38.2519 -4.6367 0.7068
Car -1 -1 -4.4824 531.2303 179.8223 565.8157 203.7096 1.5061 1.5287 3.6428 -4.1263 1.9929 48.5231 -4.5672 0.0995
Car -1 -1 -4.7744 1078.5189 144.5501 1115.1409 172.7012 1.7163 1.6745 4.0948 31.0846 -0.0106 46.2037 -4.1850 -0.7792
Car -1 -1 -4.6661 558.4664 176.9356 585.3958 202.9390 1.6629 1.6332 4.1814 -2.5730 1.9510 48.8956 -4.7188 -1.1533
Car -1 -1 -4.6154 552.6092 179.7027 578.2865 200.5596 1.4985 1.5815 4.0250 -3.4027 2.0417 55.2182 -4.6771 -1.3388
Car -1 -1 -7.9681 697.4034 169.5968 722.2878 193.8785 2.1153 1.7396 4.2334 8.9344 1.8313 64.9930 -7.8324 -1.3465
Car -1 -1 -4.1698 491.2350 180.9899 558.5862 211.8851 1.5226 1.6847 4.2085 -4.5663 1.9878 39.0167 -4.2861 -1.3993
Car -1 -1 -5.0462 774.2769 174.5822 815.9363 200.2653 1.6918 1.6050 3.8279 12.6837 1.8154 49.7712 -4.7986 -1.5116
Car -1 -1 -2.1480 0.0000 184.8509 48.0793 355.7945 1.5138 1.6567 4.0289 -8.5587 1.6612 7.7174 -2.9677 -1.7368
Car -1 -1 -5.0304 736.7936 178.4682 776.2817 201.4194 1.5517 1.6657 3.7753 10.4254 1.9693 51.7234 -4.8331 -1.9233
