Car -1 -1 -7.8530 578.6448 180.0760 604.6649 205.8217 1.5705 1.6274 3.9087 -1.2319 2.0614 47.0969 -7.8795 1.2851
Cyclist -1 -1 -4.9986 633.4008 173.5779 650.6896 204.3633 1.8738 0.5508 1.9266 1.9519 1.9196 44.9656 -4.9560 0.4640
Car -1 -1 -7.6290 362.9846 183.5646 442.8881 234.5590 1.5770 1.7711 4.3288 -7.2267 1.9871 25.4455 -7.9035 -0.4274
Pedestrian -1 -1 -7.7324 1034.0084 162.5821 1054.8628 204.1713 1.7719 0.7004 0.6682 18.7544 1.3339 31.2189 -7.1959 -0.7557
Car -1 -1 -7.7092 406.1671 182.5430 461.9205 223.8294 1.5844 1.7194 4.2282 -7.4941 2.0284 30.8992 -7.9457 -1.0791
Car -1 -1 -5.0911 650.5795 180.7136 683.1084 199.9772 1.4977 1.5499 3.3071 4.6221 2.1640 59.3839 -5.0143 -1.1093
Car -1 -1 -4.5552 447.6427 181.7024 491.2669 212.5266 1.5755 1.7297 4.3667 -7.8321 2.0972 40.3596 -4.7461 -1.7503
Car -1 -1 -7.4760 309.7017 179.6455 351.8788 203.8940 1.6627 1.6473 3.5656 -20.2051 2.1713 52.2703 -7.8435 -2.0236
Pedestrian -1 -1 -4.3089 880.3149 158.5856 914.6251 222.4933 1.9108 0.6916 0.8795 8.7696 1.4839 22.1293 -3.9367 -2.0834
Pedestrian -1 -1 -5.2431 128.4052 182.7422 146.0460 213.4280 1.8548 0.6521 0.6818 -29.0885 2.4683 44.3433 -5.8212 -2.0879
Car -1 -1 -5.0540 945.4545 169.2589 987.3727 191.4935 1.6405 1.6420 3.9362 27.2209 1.3750 55.2851 -4.5989 -2.1929
