Car -1 -1 -3.3895 430.0128 170.4875 575.1690 223.0654 1.6097 1.7259 4.4361 -3.5759 1.5369 23.7419 -3.5379 2.2442
Car -1 -1 -7.1438 1132.1649 163.2219 1241.0000 220.7784 1.4332 1.5726 3.7835 16.0709 1.1931 19.0585 -6.4510 1.6317
Car -1 -1 -7.3803 803.4169 165.4064 964.7112 249.9363 1.5603 1.6207 3.8419 5.8030 1.4225 15.2121 -7.0229 0.4607
Car -1 -1 -3.3863 75.9947 180.4404 275.4590 246.9038 1.4699 1.6157 4.1027 -11.0254 1.6846 18.4323 -3.9193 0.2487
Car -1 -1 -7.0177 1074.5782 167.6382 1197.7996 210.6237 1.4814 1.5546 3.4101 18.7404 1.3013 25.8295 -6.3957 -0.6446
Car -1 -1 -3.7347 920.7225 155.8264 1043.6862 203.2088 1.6799 1.6512 3.7576 13.6430 1.0759 26.6334 -3.2660 -0.7926
Car -1 -1 -6.5593 726.4652 170.1264 854.9635 216.7402 1.5155 1.5920 3.9130 5.9821 1.4266 24.3296 -6.3216 -1.2554
Pedestrian -1 -1 -6.1795 415.9681 170.2296 424.7430 212.0935 1.7177 0.4547 0.3058 -7.8889 1.6097 29.8534 -6.4361 -1.6668
Car -1 -1 -5.6047 0.0000 181.2672 114.0665 221.5231 1.5014 1.6683 4.2970 -22.1007 1.8395 28.1466 -6.2659 -1.8509
Pedestrian -1 -1 -5.5481 1049.3257 148.6071 1071.2764 182.8403 1.9297 0.6065 0.8832 25.6579 0.5626 41.1804 -4.9941 -1.9038
Car -1 -1 -4.6193 896.0893 171.2429 957.8989 217.5607 1.4108 1.5494 3.9073 10.5812 1.3614 24.0623 -4.2100 -1.9372
