Car -1 -1 -7.8667 572.7436 184.5332 610.0749 222.2431 1.5839 1.6419 4.4594 -0.9515 2.1701 33.9688 -7.8952 2.5287
Car -1 -1 -4.3816 283.3748 186.8230 377.7867 246.5534 1.6104 1.5901 3.6468 -8.5119 2.0751 22.1666 -4.7447 2.0669
Car -1 -1 -4.1053 0.0000 192.2971 197.4379 330.9782 1.5955 1.6448 4.0927 -8.2627 1.9460 10.9497 -4.7403 1.8761
Car -1 -1 -4.5458 403.8025 188.7379 454.5882 222.2589 1.4372 1.7136 4.2679 -8.7856 2.2602 35.2066 -4.7891 0.4014
Car -1 -1 -7.6437 373.7690 187.0247 449.9033 237.1478 1.5597 1.7326 4.4986 -7.0773 2.1159 26.0412 -7.9070 -0.1870
Pedestrian -1 -1 -5.8572 1084.9576 168.4052 1107.8489 203.4793 1.7828 0.5380 0.8302 25.0144 1.5564 37.1702 -5.2689 -1.0850
Car -1 -1 -4.8066 661.2151 183.3802 689.4849 206.0692 1.4969 1.6332 3.9057 4.5844 2.2747 51.3784 -4.7187 -1.1984
Car -1 -1 -4.5817 458.5889 182.0030 494.8023 211.5731 1.5539 1.5574 3.6449 -7.5517 2.0961 40.9268 -4.7635 -1.4496
Cyclist -1 -1 -4.8449 788.7454 175.9485 803.0767 206.6507 1.7492 0.6060 1.5356 10.7945 1.9327 42.0668 -4.5959 -1.5224
Car -1 -1 -4.1251 481.4185 186.2413 533.0724 210.2942 1.4822 1.6107 3.8287 -6.9394 2.4267 48.8476 -4.2660 -1.6071
Pedestrian -1 -1 -5.9064 677.1266 178.6590 694.0089 207.0124 1.7671 0.5760 0.9144 4.7446 2.1376 45.6253 -5.8040 -1.7184
Car -1 -1 -4.5474 428.1938 186.1259 477.7716 223.4888 1.5581 1.6209 3.9421 -7.2677 2.2113 33.5223 -4.7598 -1.9145
Car -1 -1 -7.3158 647.3309 178.7003 685.6350 199.5469 1.7547 1.6376 3.8647 5.0112 2.2891 63.9355 -7.2384 -1.9212
Car -1 -1 -4.6301 481.4808 184.9749 509.3627 208.3152 1.5126 1.6228 3.9724 -8.0777 2.4019 50.9204 -4.7871 -1.9659
