Car -1 -1 -4.2180 873.0488 182.4576 980.3577 228.9828 1.4352 1.6230 4.1933 10.9719 1.7933 24.9920 -3.8092 1.6761
Car -1 -1 -3.9739 617.8559 180.4665 784.6652 254.7800 1.5371 1.6660 4.0621 2.2132 1.7397 17.2777 -3.8496 1.5228
Car -1 -1 -4.4097 1007.8105 181.6529 1082.3685 217.6547 1.4612 1.6580 4.3577 19.5183 1.8808 32.3672 -3.8716 0.9205
Car -1 -1 -7.6605 1092.8906 178.1610 1224.7136 260.8712 1.5700 1.6383 3.7573 12.0281 1.6997 15.8043 -7.0195 0.8133
Car -1 -1 -4.3531 1069.9624 177.6053 1139.7596 208.4654 1.4844 1.6414 4.0957 25.4490 1.7408 37.1278 -3.7563 0.0719
Car -1 -1 -4.2320 826.1846 176.7280 959.3900 241.9532 1.6456 1.7166 4.3790 8.0754 1.7668 20.5425 -3.8630 -0.5001
Car -1 -1 -5.1606 1170.7798 180.0129 1230.8690 205.9927 1.5241 1.5691 3.4241 36.8938 1.9905 45.1923 -4.4796 -0.6583
Pedestrian -1 -1 -7.7126 686.1408 176.2159 701.4579 212.9346 1.8300 0.6802 0.6894 4.1967 2.0015 36.4558 -7.5996 -1.4010
Pedestrian -1 -1 -8.4820 1068.2737 177.4039 1098.5829 220.1012 1.6923 0.7288 0.7314 19.0188 1.8777 29.0648 -7.9077 -1.4409
Car -1 -1 -8.1118 1203.1064 181.6811 1241.0000 268.5105 1.4714 1.5818 3.7654 13.5256 1.6756 14.6770 -7.3777 -1.4468
Car -1 -1 -7.5804 980.3376 179.1113 1066.6216 225.0320 1.5409 1.7070 4.3289 15.4378 1.7926 26.9234 -7.0651 -1.5847
Car -1 -1 -5.3479 1183.2205 182.1877 1241.0000 222.3849 1.5418 1.6345 4.1845 26.8074 1.9680 30.8208 -4.6372 -2.1660
