Car -1 -1 -4.3960 331.2321 185.4272 420.7906 234.2881 1.4947 1.7542 4.1670 -8.1030 1.9707 25.2398 -4.7041 2.2795
Car -1 -1 -4.0853 0.0000 187.6890 206.7004 314.6280 1.5670 1.5237 3.6230 -8.0777 1.8334 11.1523 -4.7011 1.9696
Car -1 -1 -7.8166 583.4706 180.6131 619.3480 214.7666 1.5824 1.6632 4.2307 -0.4228 1.9980 36.5365 -7.8287 1.8991
Car -1 -1 -4.5804 442.2325 182.9079 485.7745 217.9671 1.5020 1.5471 3.4882 -6.8126 1.9966 33.7305 -4.7787 -0.9731
Car -1 -1 -4.7008 511.8336 181.2548 535.2514 204.0849 1.5181 1.5936 3.6062 -6.1492 2.1362 51.2391 -4.8201 -1.0260
Car -1 -1 -4.6212 467.4579 181.0275 503.7374 210.5374 1.5387 1.6611 4.0570 -7.0307 2.0250 40.8671 -4.7909 -1.0811
Pedestrian -1 -1 -7.8441 976.3452 177.1898 998.6199 233.8747 1.6192 0.5688 0.5293 10.9526 1.7475 21.0328 -7.3704 -1.1509
Pedestrian -1 -1 -7.2920 308.8734 180.2012 320.8212 201.6458 1.8552 0.5770 0.9031 -25.8958 2.5041 63.2559 -7.6794 -1.3793
Cyclist -1 -1 -8.0102 688.9560 176.6833 697.9985 201.5461 1.6210 0.3549 1.5691 5.5246 1.8801 48.0779 -7.8970 -2.0801
Pedestrian -1 -1 -6.7012 943.2237 171.0995 971.1729 217.4621 1.7728 0.6491 0.7759 13.3848 1.7054 27.9232 -6.2588 -2.1510
