Cyclist -1 -1 -4.8561 669.4811 165.5038 689.3965 213.3106 1.8827 0.5373 1.8693 2.7688 1.5929 29.3618 -4.7636 1.3319
Car -1 -1 -7.8890 584.3290 177.7482 611.5481 202.0658 1.5225 1.6621 4.0945 -0.8746 1.8626 48.1029 -7.9076 0.1998
Car -1 -1 -7.6498 403.6339 181.4973 467.2228 221.6041 1.5033 1.7445 4.2575 -7.2381 1.8897 30.1280 -7.8841 -0.7098
Car -1 -1 -4.5692 442.1649 179.9217 487.7380 213.1336 1.5713 1.7079 4.2943 -7.4601 1.9574 37.2578 -4.7660 -0.8312
Car -1 -1 -4.8359 663.5486 171.4007 691.9469 196.1168 1.8161 1.6622 4.0417 5.1025 1.7091 55.0650 -4.7444 -1.4456
Car -1 -1 -5.0485 478.7050 179.3079 521.7498 203.9693 1.5381 1.6442 3.9004 -7.4077 1.9879 48.2137 -5.2006 -1.5421
Car -1 -1 -4.3854 251.7886 187.9377 300.4421 215.4171 1.4560 1.5538 3.3939 -19.3845 2.3694 41.9404 -4.8162 -1.6931
Car -1 -1 -4.4596 59.3986 183.5848 108.4155 208.7057 1.5161 1.6288 4.1181 -34.7021 2.2574 47.6519 -5.0866 -1.7170
Car -1 -1 -4.6896 472.6711 178.3706 500.1279 204.7659 1.5531 1.6123 3.7805 -7.7523 1.9142 45.2744 -4.8586 -1.9890
Cyclist -1 -1 -2.8615 9.8983 180.7641 50.7687 214.0590 1.8402 0.6725 1.6820 -32.8072 2.2942 40.8125 -3.5355 -2.1210
Car -1 -1 -2.7423 0.0000 184.1427 56.7634 212.8800 1.5490 1.6010 3.6172 -34.1024 2.2131 41.1834 -3.4308 -2.1694
