Car -1 -1 -4.2461 143.4837 181.8661 312.0266 265.2080 1.6323 1.6795 4.2408 -8.6596 1.8674 16.7166 -4.7179 2.2384
Car -1 -1 -7.8125 588.1913 175.5202 615.3119 200.3020 1.5877 1.6670 4.1136 -0.5516 1.7753 48.7558 -7.8242 1.2260
Car -1 -1 -4.3675 451.1339 174.1682 495.0061 201.6063 1.7875 1.7165 3.9261 -9.3293 1.8808 49.2795 -4.5540 -0.1078
Car -1 -1 -7.6741 398.5429 181.2743 461.8112 222.5167 1.4996 1.7367 4.3577 -7.2669 1.8681 29.3726 -7.9150 -0.4026
Car -1 -1 -4.6173 462.4037 176.3454 497.0346 207.1552 1.6906 1.6140 4.0244 -7.5944 1.9042 42.1339 -4.7950 -0.8136
Car -1 -1 -4.5984 437.8975 182.3421 480.1331 214.7197 1.4260 1.5743 3.7971 -7.2843 1.9103 34.8900 -4.8032 -0.8244
Car -1 -1 -7.5803 352.6291 180.7455 440.9789 230.9629 1.5068 1.7416 4.3907 -7.1645 1.7990 24.5440 -7.8619 -1.0144
Car -1 -1 -4.3594 248.8312 174.8218 339.2497 229.5048 1.9239 1.7627 4.3886 -12.0719 2.0054 27.7849 -4.7662 -1.1456
Pedestrian -1 -1 -5.1252 649.6548 180.9389 670.7344 228.2544 1.4278 0.4681 0.5420 1.4948 1.6803 22.2223 -5.0597 -2.1283
Car -1 -1 -4.7932 673.0754 173.9243 698.2598 194.3007 1.4990 1.5868 4.0784 5.7404 1.5838 55.3513 -4.6908 -2.1451
Car -1 -1 -4.4968 507.5321 175.5009 539.6203 197.9079 1.6292 1.6181 3.9678 -6.5740 1.8381 54.9990 -4.6156 -2.1886
