Car -1 -1 -4.3161 224.6341 193.4336 349.5625 255.3806 1.4258 1.6627 4.1827 -8.8662 2.0589 20.1074 -4.7270 2.3244
Car -1 -1 -7.8832 590.1920 177.6095 616.5071 202.6920 1.5459 1.6007 3.6019 -0.4989 1.8674 46.9956 -7.8943 0.8783
Car -1 -1 -4.5400 426.8104 182.4929 466.9301 209.7875 1.5204 1.6961 4.0704 -9.8645 2.1319 43.7298 -4.7610 0.6794
Car -1 -1 -7.4778 209.8714 186.0564 369.2426 269.5802 1.5516 1.7434 4.4322 -7.0661 1.8914 16.3497 -7.8804 -0.3586
Car -1 -1 -4.5565 473.5877 179.1273 499.2379 197.0019 1.5774 1.7361 4.1225 -11.4949 2.1794 67.2022 -4.7256 -0.5242
Car -1 -1 -4.6946 551.4193 177.0936 571.4784 196.1967 1.5835 1.6728 4.1188 -4.2230 1.9648 62.8394 -4.7618 -0.7389
Car -1 -1 -7.5956 369.4152 182.1758 449.8118 231.5433 1.5975 1.7611 4.3519 -7.2439 1.9659 26.3555 -7.8618 -1.0621
Car -1 -1 -7.7466 444.9774 180.1004 485.7359 214.6420 1.6163 1.6228 3.8197 -7.3143 2.0031 36.5662 -7.9431 -1.1959
Car -1 -1 -7.7518 418.1381 182.1414 464.8411 221.5212 1.5663 1.6148 3.7052 -7.3488 1.9970 31.5516 -7.9793 -1.5542
Cyclist -1 -1 -8.0522 748.2778 172.4475 763.3934 208.6601 1.6951 0.3806 1.6818 6.9468 1.6758 34.6164 -7.8563 -1.5651
Car -1 -1 -4.6950 514.7111 178.9904 535.5178 199.0789 1.5453 1.6172 3.9090 -6.9108 2.0620 58.7673 -4.8120 -1.8090
Car -1 -1 -7.5918 322.7573 189.5501 415.2421 246.3692 1.4233 1.5938 3.9704 -7.0303 1.9625 21.2896 -7.9077 -1.8112
Car -1 -1 -4.7730 642.9368 176.6949 669.4349 199.4595 1.5556 1.6492 4.1556 3.2656 1.8437 52.0870 -4.7112 -2.0363
Car -1 -1 -4.7818 498.9666 179.5469 522.0195 199.6017 1.4861 1.5432 3.6041 -7.8690 2.0294 56.6737 -4.9195 -2.0732
Car -1 -1 -7.9482 468.4662 181.1708 499.8406 206.4935 1.5065 1.6204 3.9275 -8.1664 2.0655 46.4188 -8.1218 -2.1132
Car -1 -1 -7.5654 683.5887 171.1269 712.9129 187.8687 1.5181 1.6410 4.0721 8.2812 1.3612 67.6216 -7.4444 -2.1436
Car -1 -1 -7.8052 629.6822 174.6675 650.7446 192.3877 1.4852 1.6462 4.0402 2.6421 1.6485 62.9879 -7.7638 -2.1619
