Car -1 -1 -7.7539 521.0953 173.6788 562.7560 207.4692 1.6220 1.6856 4.4871 -3.4653 1.6666 36.9951 -7.8471 1.7514
Car -1 -1 -4.4613 424.6903 180.2103 464.6796 205.2282 1.5199 1.6341 3.8207 -10.7275 2.0175 46.9035 -4.6853 0.5142
Car -1 -1 -7.9065 578.0660 175.4546 607.0620 200.5678 1.5473 1.6619 4.2125 -1.2118 1.7245 47.0705 -7.9326 0.3068
Pedestrian -1 -1 -6.3640 329.6222 176.9704 346.6800 207.1274 1.8257 0.6308 0.9326 -16.7262 2.0809 44.2986 -6.7234 0.0275
Car -1 -1 -7.6607 457.9901 178.6875 496.4634 205.7128 1.5123 1.5873 3.6188 -7.8970 1.8742 42.9806 -7.8417 -0.9378
Car -1 -1 -5.1178 491.1131 174.6410 526.8447 194.8032 1.5572 1.5567 3.5782 -8.1758 1.7054 58.0049 -5.2575 -1.2524
Car -1 -1 -5.1399 625.6908 175.9981 667.8442 197.0682 1.4915 1.6175 4.0136 2.6709 1.7355 53.8867 -5.0911 -1.4100
Car -1 -1 -5.0853 461.3234 176.7574 502.8338 199.8030 1.5959 1.6410 4.0085 -9.4326 1.8929 52.8280 -5.2615 -1.8214
Pedestrian -1 -1 -7.9746 651.2802 174.3107 662.0133 198.0759 1.7023 0.6971 0.6628 3.3340 1.8078 52.0763 -7.9115 -1.8954
Car -1 -1 -2.5754 158.7171 185.1462 227.1194 208.3047 1.5369 1.6237 3.8067 -28.7427 2.3990 49.7285 -3.0974 -1.9046
Car -1 -1 -7.8835 393.1432 174.8372 414.2226 195.3698 1.7337 1.6634 4.0893 -18.2199 1.9141 63.5508 -8.1619 -1.9873
Car -1 -1 -4.8032 696.7551 166.3452 724.7258 194.2261 2.0041 1.6941 4.1082 7.4636 1.5360 53.9563 -4.6668 -2.0651
Pedestrian -1 -1 -2.5482 633.3599 166.1814 652.2361 198.5119 1.8927 0.6584 0.9044 1.9082 1.5018 42.7746 -2.5044 -2.1850
