Car -1 -1 -4.4116 309.2114 184.2492 394.9311 231.2332 1.4597 1.6782 4.1873 -9.0609 1.8968 25.5699 -4.7493 2.0469
Car -1 -1 -7.8926 585.8310 171.5938 613.5026 198.2256 1.6703 1.6471 4.1543 -0.7506 1.5909 47.3722 -7.9088 1.0525
Car -1 -1 -4.5600 441.6867 177.8542 476.1631 202.7574 1.5860 1.6767 4.1412 -10.2228 1.9392 48.9113 -4.7653 0.6031
Car -1 -1 -7.6470 403.9456 179.3622 459.3846 219.2847 1.4951 1.5205 3.3652 -7.2170 1.7744 29.2857 -7.8870 -0.2665
Car -1 -1 -7.9172 549.7249 174.4987 570.2086 191.9145 1.5277 1.6224 3.7034 -4.5957 1.6814 65.6029 -7.9872 -0.9946
Car -1 -1 -4.9003 640.0659 172.7200 671.7300 194.7203 1.4842 1.5701 3.5434 3.1468 1.4748 50.5331 -4.8389 -1.4721
Car -1 -1 -4.5588 472.0529 180.6250 514.4352 210.0499 1.4518 1.6307 4.1509 -6.2523 1.8915 38.7781 -4.7180 -1.4920
Car -1 -1 -7.6900 430.2225 180.1060 476.3373 213.9438 1.4864 1.5627 3.6882 -7.4487 1.8506 34.3809 -7.9022 -1.5082
Car -1 -1 -7.6515 314.9430 179.5759 409.0416 241.9667 1.6050 1.7466 4.4707 -7.2486 1.8256 21.3868 -7.9750 -1.9105
Car -1 -1 -4.6537 74.0540 193.4309 103.5737 214.8566 1.5112 1.6550 4.0563 -41.2913 3.2032 57.1876 -5.2771 -1.9499
