Car -1 -1 -7.9056 586.5101 176.5146 618.6260 205.4475 1.5344 1.6058 3.8397 -0.4983 1.7507 40.7304 -7.9182 0.4449
Car -1 -1 -4.8940 675.3735 176.8341 712.4672 201.7704 1.5210 1.6520 4.1669 5.3610 1.7908 46.8287 -4.7812 -0.2453
Car -1 -1 -7.6207 357.6049 177.5540 441.0726 230.8800 1.6243 1.7593 4.3172 -7.0911 1.7983 24.5614 -7.8994 -0.8005
Car -1 -1 -4.4942 412.7777 176.3680 475.3275 217.4037 1.6489 1.7630 4.3132 -7.1993 1.8126 31.5233 -4.7174 -0.8923
Pedestrian -1 -1 -5.6157 409.6922 176.7844 421.1839 198.7698 1.7599 0.7157 0.5788 -15.7610 2.0799 58.3580 -5.8786 -1.3889
Pedestrian -1 -1 -3.7477 520.8079 168.0552 534.2136 191.6417 1.9090 0.5358 0.9520 -6.7605 1.5203 58.9145 -3.8617 -1.6733
Pedestrian -1 -1 -7.7860 885.8387 168.1251 904.5518 213.2234 1.7344 0.6432 0.5974 11.0858 1.5522 28.1562 -7.4150 -1.7597
Car -1 -1 -7.4822 177.2174 185.3596 351.7446 275.8862 1.4984 1.7045 4.3322 -6.8560 1.7923 14.7647 -7.9106 -1.7860
Pedestrian -1 -1 -7.4490 897.9229 167.3302 917.8664 214.1259 1.7263 0.5627 0.4390 11.0894 1.5222 26.9721 -7.0633 -1.8372
Car -1 -1 -7.0945 0.0000 186.6699 154.7809 374.0000 1.5124 1.7255 4.2309 -6.8453 1.6913 7.2292 -7.8343 -1.9878
Car -1 -1 -6.2355 120.0973 180.3467 179.2270 200.7661 1.6388 1.6775 4.1338 -38.8375 2.2896 60.9477 -6.8011 -2.0065
Car -1 -1 -2.7020 435.1784 177.1357 510.9019 202.8966 1.5748 1.7017 4.4351 -8.7410 1.8553 45.9447 -2.8893 -2.0403
Cyclist -1 -1 -3.1621 421.1588 176.8456 442.4005 199.0610 1.8871 0.6964 1.7598 -15.3548 2.2333 62.0603 -3.4040 -2.0441
Car -1 -1 -4.4008 785.1097 149.7265 829.1147 177.5177 1.6467 1.5785 3.7057 12.2205 0.2760 44.7360 -4.1359 -2.1220
Pedestrian -1 -1 -8.0369 818.7368 168.1174 834.6503 204.2307 1.8207 0.6653 0.6568 10.9896 1.5816 36.7383 -7.7489 -2.1570
