Car -1 -1 -4.3795 349.5898 190.2799 418.2558 227.7603 1.3852 1.6047 3.7700 -9.4658 2.1641 30.3535 -4.6798 2.2297
Pedestrian -1 -1 -4.3509 796.6187 171.9965 883.6871 340.2186 1.5999 0.6342 0.7369 2.2921 1.5915 7.3476 -4.0612 1.8099
Car -1 -1 -7.8535 603.0295 179.5075 629.0579 205.7453 1.5844 1.6073 3.8565 0.3526 2.0306 46.4860 -7.8465 1.6895
Pedestrian -1 -1 -3.6686 907.2516 153.4862 1020.1014 374.0000 1.7193 0.5983 0.5177 2.5623 1.5830 5.3906 -3.2472 0.6516
Pedestrian -1 -1 -6.5529 121.9301 184.3032 161.7904 237.1582 1.6812 0.7197 0.9471 -15.4862 2.0680 23.8002 -7.1249 0.2962
Cyclist -1 -1 -4.2059 345.7839 181.9802 370.7596 212.5168 1.7528 0.5232 1.9545 -15.0311 2.3095 43.0267 -4.5405 0.1147
Cyclist -1 -1 -3.0611 963.7362 125.1084 1241.0000 374.0000 1.7212 0.5689 1.7322 2.8101 1.5207 3.7915 -2.4605 -0.5556
Pedestrian -1 -1 -7.4542 974.7761 169.5298 998.8789 209.8452 1.7133 0.6767 0.7761 16.2367 1.5718 31.1725 -6.9783 -0.6374
Cyclist -1 -1 -3.0397 692.6221 174.3665 726.0825 208.7572 1.8189 0.7073 1.7188 5.3010 1.9009 38.7539 -2.9053 -0.7030
Cyclist -1 -1 -3.7113 952.5576 169.5337 991.8009 207.2202 1.7885 0.6611 1.5785 17.3484 1.6306 34.6565 -3.2510 -0.9766
Pedestrian -1 -1 -4.1820 30.5382 189.9635 74.7254 254.6036 1.6921 0.6741 0.7162 -15.0972 2.1635 19.4947 -4.8345 -1.0138
Car -1 -1 -7.7517 470.2448 181.7983 505.8160 212.7137 1.5564 1.5476 3.5964 -6.6251 2.0653 39.2353 -7.9184 -1.0244
Cyclist -1 -1 -5.6469 864.7289 144.1709 1102.6604 374.0000 1.7595 0.6840 1.7910 3.1400 1.5436 6.3742 -5.2084 -1.2361
Pedestrian -1 -1 -5.0888 1115.9003 185.9832 1168.1215 275.0112 1.2608 0.4455 0.5400 7.7683 1.4596 10.6267 -4.4713 -1.3254
Car -1 -1 -8.2677 426.3533 181.9240 490.4758 216.6373 1.5917 1.6709 4.0388 -7.7225 2.0747 36.3242 -8.4762 -1.3685
Pedestrian -1 -1 -2.9266 663.2638 173.6789 672.5244 194.3082 1.8111 0.6242 0.6996 5.0953 1.8841 63.7760 -2.8476 -1.4898
Car -1 -1 -7.9968 1122.7106 157.0069 1174.2152 188.6437 1.5789 1.6160 3.9230 28.3332 0.7877 38.1193 -7.3614 -1.7431
Car -1 -1 -7.6072 379.7507 183.9673 456.6842 233.5383 1.5966 1.7199 4.2147 -6.9247 2.0340 26.3032 -7.8627 -1.7508
Car -1 -1 -4.8763 413.0832 184.3490 454.1999 214.2692 1.5486 1.6400 4.0264 -10.1476 2.2391 41.1876 -5.1169 -1.7918
Car -1 -1 -7.9139 1194.4072 154.9206 1239.8237 187.1982 1.6781 1.6598 3.7666 33.1525 0.7454 39.5210 -7.2197 -1.8383
Car -1 -1 -7.4602 250.2527 180.6140 318.7749 216.3591 1.6124 1.6379 4.0359 -15.9445 2.0155 35.4707 -7.8802 -1.9019
Car -1 -1 -6.5714 697.3466 177.2537 772.9489 206.9451 1.5738 1.6555 3.7710 6.7997 1.8214 39.6028 -6.4031 -1.9344
Cyclist -1 -1 -7.7621 808.4475 167.0106 825.5151 205.4773 1.8123 0.6524 1.6299 9.9701 1.5367 34.8719 -7.4863 -1.9683
Car -1 -1 -4.5777 506.8840 180.5728 534.8669 202.5287 1.5331 1.5799 3.6978 -6.6078 2.1255 53.5460 -4.7003 -2.0087
Car -1 -1 -4.6777 523.0984 180.7376 546.9666 203.7158 1.5362 1.5678 3.6078 -5.3369 2.1174 51.3649 -4.7811 -2.0536
Car -1 -1 -7.2960 102.3378 187.5285 206.7790 235.9972 1.5165 1.5218 3.3874 -15.8923 2.0652 25.2976 -7.8524 -2.0810
Pedestrian -1 -1 -8.2802 1146.6681 155.8909 1169.0886 191.3672 1.7687 0.6839 0.6662 27.5716 0.9227 36.3717 -7.6356 -2.0818
Car -1 -1 -4.2174 523.1902 182.6901 563.5459 202.8102 1.5253 1.6241 3.8968 -5.4218 2.3563 58.8730 -4.3093 -2.0977
Pedestrian -1 -1 -7.0647 68.3769 194.7940 89.1504 223.0171 1.7354 0.7787 0.7113 -33.4705 3.1287 45.4194 -7.6972 -2.1096
