Car -1 -1 -4.3280 285.8678 185.6946 371.8577 228.3809 1.4959 1.7191 4.2048 -11.0941 2.0437 28.6774 -4.6945 2.1673
Pedestrian -1 -1 -2.8101 131.7743 175.0612 169.4539 235.9578 1.9411 0.6475 0.8685 -14.9636 2.0138 23.4445 -3.3733 1.3086
Car -1 -1 -7.8862 600.8008 177.3324 627.7267 203.8313 1.5936 1.5842 3.7680 0.2027 1.8903 45.9431 -7.8823 1.1390
Pedestrian -1 -1 -3.6799 780.5124 164.9386 815.3730 229.3212 1.8127 0.6583 0.7343 5.3465 1.5896 20.7355 -3.4316 0.5581
Car -1 -1 -7.6817 416.0521 179.5836 472.9156 222.2769 1.5838 1.6044 3.9095 -6.7073 1.8762 29.3890 -7.9047 0.0397
Pedestrian -1 -1 -8.1651 707.6572 168.1694 722.7500 199.3246 1.8566 0.6363 0.9569 6.3057 1.5771 43.5218 -8.0226 -0.3899
Car -1 -1 -7.0183 759.5645 172.7874 826.6336 198.5232 1.4413 1.5522 3.6988 10.6208 1.4373 41.9637 -6.7725 -0.6671
Pedestrian -1 -1 -7.5501 236.1946 182.8961 259.8937 225.0624 1.7042 0.6637 0.8076 -14.9997 2.1253 29.8283 -8.0128 -0.8256
Pedestrian -1 -1 -5.7973 199.1531 182.4544 211.7728 204.6364 1.8686 0.4384 0.8248 -34.3411 2.6858 61.2106 -6.3070 -1.1402
Car -1 -1 -2.7865 298.0871 184.7274 425.5294 235.0033 1.4922 1.5756 3.4494 -7.7721 1.8783 22.6445 -3.1141 -1.2036
Car -1 -1 -4.8354 654.2412 173.7046 679.7748 193.7366 1.5175 1.5513 3.6836 4.4199 1.5863 56.6949 -4.7584 -1.5605
Car -1 -1 -7.6599 459.5522 177.4872 505.2400 209.9192 1.6196 1.6584 4.0460 -6.8112 1.8806 38.6548 -7.8336 -1.6700
Pedestrian -1 -1 -7.7507 777.0097 168.7272 791.0708 201.4100 1.7161 0.6667 0.6224 9.1991 1.4992 38.2913 -7.5171 -1.7048
Car -1 -1 -4.6393 497.1034 177.5673 524.9948 202.7005 1.5820 1.5751 3.6771 -6.5800 1.9076 48.0067 -4.7752 -1.7358
Car -1 -1 -4.8236 732.2106 172.4893 759.8096 193.7507 1.5552 1.6281 3.8667 10.2564 1.5282 54.7647 -4.6397 -1.7941
Car -1 -1 -4.7911 649.2735 174.0531 671.9217 193.2728 1.6100 1.6381 4.1116 4.3454 1.7175 62.7646 -4.7227 -1.8466
Car -1 -1 -2.9778 409.5749 182.3274 494.9985 214.1315 1.5013 1.6314 3.8934 -7.7493 1.9792 35.5146 -3.1916 -1.9146
Car -1 -1 -4.0128 0.0000 192.7523 59.3653 267.7194 1.4906 1.6633 4.0776 -15.7557 2.0298 17.5000 -4.7382 -1.9498
Car -1 -1 -4.5563 479.9378 177.9787 516.9058 205.6091 1.5452 1.6034 3.7999 -6.6307 1.8636 42.9606 -4.7089 -1.9580
Car -1 -1 -4.6725 1115.5317 169.8025 1143.1759 189.8956 1.5392 1.6386 3.9384 41.2570 1.3051 57.3280 -4.0514 -1.9899
Car -1 -1 -4.8021 665.6524 176.9675 695.4231 200.9842 1.4867 1.5897 3.8578 4.5471 1.7669 47.2616 -4.7072 -2.1857
