Car -1 -1 -4.2770 245.8535 185.1644 346.5164 233.2349 1.4980 1.6577 4.1860 -11.0748 1.9721 25.6880 -4.6807 2.3995
Car -1 -1 -7.8841 599.0906 174.2402 626.3056 199.1148 1.5126 1.6109 3.9020 0.1019 1.6046 46.0697 -7.8823 1.2341
Pedestrian -1 -1 -2.5990 95.8628 174.5436 142.4379 238.6106 1.9204 0.5602 1.0308 -14.9712 1.9722 21.9502 -3.1921 0.1186
Pedestrian -1 -1 -4.3602 794.1870 161.8726 824.4854 230.1638 1.8014 0.6294 0.5762 5.3240 1.5114 19.4492 -4.0975 0.0681
Pedestrian -1 -1 -7.8447 219.8069 181.7065 239.0232 225.4340 1.6761 0.6595 0.8049 -15.0032 2.0302 28.3719 -8.3276 -0.3604
Pedestrian -1 -1 -2.7984 713.5032 163.2505 732.0579 196.1596 1.8936 0.6068 0.9171 6.5292 1.3407 42.0018 -2.6456 -0.5316
Car -1 -1 -7.5924 344.1124 176.7184 435.4824 233.8734 1.5932 1.6740 4.2235 -6.7910 1.7250 22.5363 -7.8823 -0.6859
Pedestrian -1 -1 -8.7907 784.2302 164.6950 805.5370 200.4479 1.7985 0.6818 0.8064 9.3947 1.3878 36.8246 -8.5432 -1.2999
Car -1 -1 -4.7957 654.6176 169.9873 677.8962 190.2265 1.6523 1.6265 3.9551 4.6906 1.4180 60.8886 -4.7195 -1.4488
Car -1 -1 -7.7610 452.9136 178.5467 492.7350 211.8912 1.5114 1.5727 3.7150 -6.6957 1.8046 35.2843 -7.9476 -1.7029
Car -1 -1 -4.5146 400.2347 173.9119 467.2700 222.2189 1.6999 1.6825 4.2430 -6.6962 1.7433 27.6373 -4.7507 -1.7905
Car -1 -1 -2.9555 709.3723 164.9813 778.4727 193.7182 1.6304 1.6274 3.7557 7.8323 1.1835 42.3718 -2.7743 -1.8010
Car -1 -1 -6.1792 528.0379 175.2903 579.4769 195.3680 1.5405 1.6110 3.8651 -4.3991 1.7336 56.4257 -6.2571 -1.8767
Car -1 -1 -2.8309 373.1536 179.6061 482.9381 216.7333 1.5665 1.7057 4.3801 -8.0080 1.8731 31.7997 -3.0761 -1.9762
Pedestrian -1 -1 -7.9531 1165.7733 168.5580 1185.6830 205.1213 1.7407 0.6892 0.6743 27.2529 1.5359 34.8192 -7.2934 -1.9923
Pedestrian -1 -1 -8.0663 667.4389 173.9831 689.4101 231.4431 1.5507 0.4835 0.5940 1.8244 1.5819 19.8093 -7.9766 -2.0512
Car -1 -1 -8.0137 757.1019 165.5757 795.4650 194.0284 1.6180 1.6325 3.7651 9.8133 1.2038 42.9603 -7.7910 -2.0772
Car -1 -1 -4.7343 671.4545 176.2045 697.1738 199.2829 1.3836 1.5286 3.7136 4.6410 1.6045 45.7244 -4.6342 -2.0923
Car -1 -1 -7.0220 700.8738 168.7336 746.1002 187.2428 1.6394 1.6472 4.0051 10.3243 1.2741 65.6978 -6.8671 -2.1578
Car -1 -1 -4.8073 341.2844 179.7432 375.1873 206.2641 1.5379 1.6275 4.0207 -15.8177 1.9892 45.1329 -5.1429 -2.1677
