Car -1 -1 -4.3720 321.6343 193.3236 400.7381 236.5314 1.4248 1.6286 3.9548 -9.4773 2.2658 27.6646 -4.6996 2.3793
Car -1 -1 -7.7567 603.0822 182.8678 634.5745 208.5388 1.5237 1.6561 3.9660 0.5762 2.1972 46.4951 -7.7450 1.1839
Pedestrian -1 -1 -3.1816 94.7971 187.3856 127.1486 243.6180 1.6777 0.7320 0.7976 -15.4958 2.1379 22.3333 -3.7828 0.4803
Pedestrian -1 -1 -7.9858 710.2877 176.9944 722.6340 210.3819 1.7098 0.5318 0.7926 5.4826 1.9266 37.4479 -7.8422 0.2133
Cyclist -1 -1 -3.3806 1200.5573 167.4430 1241.0000 214.2557 1.8847 0.7052 1.7073 25.4791 1.6665 29.7461 -2.6776 0.0757
Pedestrian -1 -1 -3.6160 0.0000 191.1305 35.4929 260.6650 1.6816 0.6071 0.6683 -15.0232 2.1507 18.1018 -4.3016 -0.0994
Pedestrian -1 -1 -4.4075 845.2153 173.7898 946.6089 374.0000 1.6759 0.6445 0.5835 2.3099 1.6839 5.9710 -4.0565 -0.1066
Car -1 -1 -4.3374 232.4053 180.1565 304.5086 218.2048 1.6324 1.6361 4.1741 -15.9863 1.9969 33.9100 -4.7752 -0.5904
Car -1 -1 -4.6056 473.5616 184.1121 508.6428 213.0535 1.4705 1.5434 3.5581 -6.5679 2.1211 39.8966 -4.7682 -0.6326
Car -1 -1 -4.5723 293.0531 187.5014 338.5729 221.0714 1.5336 1.6114 3.9686 -15.0311 2.3261 36.9330 -4.9567 -0.9363
Cyclist -1 -1 -3.5009 891.4464 151.0150 1209.6852 374.0000 1.7589 0.6547 1.7733 2.9045 1.6203 5.0151 -3.0024 -1.0303
Car -1 -1 -4.5432 438.6367 186.5725 486.5161 222.9661 1.4857 1.5445 3.5220 -6.6405 2.1388 32.5834 -4.7432 -1.0568
Pedestrian -1 -1 -7.9589 994.3553 171.0369 1013.8916 213.6874 1.7403 0.6446 0.6171 16.2547 1.6658 29.8487 -7.4648 -1.2288
Car -1 -1 -4.7782 728.0050 177.4039 752.1512 200.3633 1.6727 1.5843 3.3627 9.8614 2.0305 55.0226 -4.6023 -1.2750
Pedestrian -1 -1 -7.7824 345.9377 182.9334 359.8925 214.0791 1.7761 0.7133 0.7173 -14.9512 2.3668 41.8714 -8.1238 -1.2758
Cyclist -1 -1 -3.9377 34.1070 188.0847 104.3690 254.2043 1.7291 0.5790 1.6441 -15.0885 2.1714 20.1163 -4.5751 -1.2773
Car -1 -1 -4.3908 485.6497 187.0809 516.9378 205.0985 1.5581 1.7005 4.1257 -10.2268 2.9419 68.0153 -4.5399 -1.3486
Car -1 -1 -4.7274 990.6566 172.4825 1018.6274 196.1561 1.5221 1.5740 3.6582 26.3886 1.4979 48.3773 -4.2309 -1.5499
Car -1 -1 -4.6563 520.2971 185.3573 546.5045 208.8025 1.4906 1.5932 3.7822 -5.2899 2.3878 49.8600 -4.7619 -1.5916
Car -1 -1 -4.6549 895.5011 169.7239 922.4845 191.6169 1.5400 1.6156 3.8890 21.9000 1.3196 52.8585 -4.2643 -1.5928
Car -1 -1 -3.2856 286.1717 188.1084 359.6469 217.1373 1.5385 1.6127 3.7439 -16.5723 2.4520 41.5883 -3.6630 -1.6420
Car -1 -1 -7.6585 397.8101 188.9742 465.4288 235.7463 1.5301 1.6600 4.3642 -6.7026 2.1903 27.3477 -7.8972 -1.7087
Pedestrian -1 -1 -3.8892 873.2897 169.1316 894.6942 205.8922 1.7887 0.5272 0.8553 13.4442 1.6073 35.5142 -3.5305 -1.7399
Car -1 -1 -7.8755 1217.6040 154.8255 1241.0000 185.7766 1.5517 1.6053 3.7180 33.1345 0.6476 38.1184 -7.1638 -1.7794
Pedestrian -1 -1 -4.0803 909.8701 159.3843 933.7676 200.8874 1.8948 0.7055 0.7586 14.4070 1.2795 33.4382 -3.6770 -1.7803
Pedestrian -1 -1 -6.7337 1174.8649 158.9600 1209.0685 251.7359 1.7848 0.5044 0.3317 11.3627 1.5172 14.1624 -6.0682 -1.7830
Car -1 -1 -4.5886 494.0703 184.1619 525.0804 208.9650 1.5022 1.5711 3.6563 -6.5653 2.2707 47.2153 -4.7265 -1.7903
Cyclist -1 -1 -3.8541 941.1925 149.6679 1241.0000 374.0000 1.7523 0.4629 1.5430 2.6278 1.6345 4.0137 -3.3087 -1.8018
Car -1 -1 -4.7253 514.0304 185.4040 535.7557 206.5822 1.4821 1.5787 3.5187 -6.4848 2.4624 54.5305 -4.8436 -1.8536
Cyclist -1 -1 -8.1038 920.9240 165.1479 943.9803 200.9112 1.8215 0.6904 1.7056 16.7712 1.4287 37.6481 -7.6880 -1.8967
Car -1 -1 -4.4102 359.7299 187.6522 413.7040 219.1506 1.5171 1.6444 3.9792 -11.9148 2.3497 38.6180 -4.7079 -2.0434
Car -1 -1 -4.9569 823.9662 177.2494 887.1735 214.5440 1.5030 1.6520 4.1209 10.6517 1.7087 31.6952 -4.6360 -2.0574
Pedestrian -1 -1 -2.3845 38.0693 190.4228 50.3915 223.3657 1.8756 0.4678 0.3269 -32.6488 2.8941 41.5932 -3.0470 -2.0622
Car -1 -1 -4.6489 509.1650 184.4113 539.1331 211.1789 1.5325 1.6182 3.7312 -5.3331 2.2813 44.8627 -4.7671 -2.1042
Car -1 -1 -7.4147 175.7788 187.6841 352.5420 275.6258 1.4875 1.6703 4.1011 -6.9720 1.8370 14.9573 -7.8446 -2.1510
Car -1 -1 -4.7276 106.1693 175.6306 130.7874 196.8262 1.6979 1.6483 3.9970 -41.2313 1.9383 60.4601 -5.3243 -2.1570
Pedestrian -1 -1 -6.9825 789.1905 172.3845 809.3864 209.4654 1.7751 0.6588 0.6830 9.1353 1.7524 34.9858 -6.7296 -2.1591
