Car -1 -1 -7.8862 587.8124 171.7093 620.3006 203.7277 1.7036 1.6736 4.4545 -0.4215 1.6424 40.6511 -7.8970 1.9300
Cyclist -1 -1 -6.2469 309.6965 180.4503 345.5617 213.8164 1.7485 0.6576 1.7679 -15.1637 2.1619 38.6872 -6.6185 1.0402
Car -1 -1 -7.5698 343.0044 176.1104 434.6594 232.3398 1.6284 1.6770 4.2757 -7.0498 1.7428 23.2872 -7.8611 0.6047
Pedestrian -1 -1 -6.0375 288.8593 180.7113 307.9823 216.9103 1.7250 0.7900 0.6799 -15.1578 2.1109 35.0209 -6.4436 0.1572
Car -1 -1 -8.4188 1205.9501 149.4014 1241.0000 195.9641 1.9900 1.7701 4.1887 29.6157 0.9874 33.0462 -7.6927 -0.3091
Pedestrian -1 -1 -8.2037 765.3662 162.6688 785.8975 202.8908 1.8851 0.6688 0.9360 7.8319 1.4075 34.3235 -7.9817 -0.9927
Car -1 -1 -7.5429 271.1918 181.3891 397.9672 251.8566 1.5354 1.7325 4.4118 -6.9174 1.7804 18.5044 -7.8965 -1.0058
Car -1 -1 -8.1508 750.2778 163.6907 797.2256 197.7999 1.8424 1.6124 3.5312 9.1663 1.3472 40.7969 -7.9317 -1.0737
Car -1 -1 -8.8823 1016.6332 156.2642 1097.7711 185.1686 1.7929 1.7509 4.1864 29.0249 0.7635 47.0162 -8.3321 -1.0944
Car -1 -1 -6.3171 287.8385 181.9905 372.9554 215.3850 1.5680 1.6575 3.9054 -14.0679 2.0459 36.2407 -6.6853 -1.3118
Pedestrian -1 -1 -7.1435 990.8296 149.3685 1008.0889 183.6681 1.8555 0.6031 0.5711 21.2355 0.5847 39.4169 -6.6526 -1.9419
Car -1 -1 -7.5959 392.4179 176.5200 463.2887 220.5719 1.5697 1.6731 4.1155 -7.0443 1.7228 28.1241 -7.8396 -2.0206
Car -1 -1 -4.2495 1147.2878 171.3045 1230.8691 204.4472 1.4563 1.5742 3.5878 26.5879 1.3880 33.1777 -3.5785 -2.1510
Car -1 -1 -3.8225 321.0268 181.9201 392.3728 209.6483 1.5680 1.6396 3.9922 -15.5322 2.1513 44.3225 -4.1580 -2.1520
