Pedestrian -1 -1 -6.8331 792.1470 168.6136 824.1153 217.6936 1.8400 0.6486 0.9801 7.5022 1.6807 27.5000 -6.5701 1.3881
Car -1 -1 -7.8147 598.3896 178.5966 626.2721 205.6798 1.6118 1.6204 3.9318 0.1510 1.9918 45.7872 -7.8119 1.0305
Car -1 -1 -4.3042 403.8452 184.9321 453.0840 209.7425 1.4700 1.6325 4.0474 -11.7830 2.2913 46.9528 -4.5492 -0.0447
Pedestrian -1 -1 -6.8942 1181.1050 153.5012 1241.0000 356.9964 1.6838 0.4527 0.5578 5.3185 1.5233 6.2163 -6.2103 -0.1958
Car -1 -1 -7.6888 436.8172 182.4418 486.4780 220.6410 1.5610 1.5915 3.6651 -6.6154 2.0144 32.2799 -7.8898 -0.5218
Car -1 -1 -7.7632 463.5355 179.5315 501.5343 214.3742 1.6668 1.5962 3.7151 -6.5551 2.0282 37.1683 -7.9371 -0.6513
Car -1 -1 -4.1746 130.8436 188.5351 245.4715 234.1818 1.4902 1.7407 4.3375 -15.7983 2.1292 27.2369 -4.6962 -0.9566
Car -1 -1 -4.9878 733.7307 179.3767 773.9056 202.9811 1.4351 1.5821 3.7678 9.2609 1.8762 46.8833 -4.7945 -0.9940
Car -1 -1 -7.6567 381.8463 182.7244 451.3853 234.3405 1.6112 1.6190 3.8294 -6.7152 1.9829 25.2331 -7.9147 -1.0963
Pedestrian -1 -1 -7.0835 997.6389 166.0096 1043.6295 239.0996 1.6764 0.5902 0.7408 9.5827 1.5191 16.9389 -6.5766 -1.4481
Car -1 -1 -7.5603 307.7946 181.7004 418.9030 249.8620 1.6371 1.7427 4.2159 -6.7273 1.9083 20.0134 -7.8811 -1.4525
Car -1 -1 -4.8434 672.8138 180.5048 708.4435 207.4883 1.4693 1.5935 3.6497 4.6319 1.9357 42.1753 -4.7353 -1.5090
Car -1 -1 -4.3894 290.0256 185.3551 349.3441 217.1308 1.5595 1.7153 4.2999 -15.7740 2.2787 39.3336 -4.7688 -1.6360
Pedestrian -1 -1 -6.7059 845.6904 171.4442 863.4927 218.0386 1.7030 0.5036 0.4542 8.9837 1.6512 26.6454 -6.3846 -1.7055
Car -1 -1 -4.6158 506.7109 180.9973 533.2697 203.0328 1.5095 1.5805 3.6332 -6.5609 2.1239 52.6240 -4.7397 -1.7080
Car -1 -1 -7.9482 735.5453 174.3432 765.0061 199.1252 1.6860 1.6810 3.9600 9.9172 1.7960 51.3848 -7.7591 -1.7136
Car -1 -1 -7.2714 32.7685 189.5706 183.9332 246.4599 1.5375 1.7575 4.5033 -15.8672 2.1247 23.0943 -7.8682 -1.7196
Pedestrian -1 -1 -7.3339 786.3929 174.5486 805.4622 208.8967 1.7443 0.7210 0.6570 9.5401 1.8325 37.1768 -7.0851 -1.7315
Pedestrian -1 -1 -6.5907 50.3738 185.5587 70.7603 216.2646 1.8299 0.5039 0.8766 -33.4765 2.6118 43.9202 -7.2392 -1.8145
Car -1 -1 -4.2619 214.3282 185.8871 297.8821 224.9487 1.5632 1.7110 4.1573 -15.7852 2.1847 32.3426 -4.7131 -1.8834
Car -1 -1 -2.7261 0.0000 192.9508 73.9254 259.5789 1.5386 1.7085 4.2982 -17.0542 2.1088 19.0142 -3.4503 -1.9630
Pedestrian -1 -1 -3.6189 1042.6643 145.1558 1059.0717 185.5460 1.8083 0.5417 0.4298 19.8663 0.5679 32.5882 -3.0755 -1.9713
Car -1 -1 -4.5909 514.2252 179.3022 540.0331 199.4749 1.5154 1.5808 3.8958 -6.5857 2.0456 57.4063 -4.7050 -1.9773
Car -1 -1 -4.3121 471.4957 180.7963 522.7181 208.4885 1.5886 1.6601 4.1506 -6.9922 2.1067 44.8781 -4.4662 -2.0343
Car -1 -1 -3.0702 625.7257 179.3557 685.9797 203.0484 1.5112 1.6202 3.8688 3.0187 1.9499 47.6646 -3.0078 -2.0758
Car -1 -1 -4.6416 528.3802 180.6165 552.4110 202.3157 1.5588 1.5654 3.7776 -5.3126 2.1719 55.1060 -4.7377 -2.0771
