Car -1 -1 -7.8400 597.5330 178.0846 626.6913 207.6252 1.6358 1.6459 4.2401 0.1159 1.9616 42.8445 -7.8378 1.5448
Car -1 -1 -7.5749 320.1842 182.4983 426.8376 247.1576 1.5744 1.7188 4.3009 -6.5727 1.8757 20.3922 -7.8835 -0.0496
Car -1 -1 -4.5453 467.4927 178.0042 509.7716 209.9810 1.6375 1.6454 3.9896 -6.6385 1.9340 39.5873 -4.7109 -0.1399
Car -1 -1 -7.6253 415.9552 178.6741 480.2111 221.8946 1.6409 1.6975 4.1961 -6.6983 1.9001 30.0685 -7.8431 -0.7504
Car -1 -1 -4.8515 679.2947 177.6891 709.6523 201.0322 1.5643 1.5945 3.9512 5.9193 1.9203 51.1752 -4.7374 -1.3373
Car -1 -1 -7.6832 451.2047 179.8380 496.2907 214.7619 1.5685 1.5618 3.5413 -6.5756 1.9233 34.9003 -7.8686 -1.4845
Pedestrian -1 -1 -3.3489 946.1779 157.3078 966.1935 212.7683 1.8636 0.5778 0.5032 11.7436 1.3409 24.5848 -2.9083 -1.4898
Cyclist -1 -1 -4.7121 908.1266 163.4542 918.9201 192.6206 1.6854 0.5763 1.5010 17.8375 1.1419 42.4987 -4.3174 -1.5042
Car -1 -1 -7.8443 416.6394 180.7210 437.4082 201.1677 1.6186 1.6436 3.8418 -15.4124 2.3033 60.7647 -8.0920 -1.6197
Pedestrian -1 -1 -6.7727 267.2419 182.4322 288.2988 219.7222 1.7957 0.5373 0.7792 -16.3666 2.2724 35.4617 -7.2026 -1.6329
Car -1 -1 -4.4628 495.4364 178.4158 533.5621 204.5042 1.6103 1.5924 3.7976 -6.2544 1.9903 47.3606 -4.5938 -1.8768
Car -1 -1 -7.5671 373.5649 181.3029 458.8792 232.2638 1.5571 1.7057 4.2047 -6.6055 1.8730 24.8779 -7.8245 -2.0008
Car -1 -1 -4.9790 699.7675 175.2370 730.8438 194.3099 1.6129 1.6772 4.1272 9.2323 1.8301 63.7044 -4.8361 -2.0831
Pedestrian -1 -1 -3.6388 1133.9912 159.6095 1177.1274 239.6140 1.6574 0.5943 0.5021 11.4882 1.3828 15.2768 -3.0037 -2.1333
Car -1 -1 -5.5589 1117.7361 164.6869 1218.6682 193.8174 1.5382 1.6876 4.4659 31.1173 1.1067 40.4542 -4.9069 -2.1706
Pedestrian -1 -1 -8.1753 1020.7005 148.9054 1037.8654 181.5700 1.8592 0.6615 0.7072 24.0625 0.4958 41.4806 -7.6527 -2.1940
