Car -1 -1 -7.9037 596.4166 177.7426 627.7557 207.6372 1.6485 1.6327 4.1760 0.0426 1.9513 42.6101 -7.9033 1.8335
Car -1 -1 -7.4308 410.0205 178.7562 450.3903 201.9039 1.7943 1.6742 4.1074 -14.7273 2.2961 59.2081 -7.6739 -0.7236
Car -1 -1 -7.5788 363.0381 179.0977 451.4525 237.6073 1.7200 1.7092 4.2028 -6.5980 1.9436 23.7674 -7.8473 -0.7558
Car -1 -1 -7.5693 292.3555 182.9785 412.1049 254.5146 1.5842 1.7481 4.3880 -6.5976 1.8797 18.8448 -7.9022 -0.8839
Car -1 -1 -3.1047 1048.2509 171.2318 1108.8800 189.6892 1.4944 1.6319 4.1954 39.1052 1.3628 60.2910 -2.5318 -1.1800
Car -1 -1 -3.3589 448.4942 180.8466 522.1988 207.1891 1.5269 1.6890 4.1993 -7.6974 2.0354 44.3560 -3.5301 -1.3664
Car -1 -1 -7.6602 441.4173 181.3153 491.3977 218.0235 1.5589 1.5960 3.5862 -6.5994 1.9697 33.2633 -7.8550 -1.5957
Car -1 -1 -4.5790 464.9447 179.7909 505.1146 212.3803 1.5982 1.6041 3.7501 -6.5845 1.9825 38.0980 -4.7495 -1.7173
Pedestrian -1 -1 -8.3047 1198.0822 161.4099 1241.0000 251.8927 1.6398 0.6127 0.6401 11.4511 1.4321 13.4610 -7.6110 -1.8705
Car -1 -1 -4.6401 497.8738 178.6868 525.6709 204.0545 1.5819 1.5631 3.6481 -6.4938 1.9825 47.7228 -4.7750 -1.9590
Cyclist -1 -1 -5.0921 890.0394 165.4998 924.7869 214.5658 1.7329 0.6003 1.6297 10.7746 1.4729 26.2993 -4.7077 -2.0796
