Cyclist -1 -1 -7.6982 908.2194 162.0491 1008.1521 341.1443 1.7422 0.7597 1.7479 3.8181 1.6368 7.9568 -7.2663 6.1618
Car -1 -1 -7.4333 1022.5820 159.7253 1194.2185 250.2139 1.9642 1.8491 4.3718 12.1481 1.6789 17.5985 -6.8376 6.0394
Car -1 -1 -5.3714 642.7836 185.1303 706.4404 212.3260 1.4838 1.6038 4.1590 3.8035 2.2610 43.5189 -5.2855 2.1587
Car -1 -1 -4.4908 1158.2991 157.3802 1241.0000 268.1701 1.8657 1.6980 3.7278 12.2154 1.6048 13.9453 -3.7823 1.3656
Cyclist -1 -1 -2.6065 650.6315 176.7874 732.0425 240.3300 1.5975 0.8258 2.0087 2.0972 1.7068 19.1865 -2.5002 1.0714
Cyclist -1 -1 -4.7543 625.0430 181.6659 638.7421 216.9345 1.7418 0.6232 1.7632 1.0736 2.2037 36.9624 -4.7262 1.0041
Pedestrian -1 -1 -4.9674 828.2061 167.2596 856.3413 225.6729 1.9168 0.6806 0.9234 7.7192 1.7329 24.1551 -4.6623 0.9921
Pedestrian -1 -1 -7.2171 875.6052 172.0372 913.0222 233.6806 1.7492 0.7680 0.6643 8.2124 1.7257 20.9764 -6.8494 0.8655
Car -1 -1 -7.5108 633.8465 183.9026 700.3489 221.8134 1.4632 1.6526 3.9074 2.4928 1.9732 31.2045 -7.4325 0.3140
Car -1 -1 -4.7855 631.1267 180.5032 653.0151 199.3135 1.5031 1.5784 3.6620 2.6598 2.1693 61.0168 -4.7426 -0.6489
Car -1 -1 -4.3653 696.2391 187.5651 746.6017 214.8822 1.4520 1.6294 4.2396 6.6600 2.3749 43.0288 -4.2134 -0.8402
Pedestrian -1 -1 -7.0300 811.2456 171.4440 844.9279 224.1405 1.8164 0.5755 1.0130 7.6154 1.7675 25.3524 -6.7421 -0.8744
Pedestrian -1 -1 -8.1035 436.9491 168.4932 456.9092 216.0116 1.8366 0.6147 0.6829 -6.4502 1.6677 28.3314 -8.3258 -0.9042
Car -1 -1 -4.9543 972.6174 173.5208 1008.1318 193.7259 1.5718 1.6058 4.0511 30.7236 1.6275 58.4310 -4.4726 -1.0000
Cyclist -1 -1 -4.0610 585.1077 179.9410 633.8422 241.7230 1.6042 0.5131 1.5236 -0.0492 1.8046 19.6720 -4.0645 -1.0338
Pedestrian -1 -1 -4.1033 1148.1281 156.2542 1161.2993 187.2218 1.8393 0.5223 0.3499 32.5432 0.8530 43.1571 -3.4606 -1.0682
Pedestrian -1 -1 -8.2189 436.1321 184.3005 459.3797 230.4760 1.6471 0.6575 0.6026 -5.9801 2.0722 26.3850 -8.4402 -1.8807
Car -1 -1 -7.4892 587.5141 182.8738 640.7805 215.6320 1.5300 1.5480 3.5770 0.2233 2.0683 36.8388 -7.4838 -2.0082
Cyclist -1 -1 -8.2736 894.9489 174.7611 930.8278 230.3664 1.6660 0.3903 1.6286 9.3743 1.7274 22.4947 -7.8841 -2.0520
Pedestrian -1 -1 -5.8010 751.1038 178.9600 762.7001 202.8275 1.8520 0.7751 0.6038 11.5235 2.3360 56.7309 -5.6021 -2.1330
