Car -1 -1 -8.0539 285.7810 180.2823 410.5601 280.9440 1.9397 1.8422 4.4058 -6.1999 2.1347 16.6106 -8.4066 5.9791
Cyclist -1 -1 -8.5127 719.3575 184.8683 896.1143 374.0000 1.7193 0.6931 1.7177 1.7521 1.8491 6.8916 -8.2759 4.4136
Car -1 -1 -4.1740 495.9400 182.9762 567.8698 226.5257 1.9751 1.7884 3.9423 -3.8546 2.5087 35.8943 -4.2808 1.3216
Car -1 -1 -3.9546 397.9554 193.8689 466.5367 224.3789 1.4828 1.5741 3.6785 -9.7838 2.6994 39.7940 -4.1947 0.7890
Car -1 -1 -7.8591 470.2980 193.9184 496.5655 220.6777 1.5043 1.5662 3.5519 -8.0104 2.8851 45.4200 -8.0332 0.4866
Car -1 -1 -5.7185 369.9565 167.6114 440.0778 197.5872 1.7472 1.6789 3.7394 -12.3498 1.4413 43.3923 -5.9944 0.3357
Pedestrian -1 -1 -7.3078 146.6631 178.3306 163.8159 207.8821 1.8250 0.6075 0.7455 -28.4406 2.1697 45.0769 -7.8682 -0.5173
Car -1 -1 -4.5269 208.0482 195.9760 260.0750 230.8457 1.4869 1.5959 3.7439 -18.4495 2.6881 35.4722 -5.0038 -0.6263
Car -1 -1 -7.2173 519.7539 168.7708 565.4541 189.0010 1.5246 1.5862 3.8420 -5.2597 1.2166 56.4321 -7.3101 -0.6960
Pedestrian -1 -1 -6.8334 31.6465 177.6326 56.4498 212.7352 1.7762 0.5550 0.8383 -29.1611 2.0251 37.1339 -7.4957 -1.0498
Pedestrian -1 -1 -3.2702 399.0394 190.2817 411.8672 225.8936 1.7588 0.5653 0.5540 -10.3504 2.6458 36.3652 -3.5462 -1.1278
Pedestrian -1 -1 -2.7454 156.3590 178.5056 176.4712 211.6101 1.8344 0.5443 0.8128 -24.8859 2.1533 40.4260 -3.2945 -1.3792
Pedestrian -1 -1 -7.2155 522.7319 168.7463 535.7128 191.9900 1.7523 0.8376 0.5162 -6.1669 1.4424 54.8299 -7.3273 -1.8033
Car -1 -1 -7.5708 23.5415 174.9521 88.2958 208.6390 1.7006 1.6646 4.1548 -29.8426 1.8201 38.9425 -8.2215 -1.9661
Pedestrian -1 -1 -6.4604 237.0026 181.1043 248.4223 210.0827 1.8858 0.6976 0.5587 -24.2928 2.4356 47.6565 -6.9298 -2.1213
Cyclist -1 -1 -7.6194 443.6285 186.2723 465.4091 234.4046 1.6956 0.4113 1.6752 -5.7931 2.2080 26.7295 -7.8314 -2.1841
