Cyclist -1 -1 -8.3094 569.1496 166.6354 697.6257 337.0977 1.6946 0.7353 1.7338 0.1499 1.6324 8.1137 -8.2935 6.3612
Car -1 -1 -7.6044 432.7728 161.4760 543.1835 247.4895 2.0193 1.8178 4.5419 -3.1445 1.7519 19.2825 -7.7647 4.7773
Car -1 -1 -4.5925 423.8567 178.5405 471.3065 214.2070 1.4904 1.6247 4.1615 -7.3969 1.7670 32.9878 -4.8118 -0.4476
Pedestrian -1 -1 -7.9867 585.1770 169.5525 599.7689 206.4799 1.8195 0.6569 0.5539 -0.9140 1.6565 35.8769 -8.0125 -0.6187
Pedestrian -1 -1 -7.3293 366.6905 178.8773 381.7162 210.2570 1.6927 0.5181 0.6636 -12.9261 2.0249 39.4458 -7.6444 -0.7919
Car -1 -1 -7.9179 644.1724 175.0294 678.7288 204.9016 1.5474 1.6403 3.7074 2.7344 1.6718 39.5039 -7.8498 -0.8387
Pedestrian -1 -1 -5.3341 1103.1742 222.2175 1229.6868 374.0000 1.2089 0.4210 0.3724 3.0424 1.4981 4.0435 -4.7241 -0.9251
Car -1 -1 -7.3155 347.9387 181.5492 428.6630 218.4969 1.4723 1.6160 3.9213 -9.7296 1.8810 31.8376 -7.6102 -1.1141
Pedestrian -1 -1 -8.2614 579.7822 176.6400 597.9697 212.7148 1.6114 0.6309 0.6175 -1.0022 1.7850 32.7297 -8.2924 -1.2121
Car -1 -1 -7.7441 665.6322 175.2251 703.5344 204.0860 1.4745 1.6397 3.9164 4.0693 1.6102 39.2937 -7.6422 -1.3678
Car -1 -1 -4.9207 665.9562 177.9521 699.6690 199.9953 1.4874 1.5903 4.0564 5.1478 1.8676 51.7618 -4.8226 -1.4965
Pedestrian -1 -1 -4.3728 541.3848 196.6314 561.0346 244.0576 1.0926 0.3608 0.3722 -1.4411 1.6624 17.0745 -4.4567 -1.8244
Pedestrian -1 -1 -8.0003 541.8692 168.1493 557.4027 202.8706 1.7853 0.7169 0.6474 -3.1788 1.5431 37.4977 -8.0847 -1.9110
