Cyclist -1 -1 -7.7625 973.9608 166.4088 1065.3210 332.5575 1.7418 0.8113 1.7711 4.8157 1.6740 8.5258 -7.2640 6.1280
Car -1 -1 -7.4656 1098.6340 166.9823 1241.0000 244.7084 1.8088 1.7267 3.7758 14.3956 1.6719 18.4899 -6.8123 3.5084
Car -1 -1 -4.6109 1154.8185 152.5452 1241.0000 289.9289 1.9309 1.7088 3.7985 10.4920 1.6451 12.0736 -3.9081 2.4517
Car -1 -1 -2.3630 564.3566 183.3147 636.6768 213.7162 1.5268 1.6556 3.9260 -0.5957 2.1281 39.5370 -2.3786 2.2537
Cyclist -1 -1 -2.6015 556.8272 173.2626 652.3015 250.2441 1.6138 0.7949 1.9864 -0.1832 1.6231 15.9787 -2.6139 1.9129
Car -1 -1 -5.2123 523.3331 181.3038 565.9890 202.0018 1.5403 1.6301 4.0801 -5.2794 2.2397 57.5983 -5.3038 1.5349
Car -1 -1 -6.6020 532.7875 183.0506 640.4310 224.8962 1.4511 1.6173 3.7215 -0.9329 1.8537 27.1077 -6.6368 1.0929
Pedestrian -1 -1 -7.8314 300.5226 155.8730 321.7998 215.5032 1.9418 0.6363 0.6330 -9.9428 1.3886 23.9063 -8.2220 0.5776
Pedestrian -1 -1 -6.2433 845.3116 179.4024 876.2144 237.6409 1.5522 0.5749 0.7802 6.8098 1.7347 19.7305 -5.9163 0.5568
Pedestrian -1 -1 -8.4975 952.7869 181.6615 976.4769 215.1993 1.5669 0.6260 0.8536 16.8804 1.9929 34.4407 -8.0457 0.1559
Cyclist -1 -1 -4.0512 476.0241 178.7068 534.3946 252.0864 1.5593 0.5077 1.4632 -2.3866 1.6967 16.2152 -4.1959 0.0187
Pedestrian -1 -1 -4.9534 759.9389 167.0513 787.0853 230.8281 1.8811 0.6803 0.5358 4.8315 1.7097 21.5580 -4.7366 -0.2573
Pedestrian -1 -1 -7.9370 301.4376 180.5880 326.8733 236.2026 1.6655 0.6688 0.7081 -9.1562 1.9082 22.2054 -8.3243 -0.2892
Car -1 -1 -4.8913 893.2068 185.0416 946.2867 218.7552 1.4273 1.6032 3.9745 14.5584 2.0402 34.1903 -4.4924 -0.5823
Pedestrian -1 -1 -4.2457 793.4849 169.6579 823.4051 237.1925 1.7965 0.5552 0.6467 5.3470 1.7112 19.6196 -3.9842 -0.7830
Pedestrian -1 -1 -7.8974 471.7744 162.5995 491.6934 215.8506 1.9790 0.7119 0.6346 -4.8845 1.5976 27.2027 -8.0739 -0.8728
Pedestrian -1 -1 -8.3152 364.1501 179.0853 393.6368 234.5937 1.6184 0.6674 0.5431 -6.9540 1.8080 21.5605 -8.6241 -1.1193
Pedestrian -1 -1 -4.5930 871.3398 187.7013 891.5645 238.2986 1.3314 0.4498 0.5987 7.3152 1.7414 19.5716 -4.2410 -1.3909
Pedestrian -1 -1 -3.0607 806.5032 170.3677 821.9476 225.4448 1.8196 0.5210 0.4599 6.7930 1.7372 24.1613 -2.7905 -1.9573
Car -1 -1 -7.8425 1055.0015 184.1930 1105.9651 224.1606 1.4847 1.6878 4.2345 19.7109 1.9957 30.3016 -7.2707 -2.0846
