Cyclist -1 -1 -7.7813 926.8248 174.6730 997.9485 313.5064 1.7451 0.7899 1.8049 4.8940 1.7727 10.0756 -7.3417 6.8559
Car -1 -1 -7.7362 1058.5890 170.5305 1140.0236 234.9637 1.8473 1.6996 3.9106 15.4150 1.7804 22.7247 -7.1467 2.9465
Car -1 -1 -4.4916 996.8715 185.7290 1054.7947 220.1355 1.5280 1.6542 4.0134 20.5195 2.1995 35.6103 -3.9731 2.1656
Car -1 -1 -5.3331 315.7406 187.2814 370.4858 210.5926 1.5005 1.6121 3.9124 -18.6883 2.5432 50.3954 -5.6868 1.6735
Car -1 -1 -4.5625 786.9141 169.6758 819.4619 192.9957 1.4404 1.5188 3.5676 12.4476 1.2437 46.5043 -4.3029 1.2966
Cyclist -1 -1 -5.6274 305.8899 177.4936 435.0643 286.7219 1.6104 0.7399 1.8659 -3.8200 1.6873 11.3518 -5.9458 0.9240
Car -1 -1 -5.3018 384.8307 185.3598 447.7480 213.1420 1.6089 1.7582 4.2959 -12.3440 2.4371 45.7294 -5.5644 0.0549
Pedestrian -1 -1 -3.4675 629.8853 171.8339 665.0803 252.5313 1.7778 0.5240 0.6560 0.7874 1.7551 16.2383 -3.4210 -0.2842
Cyclist -1 -1 -6.7170 675.4689 181.2745 752.6024 255.3446 1.6510 0.4708 1.7279 2.3530 1.8508 16.6691 -6.5803 -0.5222
Pedestrian -1 -1 -3.5294 1050.2098 167.0126 1096.6060 232.9123 1.9508 0.5801 1.0316 13.8982 1.7776 21.7347 -2.9673 -0.5849
Car -1 -1 -4.6261 480.9233 182.6752 528.6149 224.3693 1.5825 1.6372 4.2258 -4.4290 2.0275 30.5587 -4.7694 -0.7628
Pedestrian -1 -1 -7.6829 680.6753 170.9814 706.8828 240.6020 1.8311 0.6099 0.5842 2.1991 1.7815 19.3423 -7.5723 -0.8458
Car -1 -1 -7.8564 882.2914 185.1441 930.8346 225.6833 1.4816 1.7493 4.3466 12.3090 2.0345 30.1333 -7.4726 -0.9920
Cyclist -1 -1 -4.9062 301.4472 182.6647 332.4855 242.8706 1.6650 0.5138 1.7607 -8.6384 1.9637 21.1175 -5.2905 -1.0897
Cyclist -1 -1 -5.7726 778.3041 186.1273 814.0759 221.5110 1.5769 0.5810 1.5127 8.5784 2.2051 33.4354 -5.5243 -1.1094
Pedestrian -1 -1 -4.7126 808.2768 185.5716 822.6603 220.7880 1.5651 0.6220 0.6862 9.2899 2.1499 32.7803 -4.4395 -1.1860
Car -1 -1 -7.8433 424.7264 187.9295 461.7395 223.2092 1.5105 1.6448 4.0358 -8.0744 2.2837 34.8745 -8.0697 -1.3889
Car -1 -1 -8.6770 908.5572 184.7891 1021.1009 224.8836 1.5077 1.7102 4.2720 14.9742 2.0550 30.8035 -8.2289 -1.7191
