Cyclist -1 -1 -7.7449 974.2217 168.0065 1053.6722 328.6206 1.7844 0.7007 1.7704 4.9798 1.7302 8.9441 -7.2519 6.5070
Car -1 -1 -7.5436 1103.3982 169.9327 1231.1213 242.9493 1.7856 1.6711 3.7812 14.9791 1.7139 19.4141 -6.8943 3.9495
Car -1 -1 -5.5885 524.4178 185.6500 606.8762 217.8925 1.5328 1.6866 4.1936 -2.3909 2.2358 37.7414 -5.6520 2.7500
Cyclist -1 -1 -2.6378 496.3516 173.7708 603.0388 260.1554 1.6645 0.8662 1.9986 -1.2842 1.6839 14.7207 -2.7243 2.5026
Car -1 -1 -4.5492 1117.8877 152.7024 1241.0000 296.8624 1.9534 1.6161 3.3318 9.4513 1.6801 11.4921 -3.8742 1.3861
Pedestrian -1 -1 -4.7790 717.0569 170.3884 741.3410 236.5629 1.8458 0.6151 0.9874 3.3523 1.7767 20.6451 -4.6211 0.6807
Cyclist -1 -1 -4.0614 414.7386 186.6824 476.6205 262.5823 1.4564 0.5038 1.3873 -3.4122 1.7548 14.8491 -4.2842 0.1588
Pedestrian -1 -1 -8.9133 906.8275 182.7918 928.1963 217.3134 1.6059 0.5283 0.7755 14.5763 2.0845 34.3032 -8.5152 -0.2955
Pedestrian -1 -1 -3.1564 351.3227 160.7757 367.8904 223.3670 1.9733 0.5243 0.4934 -8.0587 1.5922 23.0783 -3.4892 -0.3773
Pedestrian -1 -1 -8.2064 212.6642 182.2563 246.7014 241.6291 1.6142 0.6515 0.6788 -10.7150 1.8837 20.2346 -8.6883 -0.4832
Pedestrian -1 -1 -4.7978 745.7161 201.2104 768.1497 267.4866 1.1853 0.3620 0.5028 2.6712 1.7223 13.4032 -4.6065 -0.5527
Car -1 -1 -3.7305 477.5185 185.3282 529.8078 206.9014 1.5306 1.6370 3.6623 -8.1337 2.5155 55.1501 -3.8767 -0.5776
Car -1 -1 -4.8200 854.6484 186.8942 902.4097 222.2311 1.4567 1.6344 4.0281 12.3934 2.1521 33.6044 -4.4702 -0.8494
Car -1 -1 -4.5949 284.5906 175.8343 325.9911 206.3458 1.4927 1.5528 3.7973 -15.9167 1.6566 37.7359 -4.9918 -0.9660
Car -1 -1 -5.4581 635.9607 165.4264 690.3138 191.1705 1.6820 1.6065 3.6887 3.5473 1.1964 49.0850 -5.3867 -0.9866
Pedestrian -1 -1 -4.8763 946.0210 195.6462 965.5104 239.9680 1.1901 0.4183 0.4218 9.4833 1.8267 19.9014 -4.4381 -1.2234
Cyclist -1 -1 -5.0429 468.2157 180.4388 495.7247 228.6134 1.6139 0.4468 1.6111 -4.5370 1.8875 25.2415 -5.2195 -1.3024
Pedestrian -1 -1 -3.5467 762.9338 175.5790 784.9095 229.9683 1.7369 0.5132 0.5334 5.2592 1.8260 23.3737 -3.3289 -1.5561
Pedestrian -1 -1 -7.1842 819.6340 177.9944 854.7890 242.5734 1.6386 0.5551 0.7094 5.8708 1.7754 18.8064 -6.8869 -1.6139
Car -1 -1 -7.6416 903.1177 166.6249 950.2706 203.4685 1.9020 1.6182 3.6850 17.2079 1.5801 39.2163 -7.2313 -1.6782
Pedestrian -1 -1 -5.1543 1081.6433 214.5646 1121.4840 291.8558 1.1233 0.3423 0.4384 7.4227 1.7720 10.9866 -4.5734 -1.8227
Pedestrian -1 -1 -4.4461 412.2958 174.8471 436.7767 230.9436 1.8107 0.5809 0.8357 -6.1433 1.8771 23.7422 -4.6972 -1.8536
Pedestrian -1 -1 -5.6994 619.0851 179.4621 631.4491 205.2588 1.8781 0.7609 0.5915 1.0985 2.3700 53.2593 -5.6794 -1.9442
Car -1 -1 -4.6295 915.1844 170.6879 950.6413 197.7687 1.4956 1.5875 3.7165 18.7275 1.3757 41.8592 -4.2117 -2.0825
Pedestrian -1 -1 -7.5894 410.6711 162.5847 435.1846 217.3400 1.9211 0.6876 0.6901 -6.6946 1.5605 25.6641 -7.8425 -2.1029
