Cyclist -1 -1 -7.8169 689.5074 167.0342 775.1233 343.2114 1.6818 0.8151 1.7414 1.2847 1.6260 7.8205 -7.6617 6.7641
Cyclist -1 -1 -5.4274 944.0346 174.6811 970.4361 202.5952 1.5728 0.5643 1.4328 19.9339 1.6796 41.5215 -4.9830 1.2984
Car -1 -1 -5.2698 612.8447 179.2763 663.2062 203.4612 1.5410 1.5932 3.9146 1.8327 1.9971 49.1813 -5.2333 1.0505
Pedestrian -1 -1 -8.1642 440.4781 163.5649 458.0604 204.9348 1.8992 0.6274 0.6577 -7.5204 1.4724 33.5658 -8.3833 0.6637
Pedestrian -1 -1 -8.0038 441.0079 180.2578 457.7571 219.2488 1.6848 0.6309 0.6380 -7.1114 2.0144 31.7447 -8.2229 0.6350
Car -1 -1 -7.7483 605.5312 178.7462 642.8898 208.7763 1.4254 1.5421 3.5921 0.7300 1.7415 36.8645 -7.7292 0.4630
Car -1 -1 -7.2700 33.8904 186.7151 140.7793 228.9640 1.5297 1.6434 3.8848 -21.1865 2.1318 29.3884 -7.8905 -0.7824
Pedestrian -1 -1 -8.9077 1132.2023 166.6356 1168.7804 227.5334 1.7340 0.5820 0.6491 15.6465 1.5566 20.9595 -8.2736 -0.9340
Pedestrian -1 -1 -4.8384 556.8670 171.9750 572.6086 209.6899 1.7766 0.6704 0.6554 -2.2003 1.7349 34.3744 -4.9023 -0.9553
Car -1 -1 -4.5241 656.8565 175.0801 684.2341 194.8056 1.5632 1.5730 3.8280 5.0146 1.7534 59.6979 -4.4411 -1.3808
Pedestrian -1 -1 -5.6264 745.5329 156.3887 758.4475 191.3682 1.9080 0.5595 0.4498 7.7770 1.0096 39.7113 -5.4347 -1.5489
Pedestrian -1 -1 -7.9102 742.1695 172.0096 758.0388 211.0093 1.6750 0.6310 0.8028 6.0549 1.6384 31.4289 -7.7222 -1.6380
Cyclist -1 -1 -4.4467 595.4380 171.0800 614.7177 205.0246 1.9385 0.6742 1.8248 -0.3135 1.8369 42.1739 -4.4547 -1.6398
Pedestrian -1 -1 -7.7465 508.0423 153.7924 521.9709 189.8448 1.9616 0.6878 0.6994 -5.2503 0.9242 39.6174 -7.8777 -1.8962
Car -1 -1 -7.8206 947.3819 164.9285 969.0502 183.9005 1.6402 1.6229 3.9585 31.1302 0.9547 64.5090 -7.3730 -1.9063
Cyclist -1 -1 -7.7809 919.7377 172.0097 948.4722 243.3914 1.6500 0.5285 1.7358 7.8531 1.6301 17.5688 -7.3675 -1.9407
Cyclist -1 -1 -8.0085 934.9177 173.5713 964.0645 233.2775 1.6004 0.4628 1.7391 9.4654 1.6211 20.2617 -7.5776 -2.0657
