Car -1 -1 -7.6119 782.8152 188.2123 893.5293 262.8657 1.4892 1.7040 3.6769 5.4856 1.8986 17.2358 -7.3097 8.3223
Car -1 -1 -4.5898 455.6947 180.2236 518.8106 232.2662 1.5728 1.6189 4.0195 -4.1134 1.8429 24.4271 -4.7555 6.8685
Car -1 -1 -8.0806 671.0262 181.8308 731.6974 225.0893 1.5597 1.5908 3.6668 3.5181 1.9403 28.7139 -7.9606 6.4094
Car -1 -1 -8.1148 715.7161 187.7135 799.7496 243.5713 1.4502 1.5557 3.5769 4.2622 1.9315 21.5482 -7.9231 5.2163
Car -1 -1 -8.0989 644.0978 182.4156 699.6697 219.0743 1.5601 1.6445 4.0972 2.8008 2.0387 33.9860 -8.0180 4.4286
Cyclist -1 -1 -8.0265 732.3931 179.1389 791.0906 281.6824 1.7274 0.7379 1.7408 2.6737 1.8492 13.1408 -7.8314 4.2798
Car -1 -1 -7.9490 579.0228 172.6404 622.9339 214.4701 2.0075 1.8360 4.1855 -0.5601 1.9970 36.8101 -7.9647 4.0947
Car -1 -1 -7.9994 631.5786 183.4553 670.7596 212.3984 1.4411 1.5953 3.6979 2.1528 2.0454 39.2413 -7.9456 3.8212
Car -1 -1 -4.6622 475.2156 172.5149 523.4362 222.0496 1.8757 1.7317 4.3992 -4.5078 1.8625 29.5965 -4.8126 2.8900
Car -1 -1 -5.5578 0.0000 189.7241 130.1647 359.9381 1.4499 1.6271 4.3132 -7.6352 1.6422 7.2868 -6.3482 1.4214
Pedestrian -1 -1 -4.9390 744.2697 177.5828 763.8967 219.1845 1.7751 0.6894 0.7076 6.1897 1.9819 31.2357 -4.7458 0.7321
Car -1 -1 -3.4101 611.8172 172.4832 673.1592 196.5048 1.7022 1.7056 4.1471 2.3146 1.6756 52.4229 -3.3666 0.5902
Pedestrian -1 -1 -7.0104 658.2679 172.2431 672.2263 197.6094 1.8148 0.6466 0.7701 3.9595 1.7708 52.1114 -6.9354 -0.3272
Car -1 -1 -7.7950 463.1295 172.6048 487.1523 194.2534 1.6819 1.6657 4.0961 -10.8674 1.6622 58.1916 -7.9791 -1.1434
Car -1 -1 -4.9890 608.5981 180.6439 651.7410 207.6187 1.5288 1.6162 3.9461 1.1500 2.0288 44.2255 -4.9637 -1.1477
Cyclist -1 -1 -7.7853 579.6395 177.0722 588.0087 211.4481 1.7848 0.3367 1.6501 -1.4305 2.0144 38.4963 -7.8228 -1.2473
Car -1 -1 -5.9978 0.0000 180.7343 198.4173 250.1466 1.4707 1.5685 3.5558 -11.8689 1.6691 16.8878 -6.6032 -1.4469
Pedestrian -1 -1 -4.2181 81.2363 175.5741 130.8372 251.9967 1.5407 0.6399 0.5797 -10.4435 1.5977 14.8922 -4.8215 -1.5025
Pedestrian -1 -1 -4.8607 470.0284 173.6171 482.9713 205.3260 1.9453 0.6769 0.8119 -8.3232 1.9929 44.7835 -5.0438 -1.6083
Pedestrian -1 -1 -6.0575 266.8331 170.8812 279.3525 223.8468 1.7956 0.4822 0.2875 -11.5902 1.7284 24.7263 -6.4920 -1.9801
