Car -1 -1 -7.5477 833.2479 184.7496 936.3611 246.9026 1.4992 1.6971 3.5777 7.6591 1.8617 20.0752 -7.1889 7.8335
Car -1 -1 -8.0500 744.5119 179.1495 798.4902 219.0000 1.6140 1.6005 3.7005 6.9775 1.9063 31.6762 -7.8358 7.4113
Cyclist -1 -1 -7.8291 788.8818 175.4263 840.0102 281.3829 1.7219 0.8105 1.7606 3.5617 1.7704 12.7318 -7.5635 6.9745
Car -1 -1 -4.5959 552.7024 177.1361 608.5731 221.3870 1.5786 1.7201 4.1060 -1.1183 1.7586 28.2621 -4.6357 6.2707
Car -1 -1 -8.1265 780.7537 185.7459 856.5223 233.5664 1.4368 1.5288 3.5732 6.9227 1.9049 24.4289 -7.8543 4.4521
Car -1 -1 -7.9920 663.9924 170.5730 712.0380 212.8296 1.9483 1.7709 4.1200 3.7148 1.8428 35.3564 -7.8888 3.9752
Car -1 -1 -8.0646 720.0609 182.3655 769.9340 213.2901 1.4398 1.6455 4.2464 6.8223 1.9564 37.0625 -7.8845 3.5502
Car -1 -1 -8.0495 707.1710 180.3993 746.8630 207.8885 1.4988 1.5824 3.7569 6.7721 1.9607 42.2944 -7.8924 3.2914
Car -1 -1 -5.6628 0.0000 179.4820 246.6403 278.7724 1.4704 1.6599 4.2849 -8.4713 1.5846 11.6299 -6.2816 2.8520
Pedestrian -1 -1 -7.9847 812.1436 179.2101 828.0912 215.6056 1.7108 0.6578 0.5729 9.9622 2.0161 34.3641 -7.7054 0.5320
Car -1 -1 -2.6779 4.7018 181.2466 226.9042 246.6344 1.3527 1.5450 3.8323 -10.9862 1.5524 16.1899 -3.2667 0.5183
Pedestrian -1 -1 -5.9513 236.2353 170.3049 278.3956 228.9691 1.5599 0.5738 0.8858 -9.5836 1.4919 19.5240 -6.4026 0.0931
Car -1 -1 -4.8522 548.3845 174.6122 574.8528 194.7986 1.5760 1.6075 3.9811 -4.0026 1.7242 58.8136 -4.9202 -0.8425
Car -1 -1 -4.7884 570.0811 172.7172 611.4038 213.5778 1.7910 1.6209 3.8996 -0.9928 1.7847 33.6503 -4.8182 -1.1569
Car -1 -1 -8.0111 684.4955 180.2689 721.8477 208.2426 1.5298 1.5935 3.7556 5.3871 1.9845 42.3711 -7.8860 -1.6016
Car -1 -1 -5.5030 926.3180 191.9536 1068.7758 245.9429 1.3952 1.6591 3.7426 11.6824 2.0344 22.1217 -5.0233 -1.6240
Pedestrian -1 -1 -4.8039 288.2650 171.1565 312.1595 229.3419 1.5393 0.5456 0.5444 -8.4058 1.4940 19.4568 -5.2071 -1.7113
Pedestrian -1 -1 -8.3673 661.4782 175.3194 678.6132 209.7723 1.7474 0.6933 0.5546 3.0424 1.8751 37.0492 -8.2866 -1.7944
Car -1 -1 -4.4689 546.4991 172.3774 576.0924 191.8597 1.6315 1.6248 4.0869 -4.2096 1.5913 62.5769 -4.5361 -2.1142
Pedestrian -1 -1 -6.2271 556.6375 171.8965 570.2767 199.6836 1.8983 0.5464 0.9066 -3.2268 1.8326 49.5708 -6.2922 -2.1171
