Cyclist -1 -1 -7.7186 828.0707 175.2475 888.1570 285.8678 1.7263 0.7536 1.7505 4.1845 1.7698 12.2529 -7.3980 6.1320
Car -1 -1 -8.0350 891.5734 182.1030 942.8987 217.2807 1.5523 1.6091 3.7653 14.7519 2.0253 34.9083 -7.6388 6.1229
Car -1 -1 -8.0736 919.7294 185.8051 986.5502 227.8693 1.4456 1.5799 3.4682 13.0923 1.9778 27.8063 -7.6382 5.2632
Car -1 -1 -4.5914 716.6256 181.0827 764.0947 218.4857 1.5649 1.6866 4.1008 6.0430 1.9703 33.3673 -4.4144 4.0394
Car -1 -1 -7.8852 831.9518 173.3487 878.5541 222.0341 1.9698 1.7655 4.2305 10.5968 1.9927 31.5187 -7.5643 3.9305
Car -1 -1 -4.7372 733.6607 177.1960 769.5356 212.8607 1.7563 1.7431 4.4232 7.4438 2.0012 38.4228 -4.5479 2.1699
Car -1 -1 -2.2160 0.0000 171.8914 34.7053 208.9334 1.4355 1.6145 4.0536 -25.7483 1.3979 29.1687 -2.9347 2.1181
Pedestrian -1 -1 -5.7711 487.5653 177.8939 514.0433 220.2502 1.5407 0.5721 0.7921 -4.0919 1.7301 26.7510 -5.9220 1.0082
Pedestrian -1 -1 -4.5531 86.1435 137.2624 165.9115 301.9436 1.9474 0.6708 1.0590 -6.1613 1.5262 9.1525 -5.1325 0.9049
Car -1 -1 -7.9102 883.5925 184.3108 921.6403 214.1932 1.4922 1.7003 4.1292 16.1117 2.1619 39.9664 -7.5301 0.8890
Pedestrian -1 -1 -6.9919 205.8485 153.3330 316.7514 347.5851 1.7786 0.5414 0.8280 -3.4662 1.5996 7.0950 -7.4325 0.4789
Car -1 -1 -4.7617 492.6210 169.3577 526.4207 199.3437 1.5039 1.5733 4.0071 -5.4154 1.3282 38.3030 -4.9016 0.1791
Pedestrian -1 -1 -4.2262 719.6308 172.4800 730.7786 197.1229 1.8850 0.5028 0.8696 8.8654 1.8561 55.6917 -4.0696 -0.2792
Pedestrian -1 -1 -6.3856 177.3075 149.4986 250.8131 321.4155 1.8096 0.5728 0.6649 -4.4600 1.5635 8.0186 -6.8797 -0.6774
Pedestrian -1 -1 -7.0953 134.3321 175.1271 309.5442 374.0000 1.5752 0.7516 0.4848 -2.2469 1.5889 4.0956 -7.5716 -0.6778
Pedestrian -1 -1 -6.0184 935.2836 171.3834 1028.5674 327.0903 1.7428 0.4754 0.8940 4.3424 1.7260 8.5493 -5.5635 -0.8302
Pedestrian -1 -1 -2.5542 711.4222 170.8336 723.3249 197.0442 1.8966 0.6845 0.5771 7.8067 1.7501 52.6582 -2.4082 -0.8607
Pedestrian -1 -1 -6.2248 314.2248 168.5406 364.5542 310.4932 1.6698 0.5557 0.5434 -3.3573 1.6187 8.8323 -6.5790 -0.9374
Pedestrian -1 -1 -4.6501 512.5299 189.5096 526.1115 227.4359 1.2118 0.4134 0.4293 -2.9967 1.7588 23.4814 -4.7764 -1.1208
Pedestrian -1 -1 -4.7136 467.3117 193.6196 480.3069 227.6655 1.0985 0.4176 0.3810 -4.5366 1.7891 23.7818 -4.9006 -1.1424
Car -1 -1 -7.3325 490.0322 159.7307 561.2373 196.9054 1.7096 1.7013 3.9907 -4.1002 1.1058 35.3512 -7.4475 -1.5371
Car -1 -1 -5.2462 511.4220 178.7389 608.0255 221.1382 1.4927 1.7462 4.4656 -2.1117 1.7429 28.3817 -5.3204 -1.7074
Car -1 -1 -8.1777 1035.6561 124.7327 1241.0000 374.0000 1.8021 1.6933 4.1485 4.2867 1.6175 5.0022 -7.4988 -1.7930
Pedestrian -1 -1 -4.8938 949.0101 194.2162 966.7379 234.1493 1.2450 0.4473 0.3672 11.0290 1.9320 22.9815 -4.4521 -2.0157
Car -1 -1 -4.6878 715.9399 177.5426 733.6480 194.2566 1.4894 1.5480 3.7218 10.7187 1.9397 67.3739 -4.5311 -2.1867
